9 0.21328125 0.13125 0.1390625 0.18125
22 0.42109375 0.09765625 0.1453125 0.1890625
22 0.53828125 0.08984375 0.125 0.1765625
21 0.66015625 0.0796875 0.1296875 0.159375
19 0.790625 0.071875 0.140625 0.14375
10 0.0890625 0.14765625 0.1453125 0.1765625
8 0.31875 0.11875 0.11875 0.1734375
13 0.5640625 0.275 0.1171875 0.1515625
13 0.65546875 0.265625 0.1046875 0.1453125
13 0.75078125 0.24921875 0.11875 0.1515625
14 0.4609375 0.28984375 0.11875 0.1546875
14 0.3546875 0.30234375 0.121875 0.15625
14 0.2515625 0.31953125 0.1171875 0.1484375
3 0.16796875 0.34296875 0.096875 0.11875
3 0.096875 0.3546875 0.0875 0.1125
2 0.0296875 0.37109375 0.059375 0.1046875
0 0.275 0.4671875 0.09375 0.096875
1 0.378125 0.45703125 0.1328125 0.0921875
28 0.47578125 0.4359375 0.08125 0.09375
29 0.571875 0.42734375 0.128125 0.09375
4 0.6703125 0.41015625 0.084375 0.1
5 0.7796875 0.40625 0.1359375 0.0953125
15 0.28671875 0.58671875 0.10625 0.1046875
23 0.378125 0.5734375 0.10625 0.1109375
24 0.3046875 0.69375 0.0890625 0.0953125
24 0.378125 0.68203125 0.0734375 0.09375
24 0.44609375 0.67890625 0.0859375 0.0859375
26 0.51171875 0.67578125 0.059375 0.0796875
30 0.57265625 0.6546875 0.08125 0.0890625
12 0.64609375 0.64609375 0.075 0.0875
16 0.71875 0.64296875 0.08125 0.0828125
6 0.79765625 0.63125 0.084375 0.090625
27 0.15625 0.909375 0.1234375 0.0796875
27 0.16953125 0.96640625 0.1140625 0.0671875
25 0.27734375 0.95234375 0.1171875 0.0765625
25 0.26796875 0.89296875 0.11875 0.0765625
25 0.365625 0.8203125 0.121875 0.0796875
25 0.37890625 0.878125 0.1171875 0.0734375
25 0.38671875 0.93515625 0.1140625 0.0703125
25 0.49375 0.91875 0.1140625 0.071875
25 0.4859375 0.86171875 0.1171875 0.075
25 0.47734375 0.8015625 0.1203125 0.08125
31 0.5921875 0.79609375 0.1203125 0.0796875
31 0.59765625 0.8546875 0.1171875 0.0703125
31 0.603125 0.91015625 0.1140625 0.071875
17 0.703125 0.775 0.1171875 0.0796875
17 0.709375 0.834375 0.1140625 0.06875
17 0.7109375 0.8890625 0.1125 0.0703125
7 0.81953125 0.87421875 0.1171875 0.071875
7 0.81796875 0.8171875 0.11875 0.0703125
7 0.815625 0.75625 0.1203125 0.08125
36 0.45859375 0.56171875 0.0640625 0.0953125
34 0.51484375 0.5546875 0.0640625 0.0953125
33 0.5640625 0.54765625 0.0484375 0.0953125
35 0.60625 0.54375 0.05 0.0953125
37 0.64609375 0.5359375 0.0484375 0.09375
39 0.6875 0.53203125 0.0484375 0.090625
18 0.725 0.51953125 0.0453125 0.0796875
41 0.7904486546875 0.5604745359375001 0.78335249375 0.47056657656249995 0.746329725 0.47680870468750003 0.753923934375 0.5666466671875 0.7904486546875 0.5604745359375001
42 0.8299758796875001 0.5559582640625 0.826882340625 0.4649683140625 0.7891190859375 0.4707950515625 0.79262894375 0.5612070328125001 0.8299758796875001 0.5559582640625