20 0 0.37543599843750003 0.1905872453125 0.3130183484375 0.0747669078125 0.158327834375 0 0.182382821875 0 0.37543599843750003
19 0.09270693906250001 0.1654312203125 0.1840157421875 0.3154836765625 0.3581600375 0.261621146875 0.2858044234375 0.10405650468750001 0.09270693906250001 0.1654312203125
19 0.45649781562499997 0.0681129203125 0.2928196265625 0.1105762328125 0.3542099203125 0.263126921875 0.5270659656250001 0.214240890625 0.45649781562499997 0.0681129203125
14 0.456303715625 0.06733442656250001 0.5160026281250001 0.2203068234375 0.6901618578125001 0.169442115625 0.635148965625 0.013647603125 0.456303715625 0.06733442656250001
14 0.7229821734375 0 0.6359807953125001 0.0241896671875 0.6916592171875 0.16824189218750002 0.8719781031249999 0.1180138421875 0.8449017781249999 0 0.7229821734375 0
11 0.79375 0.2296875 0.209375 0.16875
3 0.65390625 0.28125 0.140625 0.1265625
3 0.54609375 0.31015625 0.15 0.128125
2 0.4359375 0.34296875 0.1546875 0.1328125
0 0.41464528125 0.44249130625 0.453575628125 0.512165546875 0.5641933546875 0.4774380390625 0.5266108078125 0.4087869859375 0.41464528125 0.44249130625
1 0.5364045749999999 0.4116747515625 0.5640599374999999 0.475313825 0.748586884375 0.42289288125 0.7229551890625 0.356119596875 0.5364045749999999 0.4116747515625
28 0.72050895625 0.3410552203125 0.750893575 0.420893828125 0.8807838453124999 0.385864753125 0.8568235328125 0.30465674531250003 0.72050895625 0.3410552203125
15 0.4464449265625 0.5341785781249999 0.47967989062500005 0.6096893546875 0.6271637828125 0.5661593875 0.5832851390625 0.49463476249999994 0.4464449265625 0.5341785781249999
23 0.690625 0.50625 0.171875 0.11875
36 0.803125 0.47421875 0.10625 0.103125
34 0.89140625 0.45078125 0.109375 0.103125
33 0.9609375 0.43046875 0.078125 0.0984375
24 0.57734375 0.6453125 0.1375 0.1015625
24 0.68515625 0.61796875 0.134375 0.103125
24 0.78984375 0.58359375 0.1296875 0.103125
26 0.8828125 0.565625 0.096875 0.08125
30 0.95390625 0.5328125 0.0921875 0.096875
27 0.39609375 0.88515625 0.1859375 0.0953125
25 0.51875 0.79140625 0.19375 0.10625
25 0.55859375 0.8453125 0.1875 0.1
25 0.7015625 0.746875 0.1921875 0.1
25 0.7234375 0.7984375 0.18125 0.09375
25 0.871875 0.6984375 0.1890625 0.0984375
25 0.88203125 0.75234375 0.190625 0.1