11 0.1137667984375 0.33520260625 0.2048693296875 0.332478034375 0.1835237 0.20735791093749997 0.091349103125 0.20887056093749998 0.1137667984375 0.33520260625
10 0.199416965625 0.3297658578125 0.28512400000000004 0.3268506015625 0.26445478125 0.2083305359375 0.181831453125 0.21123863125 0.199416965625 0.3297658578125
9 0.31328125 0.26640625 0.096875 0.1265625
8 0.39609375 0.2625 0.0921875 0.1328125
20 0.475 0.259375 0.090625 0.13125
20 0.55703125 0.25390625 0.090625 0.1296875
19 0.6359375 0.253125 0.090625 0.125
19 0.71171875 0.2484375 0.0875 0.125
13 0.71796875 0.3765625 0.0890625 0.1140625
13 0.6421875 0.38046875 0.0828125 0.1125
13 0.56484375 0.3828125 0.0859375 0.1171875
14 0.4875 0.390625 0.0859375 0.1125
14 0.4109375 0.39921875 0.0859375 0.103125
14 0.334375 0.40078125 0.084375 0.10625
3 0.26796875 0.4125 0.0640625 0.084375
3 0.20859375 0.41484375 0.065625 0.08125
0 0.3234375 0.50546875 0.065625 0.078125
1 0.4 0.50859375 0.0953125 0.0625
28 0.475 0.49921875 0.0625 0.071875
29 0.55 0.5015625 0.09375 0.0625
6 0.628125 0.48984375 0.0703125 0.0765625
5 0.71015625 0.49140625 0.090625 0.0609375
23 0.40546875 0.59296875 0.0765625 0.0859375
15 0.3328125 0.5984375 0.0796875 0.084375
24 0.33828125 0.69765625 0.059375 0.05625
24 0.39453125 0.6859375 0.0640625 0.071875
24 0.4546875 0.68203125 0.065625 0.071875
26 0.50625 0.684375 0.0421875 0.0609375
18 0.55 0.68046875 0.0515625 0.059375
12 0.6078125 0.67421875 0.0671875 0.075
16 0.66796875 0.67109375 0.0609375 0.071875
6 0.6987229953125 0.703431965625 0.7528584828125 0.7015115796875 0.7586933765625 0.6293571234375 0.6950007109375 0.6324065625 0.6987229953125 0.703431965625
5 0.72890625 0.871875 0.0890625 0.0546875
17 0.64609375 0.878125 0.0890625 0.0546875
17 0.6453125 0.82890625 0.090625 0.053125
17 0.64921875 0.7734375 0.0890625 0.05625
31 0.55859375 0.884375 0.0890625 0.053125
31 0.515314059375 0.862208128125 0.603237053125 0.8576002796875001 0.6003559 0.8056971203125001 0.51274751875 0.8132356250000001 0.515314059375 0.862208128125
31 0.56484375 0.7796875 0.090625 0.059375
25 0.47265625 0.890625 0.09375 0.0546875
25 0.4703125 0.8390625 0.090625 0.0546875
25 0.38515625 0.89609375 0.0921875 0.0546875
25 0.38203125 0.8453125 0.096875 0.05625
25 0.29296875 0.84765625 0.09375 0.0578125
25 0.25529134375 0.933692675 0.34522320781250004 0.9261389734375 0.34129576093749997 0.8731896375 0.2517130046875 0.8805369015625001 0.25529134375 0.933692675
27 0.1643445375 0.940816715625 0.2555252796875 0.9339751390625001 0.2521385875 0.8843458796875 0.160865409375 0.8894240218749999 0.1643445375 0.940816715625
27 0.2046875 0.8546875 0.0953125 0.05625
36 0.4640625 0.59453125 0.05 0.0734375
18 0.50859375 0.5921875 0.05 0.0734375
33 0.54609375 0.5890625 0.0375 0.075
35 0.57734375 0.58828125 0.0375 0.075
37 0.6078125 0.58515625 0.0375 0.075
18 0.63984375 0.584375 0.0375 0.0734375
40 0.66953125 0.5828125 0.0375 0.0765625
44 0.70234375 0.5796875 0.0359375 0.0765625
18 0.73125 0.578125 0.0359375 0.0734375