13 0.75390625 0.34296875 0.0890625 0.0890625
13 0.66796875 0.33984375 0.090625 0.090625
14 0.5765625 0.3390625 0.09375 0.0875
14 0.48828125 0.33671875 0.090625 0.0890625
19 0.40234375 0.33515625 0.0890625 0.0890625
19 0.31875 0.33125 0.0859375 0.0859375
20 0.2328125 0.32734375 0.0875 0.090625
23 0.77890625 0.44921875 0.0796875 0.06875
15 0.7 0.44609375 0.078125 0.0703125
8 0.61875 0.4375 0.0875 0.0921875
9 0.5328125 0.43515625 0.0875 0.0921875
10 0.44765625 0.43359375 0.0875 0.0921875
11 0.365625 0.43125 0.090625 0.0890625
3 0.2890625 0.440625 0.0640625 0.0609375
2 0.21796875 0.43671875 0.071875 0.0625
28 0.49609375 0.521875 0.06875 0.059375
29 0.58046875 0.5296875 0.1015625 0.0484375
4 0.66484375 0.528125 0.0625 0.05625
5 0.746875 0.534375 0.1015625 0.05
18 0.40703125 0.51953125 0.10625 0.0578125
12 0.76484375 0.6125 0.0640625 0.0609375
6 0.74921875 0.6859375 0.06875 0.0609375
16 0.6828125 0.68671875 0.0703125 0.0609375
30 0.615625 0.68203125 0.065625 0.059375
26 0.56328125 0.684375 0.040625 0.05
24 0.51015625 0.678125 0.065625 0.0625
24 0.4421875 0.6765625 0.0671875 0.0609375
24 0.3734375 0.6765625 0.06875 0.059375
7 0.74453125 0.8078125 0.1078125 0.0484375
7 0.7421875 0.85546875 0.1 0.0484375
17 0.63984375 0.8046875 0.1 0.046875
17 0.64296875 0.85078125 0.1015625 0.0484375
31 0.54140625 0.8515625 0.096875 0.0453125
31 0.54140625 0.80625 0.103125 0.0453125
18 0.3296875 0.81171875 0.3140625 0.1140625
36 0.375 0.60078125 0.05 0.0609375
34 0.42265625 0.60234375 0.0484375 0.059375
33 0.465625 0.60234375 0.034375 0.0609375
35 0.5015625 0.60390625 0.0359375 0.0609375
37 0.53671875 0.6046875 0.034375 0.059375
39 0.57265625 0.60625 0.034375 0.0609375
38 0.60859375 0.60625 0.0359375 0.0609375
41 0.64296875 0.60703125 0.0359375 0.0609375
42 0.67734375 0.6078125 0.0390625 0.059375
40 0.7125 0.609375 0.0359375 0.0609375