9 0.7984375 0.225 0.1140625 0.15625
13 0.69375 0.22578125 0.1015625 0.14375
14 0.60390625 0.221875 0.09375 0.1453125
21 0.5125 0.22421875 0.096875 0.140625
5 0.75 0.54375 0.125 0.0828125
29 0.6359375 0.5328125 0.1109375 0.0765625
7 0.53671875 0.52109375 0.103125 0.075
15 0.76796875 0.64921875 0.0921875 0.1
23 0.684375 0.6375 0.084375 0.09375
24 0.61015625 0.63046875 0.0671875 0.0828125
31 0.52890625 0.6234375 0.1015625 0.075
27 0.509375 0.7890625 0.096875 0.0734375
25 0.62109375 0.74921875 0.1078125 0.0734375
25 0.6140625 0.809375 0.1109375 0.0828125
25 0.73984375 0.76875 0.115625 0.078125
25 0.73359375 0.83515625 0.1171875 0.0765625
35 0.68125 0.39140625 0.04375 0.09375
33 0.72421875 0.39375 0.0421875 0.09375
37 0.7791883421875 0.4437266078125 0.7906186734375 0.3510345359375 0.752356940625 0.347633609375 0.742339525 0.43991158593749996 0.7791883421875 0.4437266078125
32 0.8250656390625 0.4481729609375 0.837532346875 0.352457596875 0.7995667625 0.3509348421875 0.783249146875 0.4446297046875 0.8250656390625 0.4481729609375
42 0.6568062515624999 0.43640711874999993 0.66145504375 0.3463365546875 0.6288241140624999 0.34440977500000003 0.623197534375 0.4334378046875 0.6568062515624999 0.43640711874999993
41 0.6166743734375 0.43236252343750003 0.62296469375 0.34240676875 0.588744571875 0.34238063125 0.5846641015625 0.430124146875 0.6166743734375 0.43236252343750003
40 0.581467084375 0.4286622890625 0.58672128125 0.341729821875 0.55595678125 0.33931439375 0.546173690625 0.426194334375 0.581467084375 0.4286622890625
38 0.546087521875 0.427426609375 0.547929278125 0.3421129609375 0.5126368640625001 0.339379128125 0.5107940640625 0.4249586515625 0.546087521875 0.427426609375
39 0.5074678578125 0.4253451984375 0.5077111671875 0.3393006375 0.47558239843749994 0.3383350046875 0.4746798421875 0.4224332984375 0.5074678578125 0.4253451984375