11 0.87421875 0.11796875 0.1265625 0.1546875
10 0.78046875 0.13984375 0.10625 0.1421875
9 0.690625 0.146875 0.1359375 0.1578125
8 0.59453125 0.171875 0.115625 0.134375
20 0.5046875 0.17890625 0.10625 0.1421875
20 0.41484375 0.19140625 0.1046875 0.140625
19 0.2609375 0.21328125 0.1015625 0.1390625
19 0.1765625 0.22734375 0.1015625 0.1328125
13 0.21796875 0.36015625 0.1015625 0.121875
13 0.309375 0.346875 0.096875 0.121875
13 0.396875 0.33671875 0.103125 0.1234375
14 0.4859375 0.32421875 0.096875 0.11875
14 0.5703125 0.3125 0.103125 0.11875
14 0.66171875 0.29921875 0.1046875 0.11875
3 0.7453125 0.29609375 0.0828125 0.09375
3 0.8140625 0.2859375 0.0796875 0.0921875
2 0.88046875 0.27734375 0.078125 0.0921875
5 0.265625 0.47890625 0.109375 0.08125
29 0.45546875 0.4546875 0.1109375 0.0796875
28 0.5421875 0.434375 0.078125 0.090625
1 0.63046875 0.43046875 0.1109375 0.0828125
0 0.71796875 0.41171875 0.08125 0.0859375
15 0.71875 0.52109375 0.096875 0.1015625
23 0.63515625 0.53359375 0.090625 0.0984375
24 0.725 0.62421875 0.08125 0.084375
24 0.659375 0.6328125 0.0734375 0.0828125
24 0.59609375 0.64296875 0.0765625 0.0828125
26 0.5421875 0.65234375 0.05625 0.071875
30 0.4890625 0.65703125 0.075 0.08125
12 0.425 0.66640625 0.0734375 0.0765625
16 0.35625 0.6765625 0.0765625 0.08125
6 0.2921875 0.68359375 0.0734375 0.084375
27 0.925 0.81953125 0.109375 0.071875
27 0.92265625 0.7625 0.1140625 0.0734375
25 0.81796875 0.83046875 0.103125 0.071875
25 0.81171875 0.77265625 0.10625 0.0703125
25 0.7203125 0.846875 0.103125 0.06875
25 0.71484375 0.7890625 0.1078125 0.075
25 0.62265625 0.859375 0.1078125 0.0703125
25 0.61484375 0.80234375 0.10625 0.0734375
25 0.6046875 0.7421875 0.10625 0.0703125
25 0.7046875 0.72421875 0.1078125 0.075
31 0.5265625 0.87578125 0.1078125 0.0765625
31 0.51640625 0.81796875 0.1078125 0.075
17 0.42734375 0.89375 0.10625 0.075
17 0.415625 0.83359375 0.109375 0.0734375
7 0.328125 0.90390625 0.10625 0.0703125
7 0.315625 0.8484375 0.1109375 0.075
7 0.30859375 0.7859375 0.1125 0.0765625
36 0.56953125 0.54296875 0.0609375 0.0890625
33 0.51640625 0.55234375 0.059375 0.0875
35 0.43046875 0.5609375 0.0453125 0.0859375
37 0.39453125 0.565625 0.046875 0.0859375
39 0.35859375 0.56953125 0.0453125 0.0875
38 0.32265625 0.57734375 0.046875 0.0875
41 0.2859375 0.58125 0.0453125 0.0875
42 0.2484375 0.58671875 0.0453125 0.0875
33 0.49402160312500004 0.5974595140625001 0.487248071875 0.5148825234375 0.4521028625 0.517951809375 0.45954049843749994 0.600435465625 0.49402160312500004 0.5974595140625001