9 0.75234375 0.1625 0.15 0.1765625
13 0.5942688796875 0.1346911328125 0.615179884375 0.274751228125 0.7139550109374999 0.2491283359375 0.694502640625 0.1103182328125 0.5942688796875 0.1346911328125
14 0.5042666687499999 0.1571312046875 0.527019634375 0.2979684296875 0.6170149109375 0.274225140625 0.599069275 0.13411244218750001 0.5042666687499999 0.1571312046875
21 0.47265625 0.24140625 0.125 0.1515625
5 0.719027184375 0.4661896859375 0.728221396875 0.5352886078125 0.846546275 0.515772234375 0.8388431921875 0.44605137656249993 0.719027184375 0.4661896859375
29 0.6065196640625 0.4858965234375 0.6174971453125 0.5522329421875 0.7251857390625001 0.5345616234375 0.7138284234375 0.46516797656250003 0.6065196640625 0.4858965234375
7 0.511780909375 0.5037086234375 0.5234157109375001 0.5652453609375 0.6190666546875 0.551288646875 0.6077793796875001 0.4871907984375 0.511780909375 0.5037086234375
31 0.5268968546874999 0.6089516609375 0.53860714375 0.665833765625 0.6372952265625 0.6541370953125 0.6250761046875 0.59374441875 0.5268968546874999 0.6089516609375
24 0.6253359078125 0.584871621875 0.6351453 0.65891655 0.7020457234374999 0.6536327890625 0.6926445375 0.5722619140625 0.6253359078125 0.584871621875
23 0.693339615625 0.5651349125 0.70368866875 0.6487804671874999 0.7893266796875 0.635694265625 0.77777245 0.5542822046875 0.693339615625 0.5651349125
15 0.7795179578125 0.553847 0.78862789375 0.642437303125 0.8794878796875001 0.6330249765625 0.8668977124999999 0.5399416359375 0.7795179578125 0.553847
27 0.5506880859375001 0.781204021875 0.5623983781249999 0.8380861359375 0.6600005125 0.83441595625 0.6494447578125 0.7732700953125 0.5506880859375001 0.781204021875
25 0.6607883484375 0.77415045625 0.669589453125 0.8317579015625001 0.7749232734375 0.8214022999999999 0.764710509375 0.7621471484375 0.6607883484375 0.77415045625
25 0.64824526875 0.7114494578125 0.6584276906250001 0.769639659375 0.7639768953125 0.7570541453125 0.7530045999999999 0.6978466796875 0.64824526875 0.7114494578125
25 0.7828517921875 0.7655048828125001 0.7902005437499999 0.8197657953125 0.8984049593749999 0.8111203828125 0.8905914218750001 0.7539405140625 0.7828517921875 0.7655048828125001
25 0.7711125796875 0.6961133328125 0.7801313249999999 0.75459368125 0.8948753515625001 0.74492301875 0.88445289375 0.6822253890625001 0.7711125796875 0.6961133328125
41 0.456655928125 0.3635449796875 0.47857824375 0.4460923515625 0.51428113125 0.43869941875 0.49188659062499995 0.354258053125 0.456655928125 0.3635449796875
40 0.495042734375 0.35347113750000003 0.5153436375 0.4429609 0.554361634375 0.43272969687499996 0.5333114859375 0.3429238046875 0.495042734375 0.35347113750000003
43 0.5374939234375 0.34087514531249996 0.5543206953125 0.4352545515625 0.5909297078125 0.42642729062500007 0.5716982328125 0.332849978125 0.5374939234375 0.34087514531249996
44 0.5713654234375001 0.33426190624999996 0.5919707296875 0.42586186093749995 0.6307330078125 0.41787244218749997 0.609405478125 0.32561500625 0.5713654234375001 0.33426190624999996
45 0.611704465625 0.3258793640625 0.6310279125 0.4190552421875 0.6694041281249999 0.409840465625 0.64964621875 0.3168381921875 0.611704465625 0.3258793640625
35 0.6515179343749999 0.3176278515625 0.6690679703125 0.4104083515625 0.7095046109375 0.4010981375 0.6920877375 0.30793144375 0.6515179343749999 0.3176278515625
33 0.694401221875 0.3073253484375 0.709873234375 0.40006166875 0.7490907906250001 0.3931030640625 0.735837390625 0.297950528125 0.694401221875 0.3073253484375
37 0.7384136640625 0.296351815625 0.751608734375 0.3918873921875 0.7908299953125 0.38413032187499996 0.779749034375 0.2882772953125 0.7384136640625 0.296351815625
32 0.784651190625 0.2857798796875 0.7944697 0.3831137046875 0.8360743078124999 0.376434678125 0.82408676875 0.2769038625 0.784651190625 0.2857798796875