11 0.75859375 0.13984375 0.1140625 0.1359375
10 0.66484375 0.15234375 0.1078125 0.14375
9 0.57734375 0.17265625 0.1046875 0.134375
8 0.490625 0.18984375 0.103125 0.1359375
20 0.4109375 0.20703125 0.0953125 0.1234375
20 0.3265625 0.21640625 0.096875 0.13125
21 0.24453125 0.22578125 0.096875 0.134375
21 0.16171875 0.24296875 0.1 0.13125
13 0.17890625 0.37890625 0.096875 0.1265625
13 0.26171875 0.36640625 0.096875 0.1265625
13 0.34296875 0.35234375 0.0953125 0.125
14 0.42578125 0.33828125 0.1 0.1296875
14 0.509375 0.32578125 0.09375 0.121875
14 0.59296875 0.31171875 0.103125 0.125
3 0.66953125 0.3140625 0.0734375 0.090625
3 0.73125 0.3015625 0.071875 0.09375
2 0.7921875 0.29453125 0.071875 0.084375
5 0.228125 0.5125 0.10625 0.075
29 0.38671875 0.4859375 0.1078125 0.0734375
28 0.4734375 0.46953125 0.0734375 0.08125
1 0.553125 0.46015625 0.10625 0.0765625
0 0.634375 0.44375 0.0734375 0.08125
15 0.64921875 0.54140625 0.084375 0.096875
23 0.575 0.55390625 0.0875 0.09375
24 0.67578125 0.6390625 0.0734375 0.0875
24 0.61328125 0.65 0.071875 0.0828125
24 0.55234375 0.659375 0.0703125 0.0796875
26 0.503125 0.67265625 0.05 0.06875
30 0.4484375 0.67578125 0.0703125 0.0765625
12 0.38125 0.6890625 0.078125 0.08125
16 0.3203125 0.69765625 0.0671875 0.0796875
6 0.25625 0.70703125 0.075 0.084375
25 0.76875 0.8609375 0.1078125 0.0734375
25 0.75859375 0.8015625 0.1078125 0.075
25 0.65 0.81640625 0.1046875 0.0734375
25 0.665625 0.87421875 0.1046875 0.0734375
25 0.56796875 0.88828125 0.103125 0.0734375
25 0.553125 0.83046875 0.1046875 0.071875
25 0.54765625 0.7484375 0.096875 0.0703125
31 0.47109375 0.90078125 0.103125 0.071875
31 0.4578125 0.84609375 0.1015625 0.0703125
17 0.36796875 0.91796875 0.1 0.071875
17 0.359375 0.86171875 0.103125 0.0734375
7 0.2734375 0.93203125 0.1015625 0.0703125
7 0.26953125 0.86015625 0.0953125 0.0671875
36 0.509375 0.56328125 0.0546875 0.08125
34 0.46171875 0.57109375 0.05625 0.08125
33 0.439797640625 0.611614934375 0.4318118828125 0.535799075 0.3998786921875 0.53929435 0.40856292187500004 0.6160412125 0.439797640625 0.611614934375
35 0.3859375 0.58046875 0.0453125 0.0796875
37 0.35078125 0.5859375 0.0421875 0.0796875
39 0.31796875 0.590625 0.0421875 0.08125
38 0.284375 0.59609375 0.04375 0.08125
42 0.215625 0.60625 0.0421875 0.08125
41 0.24921875 0.60078125 0.04375 0.08125
18 0.30546875 0.49296875 0.06875 0.08125