11 0.7836515687500001 0.1868958984375 0.9103088390625 0.1777480078125 0.9287201250000001 0.0039698140625 0.7929260124999999 0.020953739062499997 0.7836515687500001 0.1868958984375
10 0.6947250546875 0.022001337500000002 0.6859355703125 0.1856373015625 0.7885495578125 0.1843182734375 0.801922259375 0.02481608125 0.6947250546875 0.022001337500000002
9 0.640625 0.10625 0.1140625 0.16875
8 0.53515625 0.115625 0.121875 0.1640625
22 0.43046875 0.121875 0.1078125 0.1578125
22 0.3234375 0.1328125 0.1140625 0.14375
21 0.209375 0.13046875 0.115625 0.1640625
21 0.1 0.13359375 0.1140625 0.1671875
13 0.0669130703125 0.234736109375 0.0885343015625 0.380632965625 0.19124610625 0.3735806453125 0.1745138625 0.228246046875 0.0669130703125 0.234736109375
13 0.18234343125000002 0.24382149531250003 0.18939144218749998 0.37465259375 0.2953038421875 0.3699468703125 0.27774529531250003 0.24267604375000001 0.18234343125000002 0.24382149531250003
13 0.28169200625 0.2305149390625 0.293905696875 0.3716352328125 0.3913190703125 0.3655009109375 0.3828009578125 0.225891115625 0.28169200625 0.2305149390625
14 0.4390625 0.29765625 0.1125 0.134375
14 0.5453125 0.28828125 0.1125 0.1421875
14 0.64296875 0.28515625 0.109375 0.1390625
3 0.721875 0.2953125 0.0765625 0.109375
3 0.7953125 0.29375 0.0765625 0.103125
2 0.86640625 0.29140625 0.0796875 0.0984375
0 0.65234375 0.41171875 0.0828125 0.0828125
1 0.55703125 0.42109375 0.11875 0.0859375
28 0.46484375 0.425 0.0765625 0.084375
29 0.3703125 0.43125 0.1203125 0.0828125
4 0.2609375 0.4359375 0.08125 0.0859375
5 0.15546875 0.4453125 0.1265625 0.090625
45 0.10732999375 0.5108668921875 0.11899434687499999 0.6037699812499999 0.1601100890625 0.6027911140625 0.1498155140625 0.5085749296875 0.10732999375 0.5108668921875
44 0.1470825 0.507457859375 0.15773246875 0.6024172171875 0.2004430015625 0.600574321875 0.19336321875 0.5058417015625001 0.1470825 0.507457859375
40 0.1917346765625 0.5054943984375 0.1995825125 0.5976226640625 0.2412294734375 0.5959166625 0.23261985 0.5036624890625 0.1917346765625 0.5054943984375
41 0.2321098796875 0.5044886375 0.238692453125 0.595347884375 0.2810383421875 0.5941223453125 0.27405723593750003 0.5022154640625 0.2321098796875 0.5044886375
37 0.27140880156249997 0.5035204578125 0.280360915625 0.5969228953125 0.32311256875 0.595482259375 0.3154946453125 0.5007684375 0.27140880156249997 0.5035204578125
35 0.3149637625 0.4975536171875 0.32095314531249997 0.59192014375 0.3612578640625 0.5888959984375 0.35852556406249997 0.49522406874999997 0.3149637625 0.4975536171875
33 0.3569957 0.4977025109375 0.36376316875 0.590374296875 0.40276573125 0.58946735625 0.39948119531250004 0.4954105453125 0.3569957 0.4977025109375
34 0.39735680625 0.49629307031250003 0.4000378859375 0.5878955125 0.458096321875 0.5847059796875 0.4554627 0.4938597953125 0.39735680625 0.49629307031250003
36 0.45295565 0.49233066562500005 0.45945497812499997 0.58587104375 0.5137233609375 0.5815509328124999 0.5105234046875 0.4899161875 0.45295565 0.49233066562500005
23 0.559375 0.5328125 0.0984375 0.0953125
15 0.6546875 0.53203125 0.109375 0.1015625
24 0.6671875 0.64140625 0.0796875 0.0921875
24 0.5921875 0.64453125 0.0765625 0.0953125
24 0.51875 0.64921875 0.0734375 0.0953125
26 0.4640625 0.6609375 0.0578125 0.0796875
30 0.40546875 0.65625 0.078125 0.09375
12 0.3359375 0.65625 0.0671875 0.0859375
18 0.26875 0.6578125 0.071875 0.0796875
6 0.18125 0.66484375 0.084375 0.09375
7 0.21484375 0.921875 0.115625 0.0734375
7 0.1589856609375 0.822359628125 0.168726846875 0.879276184375 0.280662896875 0.8755910078125 0.26877151875 0.8143454171875 0.1589856609375 0.822359628125
17 0.2751015015625 0.8739944546875 0.3821359359375 0.8689121953125 0.37927133125 0.8068288421875 0.2708770546875 0.8147944562499999 0.2751015015625 0.8739944546875
17 0.2698761 0.8858738234375 0.2730842234375 0.95085013125 0.381280784375 0.9441668734374999 0.376365321875 0.88320024375 0.2698761 0.8858738234375
31 0.38411329843750003 0.94423058125 0.4965828859375 0.9401404343750001 0.49229027812500004 0.8770618421874999 0.3782751890625 0.883656090625 0.38411329843750003 0.94423058125
31 0.43359375 0.84140625 0.1109375 0.0640625
25 0.55078125 0.903125 0.1140625 0.0671875
25 0.5453125 0.8390625 0.1125 0.0671875
25 0.659375 0.8984375 0.1125 0.0671875
25 0.6546875 0.83671875 0.1125 0.0671875
25 0.76328125 0.8265625 0.1109375 0.06875
25 0.76953125 0.89609375 0.115625 0.0671875
27 0.875 0.88359375 0.109375 0.0625
27 0.86640625 0.81328125 0.1109375 0.075