11 0.08828125 0.26640625 0.10625 0.128125
10 0.17578125 0.25859375 0.0921875 0.1265625
9 0.2578125 0.25859375 0.090625 0.121875
8 0.34296875 0.253125 0.096875 0.1265625
21 0.65390625 0.2296875 0.096875 0.1265625
21 0.56328125 0.23984375 0.090625 0.1203125
18 0.45859375 0.2421875 0.14375 0.128125
2 0.1125 0.3984375 0.071875 0.0828125
14 0.30703125 0.3796875 0.090625 0.1015625
14 0.3859375 0.37265625 0.08125 0.1
14 0.46328125 0.36796875 0.0828125 0.1
13 0.54375 0.35859375 0.08125 0.1015625
13 0.61953125 0.3546875 0.08125 0.103125
13 0.69609375 0.34765625 0.084375 0.103125
18 0.21015625 0.3859375 0.1265625 0.10625
5 0.68125 0.471875 0.0984375 0.065625
4 0.60234375 0.47109375 0.0640625 0.08125
29 0.5296875 0.4875 0.096875 0.0671875
28 0.45234375 0.48671875 0.065625 0.0765625
1 0.37578125 0.49765625 0.1 0.06875
0 0.29296875 0.5015625 0.071875 0.0765625
15 0.296875 0.5953125 0.0796875 0.0890625
23 0.3703125 0.5875 0.0765625 0.0890625
24 0.29296875 0.696875 0.0640625 0.0765625
24 0.3515625 0.69296875 0.065625 0.0734375
24 0.4109375 0.68671875 0.065625 0.075
26 0.45859375 0.68359375 0.04375 0.0625
30 0.509375 0.6765625 0.0640625 0.0734375
12 0.56796875 0.66640625 0.0640625 0.0734375
16 0.6296875 0.659375 0.065625 0.071875
6 0.6921875 0.65390625 0.0640625 0.0703125
27 0.1484375 0.88828125 0.1078125 0.0609375
27 0.15546875 0.94453125 0.1046875 0.0640625
25 0.24921875 0.87265625 0.1015625 0.0640625
25 0.25625 0.92734375 0.0984375 0.059375
25 0.346875 0.86328125 0.1015625 0.0640625
25 0.34921875 0.91953125 0.0984375 0.0609375
25 0.34375 0.80546875 0.1015625 0.0671875
25 0.440625 0.7921875 0.096875 0.0640625
25 0.44296875 0.85078125 0.0984375 0.0578125
25 0.446875 0.90390625 0.096875 0.0640625
31 0.54921875 0.88828125 0.09375 0.0609375
31 0.53984375 0.78125 0.09375 0.0609375
31 0.54453125 0.83515625 0.09375 0.0578125
7 0.71796875 0.75703125 0.09375 0.0640625
7 0.721875 0.81328125 0.090625 0.05625
7 0.72578125 0.86484375 0.0921875 0.0609375
17 0.62734375 0.765625 0.0921875 0.0625
17 0.634375 0.821875 0.090625 0.0640625
17 0.63828125 0.87578125 0.090625 0.0609375
36 0.43046875 0.58671875 0.0484375 0.0765625
34 0.4765625 0.58203125 0.0484375 0.0765625
42 0.70703125 0.56171875 0.034375 0.075
41 0.67578125 0.56484375 0.034375 0.0734375
38 0.64453125 0.5671875 0.0359375 0.075
39 0.61328125 0.56953125 0.0375 0.0765625
37 0.58203125 0.57265625 0.0390625 0.0765625
35 0.5484375 0.5765625 0.0359375 0.0765625
33 0.515625 0.57890625 0.0390625 0.0765625