11 0.16875 0.27734375 0.109375 0.121875
9 0.33046875 0.24921875 0.1015625 0.13125
8 0.41875 0.23984375 0.1046875 0.1359375
20 0.5046875 0.2265625 0.096875 0.128125
20 0.584375 0.2171875 0.0921875 0.128125
19 0.67890625 0.20703125 0.09375 0.1203125
19 0.7578125 0.19375 0.0859375 0.1234375
3 0.246875 0.41484375 0.0734375 0.0890625
3 0.30703125 0.40546875 0.0703125 0.0890625
14 0.371875 0.38515625 0.09375 0.1125
14 0.45078125 0.3734375 0.0890625 0.115625
14 0.528125 0.3609375 0.0921875 0.1109375
13 0.603125 0.34609375 0.090625 0.1234375
13 0.6765625 0.3328125 0.0890625 0.1171875
13 0.75078125 0.32265625 0.09375 0.1203125
0 0.38046875 0.49921875 0.0671875 0.0796875
1 0.45625 0.490625 0.1015625 0.071875
28 0.528125 0.4703125 0.065625 0.08125
29 0.60078125 0.4671875 0.0984375 0.0703125
4 0.69765625 0.44140625 0.0703125 0.084375
5 0.775 0.43515625 0.0953125 0.0734375
15 0.396875 0.59140625 0.0859375 0.09375
23 0.47421875 0.58046875 0.084375 0.0875
24 0.42890625 0.68203125 0.071875 0.0765625
24 0.48671875 0.67421875 0.0671875 0.075
24 0.5453125 0.66171875 0.0703125 0.075
30 0.6328125 0.64453125 0.065625 0.0734375
12 0.69140625 0.634375 0.0640625 0.0703125
16 0.7453125 0.62109375 0.0625 0.0703125
6 0.80234375 0.61171875 0.0640625 0.071875
27 0.296875 0.92421875 0.10625 0.075
25 0.39296875 0.903125 0.1015625 0.06875
31 0.6515625 0.7421875 0.0953125 0.06875
31 0.66328125 0.84140625 0.09375 0.0625
33 0.62265625 0.55703125 0.0390625 0.0734375
37 0.6828125 0.54375 0.040625 0.0796875
25 0.44459766875 0.9162105234375 0.5338771625 0.8952430109374999 0.5253055390625 0.843120496875 0.4399151671875 0.8632865609374999 0.44459766875 0.9162105234375
25 0.43882352343750003 0.8618236953125 0.43086296874999996 0.8096152999999999 0.3392465734375 0.828930159375 0.3495440234375 0.8827911875 0.43882352343750003 0.8618236953125
25 0.5258521390625 0.842575884375 0.5181803125 0.787988 0.432183328125 0.80827166875 0.43882352343750003 0.8618236953125 0.5258521390625 0.842575884375
25 0.6155184515625 0.8243607140625 0.60939120625 0.7718946640625 0.5227885609375 0.7932003703125 0.5305809765625 0.8451858046874999 0.6155184515625 0.8243607140625
25 0.6245722578125 0.8754799125 0.6181562390625001 0.825393359375 0.5300371593750001 0.8447768312499999 0.5387658281250001 0.8945559546874999 0.6245722578125 0.8754799125
31 0.700071934375 0.8096708109374999 0.6973868140625 0.7595276875 0.6117045203125 0.7771977015625 0.6152297718749999 0.8267401968750001 0.700071934375 0.8096708109374999
17 0.782453278125 0.7396200734375 0.774974859375 0.6864083578125 0.6906355921875 0.7012372671875 0.6995087546875001 0.75689055625 0.782453278125 0.7396200734375
17 0.7837872234375001 0.7890175203124999 0.7787867546875 0.7401353703125 0.697764415625 0.7575056890625 0.70158285 0.8071195531249999 0.7837872234375001 0.7890175203124999
17 0.7922608078125 0.8360082328124999 0.7867781593750001 0.7881293984375 0.705374409375 0.8061094046875 0.7106674578125001 0.8540243734375 0.7922608078125 0.8360082328124999
7 0.8713454031250001 0.8178768828124999 0.8679538921875001 0.77157529375 0.786849728125 0.7870617125 0.7944472218749999 0.833829853125 0.8713454031250001 0.8178768828124999
7 0.864993759375 0.7682490390625001 0.8614733109375001 0.7210300203125 0.779481353125 0.7401772125 0.78426940625 0.7880142046875 0.864993759375 0.7682490390625001
7 0.853848909375 0.7155526015625 0.852032690625 0.667158490625 0.77420288125 0.685986303125 0.7791063296875 0.7335414953125 0.853848909375 0.7155526015625