19 0.1484375 0.27421875 0.1015625 0.13125
19 0.22890625 0.2578125 0.0984375 0.1296875
20 0.30625 0.2453125 0.1 0.121875
20 0.39375 0.22734375 0.1015625 0.121875
8 0.475 0.19921875 0.109375 0.1390625
9 0.57265625 0.1828125 0.103125 0.128125
10 0.6625 0.1625 0.1109375 0.134375
11 0.7515625 0.14375 0.1109375 0.13125
14 0.5953125 0.30625 0.1015625 0.115625
14 0.51640625 0.32421875 0.0984375 0.115625
14 0.43828125 0.340625 0.090625 0.1140625
13 0.36328125 0.359375 0.09375 0.1140625
13 0.2890625 0.375 0.09375 0.1125
13 0.20859375 0.3921875 0.0984375 0.1140625
2 0.7671875 0.28125 0.0796875 0.0875
18 0.6828125 0.284375 0.109375 0.115625
0 0.6265625 0.41171875 0.0734375 0.08125
1 0.54609375 0.434375 0.103125 0.0796875
28 0.4671875 0.446875 0.06875 0.08125
29 0.3921875 0.46953125 0.103125 0.078125
4 0.31484375 0.48125 0.06875 0.0828125
5 0.2421875 0.50390625 0.103125 0.078125
15 0.640625 0.50625 0.0890625 0.0953125
23 0.5671875 0.51875 0.084375 0.0953125
24 0.6671875 0.5953125 0.071875 0.0796875
24 0.60859375 0.60703125 0.0671875 0.08125
24 0.55078125 0.61875 0.06875 0.08125
26 0.50546875 0.6328125 0.0484375 0.065625
30 0.45859375 0.6359375 0.0703125 0.08125
12 0.403125 0.65078125 0.0703125 0.0796875
16 0.3453125 0.66875 0.0734375 0.0796875
6 0.278125 0.68125 0.0796875 0.0875
25 0.75 0.728125 0.096875 0.0703125
25 0.7609375 0.77734375 0.09375 0.0625
25 0.6484375 0.6953125 0.1 0.0734375
25 0.6609375 0.74609375 0.096875 0.06875
25 0.675 0.79609375 0.09375 0.0671875
25 0.590625 0.81796875 0.096875 0.0671875
25 0.57578125 0.7671875 0.096875 0.0703125
25 0.5578125 0.71875 0.1 0.0734375
31 0.4703125 0.74140625 0.1 0.075
31 0.48828125 0.78828125 0.096875 0.06875
31 0.503125 0.83671875 0.0953125 0.06875
17 0.4140625 0.85546875 0.0984375 0.071875
17 0.39765625 0.80625 0.1 0.0734375
17 0.3828125 0.7515625 0.0953125 0.075
7 0.32421875 0.87421875 0.1 0.0703125
7 0.3078125 0.82734375 0.1046875 0.0703125
36 0.51171875 0.53515625 0.0578125 0.0796875
34 0.4671875 0.54453125 0.05625 0.0796875
37 0.38583962656250004 0.6003585499999999 0.36363257656250003 0.5329906859375 0.33525625468750003 0.5404785859375 0.3568078640625 0.6076216875 0.38583962656250004 0.6003585499999999
39 0.353335303125 0.60726755625 0.3349102515625 0.5394598859374999 0.3041449734375 0.54709149375 0.3229104984375 0.6148267953125 0.353335303125 0.60726755625
38 0.3218136265625 0.6165162671875 0.299611478125 0.5469628734375 0.268854565625 0.5545926999999999 0.292317515625 0.623878103125 0.3218136265625 0.6165162671875
18 0.428125 0.54765625 0.04375 0.0671875
18 0.39453125 0.55625 0.040625 0.06875
18 0.23671875 0.59375 0.04375 0.065625
18 0.28738419375 0.6143683515625 0.2668571203125 0.5550172703125 0.24260888593750002 0.5612636359375001 0.2609163875 0.6199942578125001 0.28738419375 0.6143683515625