19 0.17578125 0.2046875 0.1234375 0.1546875
19 0.27890625 0.196875 0.1171875 0.14375
20 0.37578125 0.18359375 0.1125 0.14375
20 0.47421875 0.17109375 0.11875 0.153125
8 0.5734375 0.1609375 0.1109375 0.15
9 0.66953125 0.14765625 0.1125 0.15
10 0.76640625 0.1359375 0.1046875 0.1453125
11 0.88203125 0.11640625 0.1140625 0.1578125
13 0.19609375 0.36640625 0.1125 0.1421875
13 0.28828125 0.35390625 0.1109375 0.1375
13 0.384375 0.3421875 0.115625 0.1359375
14 0.50859375 0.328125 0.109375 0.1296875
14 0.60625 0.3140625 0.109375 0.140625
14 0.6984375 0.30546875 0.096875 0.128125