19 0.2940236046875 0.191896725 0.2792773890625 0.026399803125 0.1994493046875 0.023457746874999998 0.21626636562499998 0.191466053125 0.2940236046875 0.191896725
19 0.3815719140625 0.1971313046875 0.3825557046875 0.0339904515625 0.296837003125 0.0307172640625 0.2952414953125 0.1928445703125 0.3815719140625 0.1971313046875
20 0.47408842656249994 0.200599359375 0.47615198281250004 0.06572135625 0.40257170468750003 0.054801290625 0.40500137968749994 0.198466853125 0.47408842656249994 0.200599359375
20 0.544425515625 0.201827096875 0.5502551734375001 0.0646996640625 0.4739972359375 0.0643874703125 0.4703864359375 0.20053474062499999 0.544425515625 0.201827096875
8 0.641926490625 0.202602396875 0.6428336640625 0.066315628125 0.5678609906250001 0.0613928625 0.569153715625 0.199478934375 0.641926490625 0.202602396875
9 0.712231240625 0.20568278125 0.71385090625 0.065240071875 0.6468682718750001 0.06091871250000001 0.6456284828125 0.20266701562499997 0.712231240625 0.20568278125
10 0.771430203125 0.20856931093750003 0.775388103125 0.0767324609375 0.7231166734375 0.077075234375 0.7183849953125 0.20671678125 0.771430203125 0.20856931093750003
11 0.818386334375 0.2056825140625 0.8231193265625001 0.08335353125 0.7773958484375 0.0789493203125 0.7677928875 0.204799403125 0.818386334375 0.2056825140625
13 0.322954334375 0.373088975 0.306864559375 0.21440990000000001 0.20470784687500002 0.2172091546875 0.22288831875 0.377828459375 0.322954334375 0.373088975
13 0.3995906984375 0.367013796875 0.38713965156249996 0.21349594062500002 0.305943059375 0.216196390625 0.318082959375 0.36929745625 0.3995906984375 0.367013796875
13 0.4837118875 0.35643633124999996 0.48124091562500004 0.2162960671875 0.400927503125 0.21970755937500003 0.4094949484375 0.3653335375 0.4837118875 0.35643633124999996
14 0.564034075 0.351352146875 0.5582886593749999 0.223428859375 0.482435240625 0.2174239015625 0.4886478453125 0.3565224890625 0.564034075 0.351352146875
14 0.6318223859375001 0.35716840156249996 0.629265503125 0.22466776406250002 0.5613617703125 0.2215813640625 0.5639532296875001 0.355983740625 0.6318223859375001 0.35716840156249996
14 0.6900298234375 0.34613860937499996 0.7033686953125 0.22364607187500002 0.636602478125 0.2247479046875 0.6294675421875 0.3506410828125 0.6900298234375 0.34613860937499996
5 0.3570259046875 0.4719033515625 0.348358703125 0.4015051609375 0.24083217499999998 0.41057270625 0.24934589843750002 0.48855580937500004 0.3570259046875 0.4719033515625
3 0.7794133125 0.334309396875 0.7730395531250001 0.253060921875 0.7254889312499999 0.255533659375 0.7359252953125 0.3365154453125 0.7794133125 0.334309396875
2 0.81305524375 0.3304489453125 0.8100224703125001 0.2564846625 0.767938034375 0.2562746109375 0.7765163937499999 0.3305524265625 0.81305524375 0.3304489453125
4 0.4383845046875 0.467234721875 0.43380765937500004 0.375862915625 0.369717059375 0.384495240625 0.37802378124999997 0.4743352265625 0.4383845046875 0.467234721875
29 0.522515359375 0.4561014796875 0.5188021140625 0.3875332359375 0.434729071875 0.39378413437500004 0.4364488890625 0.4649770984375 0.522515359375 0.4561014796875
28 0.5749527546875 0.45034524062500003 0.5734865 0.36718821562500004 0.519092834375 0.3693118828125 0.5255416281249999 0.4524479 0.5749527546875 0.45034524062500003
1 0.6531992296875 0.436885421875 0.652357534375 0.37597345 0.576103984375 0.384391334375 0.5779660140625 0.44743270312499994 0.6531992296875 0.436885421875
0 0.698661665625 0.43471383750000003 0.700724584375 0.3638527625 0.653479703125 0.3642447921875 0.6541864765625001 0.4369026546875 0.698661665625 0.43471383750000003
16 0.409851621875 0.6875486609375 0.4049185546875 0.616136065625 0.33593786875 0.622508328125 0.349400428125 0.6998365296875 0.409851621875 0.6875486609375
30 0.5248828671875 0.6599053078125 0.52029763125 0.5848116046875 0.4697773609375 0.5922281671875 0.47438108437500004 0.6679191421875 0.5248828671875 0.6599053078125
26 0.5566540109375 0.650081934375 0.5535935671875001 0.587244921875 0.5220853296875 0.593882475 0.5249475421875001 0.6562000328125001 0.5566540109375 0.650081934375
24 0.6032846359375 0.637552825 0.602057575 0.5695695234375 0.5548824515625 0.581853171875 0.559654334375 0.6479104671875 0.6032846359375 0.637552825
24 0.6527992453125 0.6295217296875 0.6528772265625 0.558417715625 0.605448909375 0.5701340328125 0.6052460468749999 0.63832833125 0.6527992453125 0.6295217296875
24 0.691519478125 0.617595815625 0.6925228171875 0.550775128125 0.652066675 0.5583459984375 0.6518896828125 0.62505818125 0.691519478125 0.617595815625
7 0.37804007031250003 0.9259891281250001 0.372035440625 0.8730087078125001 0.28261905625 0.905050259375 0.29153373125000004 0.9600606546874999 0.37804007031250003 0.9259891281250001
7 0.37306115 0.8717887296875 0.36617256249999997 0.8138485921875 0.280718296875 0.8442320515624999 0.284684096875 0.8998973625 0.37306115 0.8717887296875
17 0.45743367343749997 0.7902380328125 0.45475871718749994 0.731838334375 0.36127140468749996 0.7552018781250001 0.36115901250000004 0.8182087828125001 0.45743367343749997 0.7902380328125
17 0.45947686875000004 0.8429046781249999 0.456193259375 0.7911316609375 0.3720828140625 0.8146930546875 0.373048215625 0.8725298015625 0.45947686875000004 0.8429046781249999
17 0.4605586890625 0.8940718609375 0.460209678125 0.8439875859375 0.37306115 0.8717887296875 0.3770916296875 0.923748765625 0.4605586890625 0.8940718609375
31 0.5430127078125 0.8658598984375001 0.539775578125 0.81296406875 0.46349023593750005 0.8392683265624999 0.462571840625 0.89188319375 0.5430127078125 0.8658598984375001
31 0.5418790718750001 0.817656859375 0.5405997203124999 0.7657490390625 0.4584337828125 0.7895141906250001 0.4614770859375 0.8414569671875001 0.5418790718750001 0.817656859375
31 0.5427198578125 0.769488284375 0.5415854578125 0.709276159375 0.4623913828125 0.73250464375 0.4574078046875 0.79172011875 0.5427198578125 0.769488284375
25 0.620504840625 0.8390438359375001 0.619163721875 0.7921241875 0.550815515625 0.81484776875 0.550897228125 0.86673885 0.620504840625 0.8390438359375001
25 0.6212421453125 0.7968037234375 0.6200525015625 0.7412060171875 0.5467591703125 0.76436981875 0.547802184375 0.817760246875 0.6212421453125 0.7968037234375
25 0.623147715625 0.74420603125 0.6234262015625001 0.6894051546875 0.548729415625 0.708066853125 0.5457849312499999 0.7636115171875 0.623147715625 0.74420603125
25 0.6887678312500001 0.7186653375 0.6893331234375 0.6627735546875 0.6262604296875 0.6790276625 0.6213156578125 0.7360199749999999 0.6887678312500001 0.7186653375
25 0.6860172999999999 0.7630941765625 0.6858947843750001 0.7182775578125 0.6232900015625 0.7360544375 0.619397153125 0.7893587109375 0.6860172999999999 0.7630941765625
25 0.688163978125 0.8098323296875 0.6875555624999999 0.76460989375 0.6204101953125 0.7878938265625 0.6215437546875 0.8360968640625 0.688163978125 0.8098323296875
25 0.7478479734375 0.7849292890624999 0.74857344375 0.73511475625 0.6910437859375 0.757992940625 0.6882027828124999 0.8076091703125 0.7478479734375 0.7849292890624999
25 0.7465979203125 0.7433957578125 0.7481308875 0.6897297499999999 0.688923053125 0.7097726734375 0.6860431703125001 0.761612059375 0.7465979203125 0.7433957578125
27 0.8103511984375 0.7682295390625 0.8093327718750001 0.720432175 0.7526245890625 0.737570684375 0.752693365625 0.7902028375000001 0.8103511984375 0.7682295390625
42 0.2992770328125 0.6034511359375 0.2864111125 0.512632309375 0.24972756562499998 0.5191921578125 0.2637735546875 0.6102442328125 0.2992770328125 0.6034511359375
41 0.33641449375 0.597341665625 0.3276783046875 0.506407128125 0.2909567484375 0.51438958125 0.3017012578125 0.6060017531249999 0.33641449375 0.597341665625
35 0.371918096875 0.59054859375 0.3616910828125 0.5031422109375 0.328094859375 0.5082427640625 0.3372372 0.5973560250000001 0.371918096875 0.59054859375
39 0.40516481562499995 0.58319066875 0.3947772578125 0.49828680625 0.3624415796875 0.5038691796875 0.3708216015625 0.589509834375 0.40516481562499995 0.58319066875
37 0.4368841953125 0.576331525 0.4294260796875 0.49395257968750006 0.3980924015625 0.49806701875000003 0.40582298124999994 0.5832021562499999 0.4368841953125 0.576331525
35 0.4658228859375 0.5706280687499999 0.459826990625 0.48966768125 0.430655159375 0.49217973125 0.43659739531249997 0.576048190625 0.4658228859375 0.5706280687499999
33 0.49356765312500006 0.5651821140625 0.4895490640625 0.4846300796875 0.462835775 0.4871818390625 0.46782317500000004 0.5691804296874999 0.49356765312500006 0.5651821140625
34 0.53565895 0.558133378125 0.5334665078125 0.47984025937499997 0.49496465 0.4851481875 0.4955355671875 0.5655870984375 0.53565895 0.558133378125
36 0.5763276953124999 0.5477240421875 0.5706352609375 0.47261747343750005 0.532600659375 0.47876294374999995 0.54014010625 0.555987746875 0.5763276953124999 0.5477240421875
23 0.6302975546875 0.53902943125 0.615363809375 0.4567290078125 0.570294915625 0.4690429640625 0.5768083484375001 0.5484737015625 0.6302975546875 0.53902943125
15 0.6995882546875001 0.5294903421875 0.664827884375 0.4524990375 0.6134445281249999 0.45793565625 0.636727225 0.5384003765625 0.6995882546875001 0.5294903421875