19 0.7984375 0.14921875 0.1109375 0.1296875
19 0.7046875 0.13984375 0.115625 0.140625
20 0.60703125 0.13984375 0.109375 0.1328125
20 0.51015625 0.1390625 0.109375 0.134375
8 0.4078125 0.13984375 0.1078125 0.134375
10 0.2390625 0.1328125 0.10625 0.1328125
11 0.1375 0.12578125 0.1078125 0.1359375
2 0.12421875 0.29765625 0.078125 0.0875
3 0.19453125 0.3015625 0.071875 0.084375
3 0.2609375 0.30546875 0.0703125 0.078125
14 0.3375 0.28671875 0.096875 0.125
14 0.42734375 0.28828125 0.0890625 0.1265625
14 0.5171875 0.28984375 0.096875 0.128125
13 0.60546875 0.29375 0.0890625 0.1234375
13 0.69375 0.2921875 0.09375 0.1265625
13 0.78671875 0.29296875 0.096875 0.125
5 0.7828125 0.43125 0.1078125 0.06875
4 0.696875 0.41875 0.0765625 0.090625
29 0.60625 0.428125 0.109375 0.071875
28 0.5125 0.41953125 0.0828125 0.0875
1 0.40859375 0.425 0.109375 0.071875
0 0.315625 0.4171875 0.0796875 0.084375
15 0.32421875 0.53203125 0.090625 0.103125
23 0.4109375 0.534375 0.0890625 0.1015625
24 0.315625 0.64375 0.075 0.0828125
24 0.3875 0.64375 0.06875 0.08125
24 0.45625 0.64453125 0.0703125 0.08125
26 0.5125 0.6484375 0.0515625 0.075
18 0.56484375 0.6484375 0.0515625 0.0734375
12 0.6296875 0.64609375 0.075 0.0859375
16 0.70703125 0.64921875 0.078125 0.084375
6 0.78046875 0.64765625 0.071875 0.084375
7 0.8602542546875 0.7280396734375 0.7492131984375 0.72610144375 0.748069065625 0.791648734375 0.8564787171875 0.7920431265625 0.8602542546875 0.7280396734375
7 0.8 0.8265625 0.1078125 0.06875
7 0.79765625 0.890625 0.1109375 0.065625
17 0.68515625 0.8875 0.1109375 0.065625
17 0.68359375 0.8234375 0.1125 0.0671875
17 0.68828125 0.7546875 0.1171875 0.0671875
31 0.571875 0.75703125 0.1125 0.0671875
31 0.57421875 0.8234375 0.1109375 0.0671875
31 0.56953125 0.8875 0.109375 0.0671875
25 0.459375 0.8875 0.109375 0.06875
25 0.51015229375 0.7893528046875 0.40196243125000003 0.78720329375 0.4030242171875 0.8532380375 0.5121536109375 0.854128553125 0.51015229375 0.7893528046875
25 0.45625 0.7484375 0.1078125 0.0671875
25 0.3375 0.753125 0.1125 0.06875
25 0.34375 0.82109375 0.1109375 0.0703125
25 0.34765625 0.88515625 0.1109375 0.0671875
25 0.23671875 0.8859375 0.115625 0.0703125
25 0.28613136093749997 0.7860371734375 0.17375314687500001 0.7845977093750001 0.17548593750000002 0.8525934718749999 0.28672289375000004 0.8518325156250001 0.28613136093749997 0.7860371734375
27 0.1776745515625 0.854805346875 0.066349121875 0.852862153125 0.0670689046875 0.9193964734375 0.1765137625 0.921306840625 0.1776745515625 0.854805346875
27 0.175049478125 0.78585905 0.06545438906249999 0.784468165625 0.06723438125 0.85011679375 0.1738953578125 0.8519785671875001 0.175049478125 0.78585905
45 0.829615178125 0.49719731874999995 0.7910252734375 0.49582020781249997 0.7868487796875 0.5839983421875 0.8241841921875 0.58410451875 0.829615178125 0.49719731874999995
44 0.7922466906250001 0.497483078125 0.7538153140625 0.496343240625 0.748653584375 0.5831558296875 0.7869865109374999 0.5839242484375 0.7922466906250001 0.497483078125
40 0.7528741578125 0.49679582812499995 0.7156805828125 0.4963811171875 0.711858325 0.582689378125 0.75073915625 0.5832915484375001 0.7528741578125 0.49679582812499995
41 0.69375 0.5390625 0.040625 0.0875
37 0.65546875 0.5375 0.0390625 0.0875
35 0.61796875 0.53828125 0.0390625 0.0875
33 0.5796875 0.5375 0.0375 0.0875
34 0.5608922093750001 0.49532082187500004 0.5105811140625 0.4942081328125 0.50681856875 0.5784071453124999 0.558164890625 0.5799301515625 0.5608922093750001 0.49532082187500004
36 0.509949009375 0.495369634375 0.455258584375 0.49441500937500005 0.451482428125 0.579199375 0.5056468390625 0.5806549890625 0.509949009375 0.495369634375