13 0.3296875 0.20625 0.0984375 0.1140625
14 0.484375 0.23046875 0.0953125 0.1234375
14 0.5625 0.24609375 0.09375 0.125
21 0.64921875 0.26484375 0.1015625 0.11875
21 0.73125 0.2796875 0.0921875 0.1171875
20 0.81875 0.29140625 0.1 0.125
23 0.3203125 0.33515625 0.084375 0.090625
9 0.5140625 0.36796875 0.096875 0.10625
10 0.590625 0.38203125 0.0859375 0.10625
11 0.6671875 0.38984375 0.0953125 0.11875
3 0.73203125 0.41875 0.0703125 0.084375
2 0.78828125 0.43125 0.0640625 0.078125
1 0.6 0.4921875 0.096875 0.0734375
28 0.52578125 0.475 0.0703125 0.075
29 0.45078125 0.4640625 0.0953125 0.071875
4 0.378125 0.44453125 0.0671875 0.0765625
5 0.29765625 0.4359375 0.0953125 0.06875
12 0.27109375 0.52421875 0.0625 0.06875
24 0.58359375 0.66640625 0.0671875 0.075
24 0.52734375 0.65625 0.0625 0.0703125
24 0.46953125 0.64453125 0.065625 0.0734375
26 0.421875 0.6375 0.0484375 0.0640625
30 0.3734375 0.62890625 0.065625 0.06875
16 0.31953125 0.61875 0.0625 0.0671875
6 0.26328125 0.60546875 0.06875 0.06875
7 0.23359375 0.81015625 0.0921875 0.0671875
7 0.2390625 0.759375 0.09375 0.065625
17 0.32578125 0.7796875 0.09375 0.0671875
17 0.3171875 0.82890625 0.09375 0.0640625
31 0.40234375 0.84140625 0.09375 0.0671875
31 0.41171875 0.79140625 0.0921875 0.065625
25 0.49453125 0.8609375 0.09375 0.0671875
25 0.50546875 0.809375 0.09375 0.0671875
25 0.59296875 0.82890625 0.096875 0.071875
25 0.57890625 0.878125 0.09375 0.0640625
27 0.67109375 0.89921875 0.0953125 0.0640625
27 0.68671875 0.85 0.096875 0.071875
36 0.60625 0.58359375 0.0515625 0.075
34 0.56328125 0.57578125 0.0515625 0.075
33 0.5265625 0.56796875 0.0390625 0.071875
35 0.4953125 0.5625 0.0421875 0.0734375
39 0.43359375 0.54921875 0.040625 0.0734375
38 0.40390625 0.54375 0.040625 0.0734375
41 0.37421875 0.53828125 0.0390625 0.071875
42 0.34453125 0.53203125 0.0421875 0.0734375
40 0.31484375 0.52578125 0.0421875 0.0734375
18 0.46484375 0.54921875 0.040625 0.065625
18 0.4171875 0.35234375 0.125 0.1015625
18 0.409375 0.2171875 0.09375 0.1171875