9 0.659375 0.259375 0.0828125 0.1203125
13 0.57890625 0.26328125 0.078125 0.1125
14 0.50234375 0.25390625 0.071875 0.1234375
21 0.4296875 0.25859375 0.06875 0.1171875
5 0.6203125 0.50390625 0.0890625 0.0546875
29 0.5375 0.496875 0.08125 0.0546875
7 0.45390625 0.49140625 0.0859375 0.05625
31 0.44375 0.5734375 0.0796875 0.053125
23 0.55625 0.57578125 0.065625 0.0703125
15 0.62578125 0.5796875 0.06875 0.06875
25 0.52109375 0.72265625 0.0828125 0.0546875
25 0.60625 0.73203125 0.084375 0.0578125
18 0.4421875 0.68515625 0.0796875 0.1125
39 0.415625 0.3859375 0.03125 0.0734375
38 0.4453125 0.38828125 0.03125 0.0734375
40 0.4765625 0.38828125 0.0296875 0.071875
41 0.50625 0.390625 0.03125 0.0734375
42 0.5390625 0.3921875 0.0296875 0.075
35 0.56796875 0.39453125 0.03125 0.0734375
33 0.59921875 0.3953125 0.03125 0.0734375
37 0.63203125 0.39609375 0.03125 0.075
32 0.66484375 0.39765625 0.034375 0.075