11 0.11640625 0.190625 0.115625 0.1421875
10 0.21015625 0.190625 0.0984375 0.13125
9 0.2921875 0.19296875 0.0859375 0.128125
8 0.371875 0.18984375 0.1015625 0.1265625
20 0.45703125 0.18671875 0.0890625 0.121875
20 0.540625 0.178125 0.1 0.1359375
19 0.62890625 0.18046875 0.090625 0.1203125
19 0.71328125 0.17578125 0.0921875 0.1203125
2 0.128125 0.3484375 0.071875 0.0875
3 0.18984375 0.34453125 0.065625 0.0859375
3 0.2515625 0.3421875 0.0703125 0.0859375
14 0.3234375 0.325 0.090625 0.1171875
14 0.40859375 0.3203125 0.1 0.125
14 0.4953125 0.31875 0.0890625 0.1109375
13 0.578125 0.315625 0.0921875 0.115625
13 0.659375 0.309375 0.0890625 0.1140625
13 0.73984375 0.30703125 0.0875 0.1125
0 0.3078125 0.4421875 0.0703125 0.08125
1 0.3890625 0.44296875 0.1 0.071875
28 0.48359375 0.4328125 0.0734375 0.0796875
29 0.56484375 0.4328125 0.103125 0.0703125
4 0.6453125 0.42265625 0.0640625 0.078125
5 0.7265625 0.4265625 0.103125 0.0703125
45 0.7421875 0.51875 0.0390625 0.0796875
18 0.70859375 0.52109375 0.0375 0.078125
40 0.67578125 0.52265625 0.0375 0.078125
18 0.64296875 0.525 0.0359375 0.0765625
37 0.6109375 0.5265625 0.0390625 0.078125
35 0.5765625 0.52890625 0.0390625 0.0796875
33 0.54296875 0.53046875 0.040625 0.078125
18 0.503125 0.53359375 0.0515625 0.078125
36 0.4578125 0.53515625 0.053125 0.08125
18 0.3609375 0.54140625 0.14375 0.0875
24 0.31328125 0.64140625 0.06875 0.0828125
24 0.375 0.63671875 0.0671875 0.084375
24 0.4359375 0.6328125 0.0671875 0.078125
26 0.48984375 0.6359375 0.05 0.0640625
30 0.55 0.62734375 0.0703125 0.0734375
12 0.6125 0.625 0.0703125 0.075
16 0.67421875 0.61796875 0.0671875 0.0796875
6 0.73359375 0.6140625 0.0671875 0.0796875
5 0.700515996875 0.6998688578125 0.6999218625 0.7578531484375 0.7950084859375 0.7530374203125 0.796297884375 0.6939758968749999 0.700515996875 0.6998688578125
5 0.7037613921875 0.758712315625 0.706228971875 0.8156190249999999 0.8037526859374999 0.8078924046875 0.8029971484375 0.7510170625 0.7037613921875 0.758712315625
5 0.7025204015625001 0.8130278046875 0.703800953125 0.867371459375 0.7999002390625 0.860873675 0.79724305 0.8056481390625001 0.7025204015625001 0.8130278046875
17 0.607357653125 0.7060203359375 0.60990414375 0.7640555421874999 0.7015873421875 0.7572234718749999 0.699520425 0.69806365 0.607357653125 0.7060203359375
17 0.6096405375 0.7623050921875001 0.6101326171875 0.8204783203125 0.706120875 0.813103303125 0.704144046875 0.75355086875 0.6096405375 0.7623050921875001
17 0.609828575 0.8199315453124999 0.610283340625 0.8775709031250001 0.7046885796875 0.869310665625 0.701971903125 0.8132200171875 0.609828575 0.8199315453124999
31 0.605830390625 0.8189376890625001 0.513050053125 0.826766709375 0.51386065 0.884381184375 0.6073096015624999 0.8763211671875 0.605830390625 0.8189376890625001
31 0.6113490109375 0.76490420625 0.51457980625 0.771939203125 0.5151477484375 0.8260835515625 0.6107785781249999 0.8185636796875 0.6113490109375 0.76490420625
31 0.51286799375 0.7116639140625 0.5146515843749999 0.7729656765625 0.6099601125 0.7654963421875001 0.606846496875 0.705628775 0.51286799375 0.7116639140625
25 0.41026197968749994 0.7180341125 0.4108660609375 0.7778089265625 0.5085819046875 0.7720159718749999 0.5064128484375 0.7123835390625 0.41026197968749994 0.7180341125
25 0.41190939843749996 0.77738853125 0.4149110171875 0.835654503125 0.5116988984375 0.828886434375 0.5098207875 0.7713466140625 0.41190939843749996 0.77738853125
25 0.41338364531250005 0.8342663578125 0.41556158906249996 0.890980503125 0.5117844390624999 0.8830009375 0.5095158390625001 0.8283488531250001 0.41338364531250005 0.8342663578125
25 0.3609375 0.75078125 0.1015625 0.06875
25 0.3609375 0.8109375 0.1015625 0.065625
25 0.3609375 0.8703125 0.1046875 0.065625
25 0.259375 0.875 0.103125 0.0640625
25 0.25703125 0.81640625 0.103125 0.0671875
27 0.15703125 0.828125 0.10625 0.0640625
27 0.15859375 0.8859375 0.10625 0.0609375