20 0.2771865515625 0.1338167203125 0.15976015937500002 0.12168431718749999 0.1549338515625 0.252316325 0.266001159375 0.2657513078125 0.2771865515625 0.1338167203125
19 0.3953990765625 0.1413705875 0.27958281406249996 0.1293790515625 0.26731645 0.26958423125 0.3818213375 0.2814610359375 0.3953990765625 0.1413705875
19 0.497089903125 0.167927175 0.389520325 0.15572766875 0.3822248359375 0.2768490234375 0.48338290468749995 0.290346521875 0.497089903125 0.167927175
14 0.6013876046875 0.1835582828125 0.5021450234375 0.1702283671875 0.48362500312499995 0.2875793140625 0.5849444734375 0.29923200781250003 0.6013876046875 0.1835582828125
14 0.7281398015625 0.206730678125 0.6337811984374999 0.19382805625 0.619102259375 0.30500881562500004 0.71370796875 0.31793305781250003 0.7281398015625 0.206730678125
13 0.815972021875 0.2218507046875 0.7263453203125 0.2112209953125 0.7120698796875 0.3177897421875 0.795370359375 0.3278659796875 0.815972021875 0.2218507046875
13 0.9106002546875 0.234776915625 0.8144793703125 0.22264957812500002 0.79676635 0.3307765015625 0.8950517390625 0.339375359375 0.9106002546875 0.234776915625
23 0.88898721875 0.36858759218750003 0.7861549078125 0.35773200312500003 0.7797796265625 0.4306018015625 0.8878935546875001 0.44006054375000003 0.88898721875 0.36858759218750003
18 0.7839387359375001 0.342666709375 0.6992313546875 0.332467384375 0.6931222671875 0.4211613390625 0.7847745953125 0.43010934218749997 0.7839387359375001 0.342666709375
8 0.70233763125 0.33180968593750004 0.6096206125 0.319050684375 0.5996704484375 0.41391482812499997 0.70287010625 0.42294362812499997 0.70233763125 0.33180968593750004
9 0.611067053125 0.31824776875 0.5098585359375 0.3084637078125 0.49827028125000006 0.4031845359375 0.6013892375000001 0.4131357390625 0.611067053125 0.31824776875
10 0.47351559062500004 0.3052841109375 0.380530140625 0.29621947656250003 0.37565564375 0.3896687578125 0.47394103281250005 0.398267615625 0.47351559062500004 0.3052841109375
11 0.38372209375 0.2937103484375 0.2762572921875 0.2805905453125 0.274255475 0.378938465625 0.3789318234375 0.38995538750000003 0.38372209375 0.2937103484375
3 0.2767613015625 0.30851852343749997 0.1937312984375 0.29939541406250003 0.1923509859375 0.3717727515625 0.279008346875 0.381213215625 0.2767613015625 0.30851852343749997
2 0.19564439218750002 0.2921270859375 0.105920046875 0.284277221875 0.10733171562499999 0.3624756046875 0.194150475 0.3700712609375 0.19564439218750002 0.2921270859375
1 0.45418663437499995 0.431858915625 0.323365659375 0.4213430265625 0.3212349546875 0.483430621875 0.44581047968750004 0.49340010625 0.45418663437499995 0.431858915625
28 0.54011379375 0.431011403125 0.450305571875 0.4231542015625 0.44736787031249997 0.494465821875 0.5343480296875 0.500216675 0.54011379375 0.431011403125
29 0.6736620015625 0.4519899859375 0.5477032625 0.4418994859375 0.542296378125 0.503700453125 0.6702287828125 0.5130341640625 0.6736620015625 0.4519899859375
6 0.761550440625 0.44759621093749996 0.6749659734375 0.4400210515625 0.6700673828125 0.5148789687499999 0.7536099640625 0.522187996875 0.761550440625 0.44759621093749996
7 0.863241265625 0.47415279843749997 0.7586133484375 0.4649990421875 0.7522946734375 0.5183550734375 0.8587705109374999 0.5276705015625 0.863241265625 0.47415279843749997
36 0.379549915625 0.51625238125 0.3219369875 0.511211903125 0.31167414843749996 0.5841243031250001 0.37045266718750003 0.58926675625 0.379549915625 0.51625238125
34 0.44128126874999996 0.5211064328125 0.3816790875 0.5164386609375 0.3733908828125 0.5889770765625 0.43125328749999997 0.5934926375 0.44128126874999996 0.5211064328125
33 0.4828200671875 0.5236471218750001 0.4425271796875 0.5201219515625 0.4332279234375 0.593118653125 0.47658912343750004 0.596912265625 0.4828200671875 0.5236471218750001
35 0.527202828125 0.526983365625 0.4840086875 0.52320436875 0.47755270625 0.5969965687500001 0.518939271875 0.6011641671875 0.527202828125 0.526983365625
37 0.570621778125 0.5302352906250001 0.5283809390624999 0.5265396953125 0.518939271875 0.6011641671875 0.5604207796875 0.6042465859374999 0.570621778125 0.5302352906250001
39 0.6130769171875 0.533402890625 0.56692423125 0.529911796875 0.56143183125 0.6037882984375 0.6029133390625 0.6068707171875001 0.6130769171875 0.533402890625
38 0.6544258375 0.5381139359375 0.6130337640625 0.5355860859375 0.6047455609375 0.6081245015625 0.6433837921875 0.6104114234375 0.6544258375 0.5381139359375
41 0.6901817703125 0.5401486906249999 0.6517669359375 0.536787828125 0.6453109546875 0.610580028125 0.6848652984375 0.613493840625 0.6901817703125 0.5401486906249999
42 0.727865328125 0.5423520890625 0.6884305328125 0.539448734375 0.6840915984375 0.61123918125 0.7227298281250001 0.6135261015625 0.727865328125 0.5423520890625
40 0.7730694875 0.5474004265625 0.733671425 0.5439535421875 0.7226823578125 0.6140686921875 0.762189228125 0.6175250953125 0.7730694875 0.5474004265625
12 0.8407405171875 0.562068759375 0.7695754953125 0.555295884375 0.763105340625 0.6181519875 0.832388321875 0.6253069484375 0.8407405171875 0.562068759375
24 0.38776977968750004 0.6110112937500001 0.314545771875 0.60679199375 0.30832714375000003 0.677871246875 0.38854182187499997 0.6821554062499999 0.38776977968750004 0.6110112937500001
24 0.46680225468750003 0.6179257390624999 0.39062129843750004 0.6139944828125 0.386662128125 0.6814442109375001 0.465913221875 0.6856440703125 0.46680225468750003 0.6179257390624999
24 0.5681922562499999 0.6246092437499999 0.4922246671875 0.6179629421875 0.48706456249999996 0.688041315625 0.56332996875 0.6930734453125 0.5681922562499999 0.6246092437499999
26 0.6220851125 0.6413526 0.573132278125 0.6365230390625001 0.5661732453125 0.6938689421875 0.617290575 0.6977943859375 0.6220851125 0.6413526
30 0.6978794609375 0.6408760890625 0.6228446171875001 0.634311390625 0.617195634375 0.698879565625 0.6934610421875 0.703911696875 0.6978794609375 0.6408760890625
16 0.77801815625 0.6462470890625001 0.7019058312500001 0.6406816078124999 0.6915813484375 0.7032005015625 0.7668357046875001 0.70869091875 0.77801815625 0.6462470890625001
18 0.8234121984374999 0.6491250671875 0.7733533296874999 0.6452922265625001 0.7680841093749999 0.7055196828125 0.8249829328124999 0.70995094375 0.8234121984374999 0.6491250671875
27 0.2070080875 0.7789022859375 0.07866159843750001 0.7725941093750001 0.07400949531249999 0.8257679 0.20167705468750002 0.8314699359375 0.2070080875 0.7789022859375
27 0.2023085125 0.8326186671875 0.074640784375 0.8296503296875001 0.067145403125 0.8820286234375001 0.1966926578125 0.8884418546875 0.2023085125 0.8326186671875
25 0.336216321875 0.8339459671875 0.2143460359375 0.8309380984375 0.211478684375 0.8859082640624999 0.33369704375000003 0.8873063562500001 0.336216321875 0.8339459671875
25 0.4603436125 0.8360578140625 0.3412398953125 0.8343854734375 0.3346606265625 0.8873906593750001 0.4530246578125 0.8884515421874999 0.4603436125 0.8360578140625
18 0.3306937421875 0.774961321875 0.212822709375 0.7706631140625 0.2145833875 0.82822515 0.33950261249999997 0.8320465109375 0.3306937421875 0.774961321875
18 0.4526560609375 0.779617471875 0.33475624531250003 0.7753167453125 0.34340441093749996 0.8318411296875 0.4585928734375 0.83590464375 0.4526560609375 0.779617471875
18 0.4532342359375 0.706404515625 0.30883019375 0.6943175421875 0.3062760140625 0.7679043609375 0.44338951406250005 0.77661978125 0.4532342359375 0.706404515625
31 0.5949906765625 0.7401295671875 0.48018629687500003 0.7333659421875 0.47355955781250003 0.7869137187499999 0.592364996875 0.7940273906249999 0.5949906765625 0.7401295671875
31 0.5901961625000001 0.794931128125 0.47240609375 0.788999775 0.4688125125 0.8411726890625 0.582989921875 0.8456944890625 0.5901961625000001 0.794931128125
31 0.5788448546875 0.846972071875 0.46481577500000004 0.8424632484375 0.4624231265625 0.8920075171875 0.5736148484375 0.8973615890625 0.5788448546875 0.846972071875
17 0.7169529953125 0.7447857156250001 0.60578428125 0.7405271421874999 0.5981939609375 0.7939906171875 0.710396734375 0.7988864 0.7169529953125 0.7447857156250001
17 0.7014616234375 0.799744909375 0.5933285796875001 0.79411169375 0.585012028125 0.8447779140625 0.6962512203125 0.8495893984375 0.7014616234375 0.799744909375
17 0.6941079671875 0.850495371875 0.582989921875 0.8456944890625 0.5767429468749999 0.894901546875 0.6889457203125 0.8997973328125 0.6941079671875 0.850495371875
5 0.8260060109375 0.752686390625 0.7206879203125001 0.7478461937499999 0.715072234375 0.8009356828125 0.8243367906250001 0.8061211500000001 0.8260060109375 0.752686390625
5 0.82135390625 0.8058601812499999 0.7102543234375001 0.8005141703125 0.7019852421875 0.8506378031249999 0.8103336875 0.855196378125 0.82135390625 0.8058601812499999
5 0.8073010500000001 0.8554778000000001 0.7000580765625 0.8504691984375 0.6898143625000001 0.9009668140624999 0.8013858484374999 0.9019801703124999 0.8073010500000001 0.8554778000000001