14 0.08515625 0.20703125 0.15 0.3
14 0.221875 0.3515625 0.1390625 0.2953125
19 0.3375 0.34921875 0.140625 0.296875
13 0.45859375 0.31875 0.1359375 0.284375
20 0.75390625 0.32421875 0.140625 0.315625
19 0.87265625 0.33046875 0.1265625 0.3
10 0.7186865359375 0.8247644828125 0.8403982765625001 0.8225965296875 0.8302275171875 0.53134405625 0.7013749375 0.5358436875 0.7186865359375 0.8247644828125
11 0.87578125 0.67109375 0.121875 0.290625
8 0.490625 0.6796875 0.1359375 0.3140625
9 0.60703125 0.6734375 0.1375 0.3203125
13 0.22734375 0.70390625 0.1453125 0.3265625
13 0.35703125 0.70703125 0.1421875 0.315625