19 0.8828125 0.128125 0.128125 0.1578125
19 0.784375 0.125 0.1203125 0.1453125
20 0.69453125 0.1125 0.1171875 0.15
20 0.60234375 0.10546875 0.109375 0.14375
8 0.50390625 0.09765625 0.1234375 0.1453125
9 0.39375 0.07890625 0.134375 0.1578125
10 0.28984375 0.0703125 0.1109375 0.140625
11 0.2046875 0.06796875 0.1125 0.1359375
2 0.1703125 0.2328125 0.08125 0.09375
2 0.234375 0.240625 0.0703125 0.0921875
3 0.29453125 0.2453125 0.0796875 0.0953125
14 0.37734375 0.23671875 0.115625 0.134375
14 0.4703125 0.2484375 0.1015625 0.128125
14 0.5609375 0.25625 0.109375 0.1296875
13 0.6578125 0.2640625 0.1171875 0.1296875
13 0.7484375 0.275 0.1 0.1234375
13 0.8218545718750001 0.21984906249999997 0.7930941125000001 0.33970852812499996 0.9025320984375 0.3486348078125 0.9273109015625 0.2296181484375 0.8218545718750001 0.21984906249999997
5 0.8171875 0.434375 0.11875 0.0828125
4 0.725 0.4203125 0.08125 0.0890625
29 0.6359375 0.415625 0.115625 0.0828125
28 0.54765625 0.40859375 0.0734375 0.08125
1 0.453125 0.4015625 0.1125 0.0796875
0 0.3640625 0.384375 0.0859375 0.09375
15 0.35078125 0.4984375 0.0984375 0.0984375
23 0.434375 0.50625 0.0890625 0.0953125
36 0.49765625 0.51171875 0.059375 0.090625
33 0.6015625 0.52265625 0.0484375 0.0890625
18 0.659375 0.525 0.0828125 0.0921875
41 0.7171875 0.5296875 0.05 0.090625
40 0.7546875 0.53515625 0.05 0.0921875
45 0.83203125 0.5421875 0.0515625 0.0921875
24 0.334375 0.60703125 0.078125 0.09375
24 0.403125 0.61328125 0.078125 0.0890625
24 0.47265625 0.61953125 0.0796875 0.0890625
26 0.528125 0.6328125 0.0609375 0.071875
30 0.59296875 0.6328125 0.0859375 0.09375
12 0.6609375 0.6421875 0.0828125 0.09375
16 0.73046875 0.64609375 0.0796875 0.09375
6 0.8015625 0.65078125 0.08125 0.0890625
7 0.7890625 0.7734375 0.1171875 0.0734375
7 0.78515625 0.83828125 0.11875 0.08125
7 0.77421875 0.90078125 0.115625 0.071875
17 0.671875 0.89140625 0.109375 0.0671875
17 0.678125 0.82890625 0.115625 0.0703125
17 0.6859375 0.76484375 0.115625 0.0703125
31 0.5703125 0.878125 0.109375 0.0703125
31 0.578125 0.81875 0.115625 0.0734375
31 0.5828125 0.753125 0.115625 0.084375
25 0.4671875 0.8671875 0.1203125 0.0828125
25 0.475 0.80625 0.1109375 0.0765625
25 0.48203125 0.74296875 0.1109375 0.0765625
25 0.37890625 0.7265625 0.109375 0.078125
25 0.36796875 0.79453125 0.1171875 0.08125
25 0.3625 0.8578125 0.1203125 0.078125
25 0.2578125 0.84765625 0.1171875 0.0796875
25 0.259375 0.78203125 0.1125 0.08125
27 0.1390625 0.7765625 0.1265625 0.08125
27 0.1359375 0.83671875 0.1140625 0.071875