21 0.7828125 0.13515625 0.1203125 0.1359375
21 0.69453125 0.1671875 0.0953125 0.109375
20 0.60859375 0.178125 0.103125 0.1234375
20 0.52109375 0.19453125 0.096875 0.125
8 0.43828125 0.2078125 0.10625 0.1359375
9 0.3578125 0.2375 0.096875 0.115625
10 0.28359375 0.2453125 0.0859375 0.121875
11 0.20703125 0.26015625 0.103125 0.125
13 0.80625 0.27734375 0.1125 0.1328125
13 0.709375 0.296875 0.0984375 0.1265625
13 0.6234375 0.3140625 0.0984375 0.1203125
14 0.546875 0.33203125 0.0875 0.1109375
14 0.471875 0.34296875 0.0875 0.115625
14 0.39765625 0.3578125 0.0875 0.1109375
3 0.33125 0.38359375 0.065625 0.0796875
3 0.28125 0.390625 0.05625 0.078125
2 0.234375 0.40078125 0.0546875 0.075
5 0.81484375 0.41171875 0.115625 0.0796875
4 0.721875 0.41640625 0.0796875 0.0890625
29 0.63203125 0.43984375 0.1125 0.078125
28 0.5484375 0.44609375 0.075 0.084375
1 0.4734375 0.46328125 0.0984375 0.0734375
0 0.40078125 0.46875 0.065625 0.078125
15 0.4265625 0.56328125 0.0796875 0.090625
23 0.4984375 0.55703125 0.08125 0.084375
24 0.4375 0.66171875 0.0703125 0.078125
24 0.4984375 0.6546875 0.0671875 0.078125
24 0.55625 0.64765625 0.0671875 0.08125
26 0.60859375 0.64765625 0.0515625 0.071875
30 0.6609375 0.63828125 0.075 0.084375
12 0.725 0.63203125 0.0703125 0.0796875
16 0.78984375 0.6265625 0.078125 0.084375
6 0.8640625 0.61796875 0.0859375 0.0953125
27 0.315625 0.834375 0.0921875 0.071875
27 0.3328125 0.8859375 0.090625 0.0671875
25 0.403125 0.8265625 0.0921875 0.0703125
25 0.41796875 0.8796875 0.090625 0.06875
25 0.503125 0.8765625 0.096875 0.078125
25 0.49609375 0.81640625 0.0953125 0.0796875
25 0.596875 0.87265625 0.103125 0.08125
25 0.58671875 0.81484375 0.1 0.075
25 0.57890625 0.7515625 0.0984375 0.071875
25 0.4921875 0.7515625 0.0890625 0.0671875
31 0.74538254375 0.8951060171874999 0.7364705328125 0.8366207765624999 0.6397253921875 0.8419060828125 0.647599309375 0.8989788421875 0.74538254375 0.8951060171874999
31 0.7360062703125 0.8382444 0.72920295625 0.7799822609375 0.630491978125 0.7860633046875 0.6397242890625 0.8429451546875001 0.7360062703125 0.8382444
31 0.7294177296875 0.781510453125 0.72075520625 0.7198733953125 0.6202214140625 0.727768996875 0.6306343796875 0.788121125 0.7294177296875 0.781510453125
17 0.8511363046874999 0.8937492203125 0.8418663375 0.8327169937500001 0.7407842828125 0.8365339765625001 0.7492072671875001 0.8976852390625 0.8511363046874999 0.8937492203125
17 0.8412588937500001 0.8333218234374999 0.8305939796875 0.7672910578125001 0.7304770031250001 0.77305024375 0.7376138296875 0.8349017218749999 0.8412588937500001 0.8333218234374999
17 0.8318761359375 0.7468519765625 0.8218208296875 0.690085790625 0.7271746203125 0.700270696875 0.7374533640625 0.75492764375 0.8318761359375 0.7468519765625
7 0.9529807874999999 0.8300873421875 0.9489999203125 0.7672728640625001 0.836756528125 0.7752557640625 0.8463700953125001 0.835200784375 0.9529807874999999 0.8300873421875
7 0.95985569375 0.888858878125 0.9520153875 0.8281451859375 0.8424159031249999 0.8352370499999999 0.848956015625 0.893016721875 0.95985569375 0.888858878125
7 0.9362349515625 0.7404966390625 0.929895896875 0.680610875 0.8242648000000001 0.6913006890625 0.83248358125 0.7462471453124999 0.9362349515625 0.7404966390625
41 0.83046875 0.51328125 0.0484375 0.0890625
38 0.79296875 0.51875 0.0484375 0.0859375
39 0.75546875 0.5234375 0.0484375 0.0859375
37 0.71953125 0.52734375 0.0453125 0.084375
36 0.55703125 0.5484375 0.0546875 0.08125
34 0.6343993859375 0.576172328125 0.616021575 0.500836365625 0.573673934375 0.5091255015625 0.5904942265625001 0.58156360625 0.6343993859375 0.576172328125
33 0.6716302578125 0.5713294624999999 0.65421730625 0.4954683046875 0.6206720171875 0.4997931953125 0.6394921499999999 0.5754565859375 0.6716302578125 0.5713294624999999
35 0.7060202453125 0.5684442359374999 0.6924130374999999 0.49010024531249996 0.6584211015625 0.4948775 0.6738821374999999 0.5725713578125 0.7060202453125 0.5684442359374999
42 0.87109375 0.50859375 0.0484375 0.0890625