19 0.628125 0.19296875 0.1171875 0.1421875
19 0.54453125 0.21328125 0.1109375 0.1390625
20 0.46171875 0.23359375 0.115625 0.1453125
20 0.3765625 0.25390625 0.115625 0.146875
8 0.2921875 0.27734375 0.1171875 0.15625
9 0.2125 0.29921875 0.1046875 0.1421875
10 0.12734375 0.3234375 0.1125 0.146875
11 0.05 0.35 0.1 0.14375
13 0.66796875 0.32265625 0.1109375 0.1375
13 0.58671875 0.340625 0.109375 0.1375
13 0.5078125 0.3625 0.1046875 0.1359375
14 0.42890625 0.3890625 0.103125 0.121875
14 0.34609375 0.41015625 0.1125 0.13125
14 0.265625 0.43125 0.1015625 0.128125
3 0.2015625 0.4625 0.0796875 0.0921875
3 0.14296875 0.47734375 0.078125 0.090625
2 0.08515625 0.4921875 0.071875 0.0921875
5 0.68203125 0.44921875 0.115625 0.0875
4 0.6 0.46328125 0.0828125 0.0875
29 0.5203125 0.48984375 0.109375 0.0828125
28 0.440625 0.50546875 0.0796875 0.084375
1 0.365625 0.53046875 0.1125 0.0859375
0 0.28203125 0.5453125 0.0875 0.090625
45 0.73671875 0.53515625 0.053125 0.0859375
44 0.70078125 0.54375 0.0515625 0.0859375
18 0.66796875 0.55234375 0.053125 0.0875
41 0.63203125 0.56171875 0.053125 0.0875
37 0.59765625 0.56953125 0.053125 0.0890625
14 0.565625 0.57734375 0.053125 0.0875
34 0.4921875 0.5953125 0.0640625 0.0875
18 0.446875 0.60546875 0.0640625 0.0890625
23 0.3875 0.61953125 0.0953125 0.1
15 0.31484375 0.63671875 0.090625 0.1
18 0.73515625 0.63671875 0.0734375 0.0828125
16 0.678125 0.65 0.0796875 0.0921875
12 0.61796875 0.66640625 0.0796875 0.0875
30 0.55546875 0.68046875 0.0796875 0.0875
26 0.50703125 0.69453125 0.05625 0.0734375
24 0.45546875 0.70546875 0.078125 0.090625
24 0.39765625 0.71875 0.0765625 0.0890625
24 0.33828125 0.734375 0.078125 0.0890625
7 0.7828125 0.73828125 0.1125 0.0828125
7 0.79765625 0.79765625 0.1109375 0.0796875
7 0.81328125 0.85234375 0.1109375 0.08125
17 0.7 0.81796875 0.1109375 0.0796875
17 0.7171875 0.871875 0.109375 0.078125
31 0.62265625 0.89375 0.109375 0.0765625
31 0.60546875 0.83984375 0.1078125 0.0796875
31 0.5875 0.7546875 0.103125 0.0734375
25 0.528125 0.915625 0.1078125 0.0796875
25 0.509375 0.86171875 0.109375 0.078125
25 0.49140625 0.80390625 0.109375 0.084375
25 0.4140625 0.88125 0.1125 0.0828125
25 0.43515625 0.934375 0.109375 0.078125
25 0.2905933375 0.93959040625 0.310069928125 0.9921112921875 0.3987951375 0.9726983140625001 0.3838440890625 0.917254984375 0.2905933375 0.93959040625
27 0.285402359375 1 0.3021475140625 0.9966247328125 0.2826016234375 0.9422422156250001 0.192237234375 0.9631044796875001 0.2052226546875 1 0.285402359375 1