11 0.13515625 0.2390625 0.11875 0.140625
10 0.23359375 0.23203125 0.1015625 0.1296875
9 0.31953125 0.22734375 0.090625 0.128125
8 0.40546875 0.21796875 0.1015625 0.1359375
20 0.49765625 0.2125 0.0953125 0.134375
20 0.58515625 0.2015625 0.0953125 0.1390625
21 0.6765625 0.1953125 0.0921875 0.1359375
21 0.75703125 0.1890625 0.096875 0.1328125
2 0.1546875 0.39921875 0.071875 0.0859375
3 0.22265625 0.39453125 0.0609375 0.0828125
3 0.28125 0.38671875 0.06875 0.0890625
14 0.3546875 0.36953125 0.090625 0.1140625
14 0.440625 0.3625 0.0953125 0.1125
14 0.521875 0.35625 0.0828125 0.1109375
13 0.60078125 0.34375 0.0875 0.11875
13 0.6828125 0.3375 0.09375 0.1234375
13 0.77109375 0.33125 0.09375 0.1234375
0 0.34296875 0.49296875 0.065625 0.0734375
1 0.42578125 0.4921875 0.103125 0.06875
28 0.50703125 0.47890625 0.065625 0.071875
29 0.58671875 0.4765625 0.103125 0.071875
4 0.6671875 0.4578125 0.065625 0.0828125
5 0.759375 0.45859375 0.1078125 0.0703125
15 0.36171875 0.584375 0.078125 0.0828125
23 0.4375 0.57734375 0.0765625 0.084375
24 0.3703125 0.6828125 0.0703125 0.075
24 0.42890625 0.678125 0.0625 0.06875
24 0.490625 0.67421875 0.0625 0.0703125
30 0.5859375 0.665625 0.0640625 0.075
26 0.540625 0.6734375 0.040625 0.05625
16 0.709375 0.6578125 0.0671875 0.0765625
6 0.77265625 0.6515625 0.071875 0.078125
27 0.22109375 0.8515625 0.1 0.0609375
27 0.22890625 0.9046875 0.0921875 0.0578125
25 0.31484375 0.8484375 0.0921875 0.0609375
25 0.3203125 0.90859375 0.096875 0.0609375
25 0.415625 0.90234375 0.09375 0.059375
25 0.4046875 0.846875 0.1015625 0.065625
25 0.5046875 0.84375 0.1015625 0.065625
25 0.5078125 0.8984375 0.0984375 0.059375
31 0.6015625 0.7765625 0.1 0.0640625
31 0.6046875 0.83515625 0.1 0.0625
31 0.6109375 0.8890625 0.0984375 0.0578125
17 0.69765625 0.8171875 0.09375 0.0625
17 0.70390625 0.88125 0.0984375 0.0609375
7 0.80546875 0.88203125 0.1015625 0.0703125
7 0.80078125 0.81875 0.10625 0.0671875
7 0.78828125 0.74765625 0.1 0.0640625
42 0.8 0.55234375 0.0375 0.0796875
41 0.76484375 0.55546875 0.0375 0.08125
38 0.72890625 0.559375 0.0390625 0.0828125
39 0.69375 0.56171875 0.0390625 0.0796875
35 0.62421875 0.56640625 0.0390625 0.0796875
33 0.58671875 0.56796875 0.0390625 0.0796875
36 0.49609375 0.57734375 0.05 0.078125
34 0.571406015625 0.6085732078125 0.562465515625 0.5327594640625 0.51697064375 0.535940775 0.5272252 0.61166263125 0.571406015625 0.6085732078125
18 0.64765625 0.65859375 0.0609375 0.075
18 0.65859375 0.55703125 0.0359375 0.06875