11 0.78203125 0.0875 0.1296875 0.1546875
10 0.68828125 0.109375 0.128125 0.1546875
9 0.603125 0.13125 0.1109375 0.146875
8 0.5171875 0.15078125 0.1140625 0.1453125
22 0.4296875 0.1703125 0.109375 0.1390625
22 0.34140625 0.1875 0.109375 0.1390625
21 0.25078125 0.2015625 0.1203125 0.15
21 0.15 0.2234375 0.1328125 0.1578125
13 0.3671875 0.3328125 0.109375 0.1375
13 0.2828125 0.35078125 0.1046875 0.1359375
13 0.1984375 0.3671875 0.1078125 0.1390625
14 0.53984375 0.29765625 0.1109375 0.13125
14 0.62578125 0.278125 0.1046875 0.1296875
3 0.69453125 0.278125 0.078125 0.0953125
3 0.75859375 0.26328125 0.0828125 0.0953125
0 0.65234375 0.39921875 0.0828125 0.0859375
1 0.571875 0.42109375 0.1078125 0.08125
28 0.4875 0.4328125 0.0796875 0.0921875
29 0.40859375 0.45859375 0.109375 0.08125
4 0.3265625 0.471875 0.0734375 0.08125
5 0.23125 0.496875 0.1171875 0.0875
15 0.6640625 0.49609375 0.0875 0.0984375
23 0.58984375 0.51796875 0.0921875 0.0984375
24 0.6875 0.5921875 0.0734375 0.0828125
24 0.628125 0.60546875 0.071875 0.08125
24 0.56875 0.61875 0.075 0.084375
26 0.5203125 0.6359375 0.053125 0.0640625
30 0.46640625 0.6421875 0.078125 0.0859375
12 0.4015625 0.65703125 0.075 0.0828125
16 0.340625 0.6703125 0.078125 0.084375
6 0.2703125 0.68671875 0.08125 0.0875
27 0.88359375 0.72109375 0.1078125 0.078125
27 0.89140625 0.77578125 0.10625 0.0734375
25 0.77578125 0.7453125 0.1015625 0.0734375
25 0.7890625 0.79921875 0.103125 0.0734375
25 0.696875 0.82109375 0.1 0.0734375
25 0.68671875 0.7671875 0.1046875 0.0703125
25 0.67734375 0.71484375 0.10625 0.071875
25 0.59453125 0.7890625 0.103125 0.0703125
25 0.60390625 0.8390625 0.0984375 0.0671875
25 0.58125 0.7359375 0.1046875 0.0734375
31 0.48515625 0.759375 0.1046875 0.071875
31 0.5015625 0.809375 0.1015625 0.0703125
31 0.5140625 0.8625 0.1 0.065625
17 0.4203125 0.88203125 0.1 0.071875
7 0.32734375 0.90625 0.10625 0.0734375
7 0.29765625 0.8015625 0.1125 0.078125
7 0.31328125 0.85546875 0.109375 0.0734375
36 0.5296875 0.53125 0.0609375 0.084375
34 0.48125 0.54140625 0.059375 0.0828125
38 0.30625 0.57890625 0.046875 0.08125
39 0.3390625 0.57265625 0.0484375 0.08125
42 0.23984375 0.59453125 0.0484375 0.0828125
33 0.440625 0.55 0.05 0.0828125
18 0.4046875 0.5515625 0.0453125 0.0703125
18 0.37109375 0.55859375 0.04375 0.0703125
18 0.271875 0.58046875 0.0453125 0.071875
18 0.4515625 0.31484375 0.1125 0.1375