13 0.775 0.3015625 0.1046875 0.11875
14 0.62421875 0.26015625 0.1015625 0.1265625
14 0.54609375 0.24296875 0.1 0.128125
21 0.459375 0.22421875 0.1078125 0.1234375
21 0.378125 0.2046875 0.0984375 0.1203125
20 0.29375 0.1796875 0.10625 0.1296875
23 0.73125 0.42265625 0.0890625 0.0953125
9 0.54140625 0.37421875 0.1015625 0.109375
10 0.46484375 0.35546875 0.0921875 0.109375
11 0.3921875 0.33125 0.1 0.121875
3 0.32109375 0.33125 0.075 0.0875
2 0.26484375 0.31953125 0.06875 0.0796875
1 0.41171875 0.45234375 0.1 0.078125
28 0.48671875 0.4671875 0.0734375 0.078125
29 0.559375 0.4875 0.0984375 0.0765625
4 0.63359375 0.4984375 0.071875 0.0796875
5 0.7109375 0.5234375 0.0984375 0.075
12 0.69921875 0.61484375 0.065625 0.071875
24 0.35625 0.61796875 0.071875 0.078125
24 0.41171875 0.63203125 0.0671875 0.0734375
24 0.46875 0.64453125 0.06875 0.075
26 0.515625 0.6578125 0.0515625 0.065625
30 0.56328125 0.66953125 0.06875 0.0703125
16 0.61640625 0.68203125 0.065625 0.06875
6 0.6734375 0.69296875 0.071875 0.071875
7 0.6171875 0.89140625 0.0953125 0.071875
7 0.6328125 0.84296875 0.096875 0.0703125
17 0.5453125 0.82578125 0.096875 0.071875
17 0.5328125 0.87421875 0.0953125 0.06875
31 0.45 0.8515625 0.0953125 0.0734375
31 0.46171875 0.80234375 0.0953125 0.071875
25 0.35859375 0.83203125 0.0953125 0.0734375
25 0.36875 0.78046875 0.096875 0.071875
25 0.28125 0.7625 0.1 0.0765625
25 0.27421875 0.81328125 0.096875 0.06875
27 0.18203125 0.7953125 0.096875 0.06875
27 0.1875 0.74375 0.1 0.0765625
36 0.36875 0.53359375 0.0546875 0.0765625
34 0.4109375 0.54296875 0.0546875 0.0765625
33 0.44765625 0.5515625 0.04375 0.0734375
35 0.47890625 0.559375 0.046875 0.075
39 0.540625 0.571875 0.0453125 0.075
38 0.56953125 0.57890625 0.0453125 0.0734375
41 0.59921875 0.5859375 0.04375 0.0734375
42 0.62890625 0.5921875 0.046875 0.0734375
40 0.65859375 0.59921875 0.046875 0.075
18 0.51171875 0.559375 0.04375 0.0671875
18 0.6359375 0.3984375 0.1296875 0.1078125
18 0.69765625 0.27890625 0.1 0.1203125