13 0.4171875 0.209375 0.1375 0.1640625
14 0.61171875 0.25234375 0.1375 0.16875
14 0.51796875 0.2296875 0.1375 0.1609375
21 0.70625 0.27578125 0.125 0.1578125
21 0.78671875 0.2984375 0.121875 0.1546875
21 0.88046875 0.32109375 0.134375 0.1546875
2 0.8265625 0.48203125 0.09375 0.0984375
18 0.66953125 0.4453125 0.1953125 0.115625
9 0.53203125 0.39140625 0.115625 0.1375
18 0.4515625 0.3859375 0.084375 0.0984375
15 0.37421875 0.365625 0.1171875 0.11875
23 0.28828125 0.34921875 0.1125 0.109375
1 0.61875 0.5453125 0.1171875 0.084375
28 0.51953125 0.515625 0.0859375 0.0875
29 0.4359375 0.50078125 0.1140625 0.084375
4 0.35703125 0.47421875 0.084375 0.0921875
5 0.32770430781250004 0.44209655625 0.2284887171875 0.4199893640625 0.2225038921875 0.4804933921875 0.316316328125 0.5029502140625 0.32770430781250004 0.44209655625
36 0.6007423484375 0.5896508078125 0.5790060953125 0.6563344953125 0.6240541171875 0.66849710625 0.647035978125 0.6035326328124999 0.6007423484375 0.5896508078125
34 0.56640625 0.61484375 0.0671875 0.0875
33 0.52421875 0.609375 0.0515625 0.078125
35 0.49375 0.60078125 0.0515625 0.078125
37 0.46015625 0.5921875 0.0515625 0.0765625
41 0.4265625 0.5859375 0.05 0.075
40 0.3953125 0.57578125 0.0515625 0.0796875
44 0.36328125 0.5671875 0.0515625 0.0828125
45 0.33046875 0.56171875 0.046875 0.078125
43 0.29765625 0.55078125 0.0515625 0.08125
18 0.25703125 0.5421875 0.0546875 0.075
24 0.590625 0.7125 0.075 0.078125
24 0.53203125 0.7 0.078125 0.0796875
24 0.47421875 0.68515625 0.0703125 0.0765625
26 0.425 0.6734375 0.05625 0.06875
18 0.3703125 0.66015625 0.0671875 0.06875
16 0.303125 0.640625 0.0765625 0.078125
6 0.23984375 0.63125 0.078125 0.08125
27 0.6215337109375 0.91456429375 0.6083809359375 0.9543662062499999 0.6950207515625 0.9766468125 0.712314290625 0.9363211734375 0.6215337109375 0.91456429375
25 0.58203125 0.87734375 0.1046875 0.065625
25 0.609400540625 0.953286465625 0.621883759375 0.9130480640625 0.5337172203125 0.8914954265624999 0.520816215625 0.9312380984375 0.609400540625 0.953286465625
10 0.490625 0.85859375 0.1015625 0.0625
31 0.3984375 0.834375 0.1 0.0671875
31 0.39453125 0.8765625 0.1015625 0.0625
17 0.30625 0.85625 0.1015625 0.065625
17 0.31328125 0.81171875 0.0984375 0.0625
17 0.32109375 0.765625 0.10625 0.0671875
7 0.22421875 0.7359375 0.1046875 0.071875
7 0.215625 0.78828125 0.103125 0.071875
7 0.21328125 0.834375 0.0984375 0.0671875
13 0.31953125 0.1875 0.128125 0.1578125