9 0.1765625 0.22109375 0.1328125 0.1546875
13 0.28046875 0.23125 0.1421875 0.171875
14 0.39296875 0.2453125 0.13125 0.159375
19 0.49296875 0.253125 0.1171875 0.1609375
18 0.15167836875000001 0.5649433937499999 0.27049005 0.571749640625 0.2765856390625 0.5137539875 0.153154225 0.5053516203124999 0.15167836875000001 0.5649433937499999
29 0.276650525 0.5767725578125 0.38515838125 0.58306745625 0.39195825625 0.5183709671875001 0.27976795625 0.50984414375 0.276650525 0.5767725578125
7 0.3871332 0.581528553125 0.49040532812500004 0.5877653328125 0.49445837031249995 0.5252263359375 0.3916670625 0.5176873843750001 0.3871332 0.581528553125
31 0.3808729671875 0.6907814203125 0.47972776406250006 0.6955658015624999 0.48392740312500004 0.6337038421875001 0.38706080468750004 0.62776706875 0.3808729671875 0.6907814203125
24 0.3484375 0.65703125 0.0828125 0.0875
23 0.22946335625 0.6944567734375 0.31327058281250003 0.6956938984375001 0.323106746875 0.6021090515624999 0.228554971875 0.5954361203125 0.22946335625 0.6944567734375
15 0.2253380453125 0.5970569203125 0.13270830312499998 0.592218428125 0.13907703437500002 0.693118928125 0.23118523125 0.6946377499999999 0.2253380453125 0.5970569203125
25 0.2534242390625 0.75683478125 0.1374837109375 0.75564685 0.1321506921875 0.823823253125 0.2479218875 0.8229906515625001 0.2534242390625 0.75683478125
25 0.130574396875 0.81915865625 0.127076640625 0.8874916624999999 0.2431134625 0.88452093125 0.24701888906249997 0.8179732109375 0.130574396875 0.81915865625
25 0.3616143625 0.8193572359375001 0.2536633578125 0.819856065625 0.248781040625 0.8813314109375 0.3551663859375 0.8773535546875 0.3616143625 0.8193572359375001
25 0.2521474765625 0.75415475 0.2478138171875 0.8204257484375 0.3578074671875 0.8184292281250001 0.3623730234375 0.7570536328124999 0.2521474765625 0.75415475
27 0.3801551484375 0.7565905078124999 0.375916565625 0.8169490375 0.4733948 0.815185446875 0.47898191875 0.7527636953125 0.3801551484375 0.7565905078124999
27 0.37791803281249997 0.8179372109375 0.37337708593749996 0.871156996875 0.4737324640625 0.872054778125 0.4795940015625 0.812040871875 0.37791803281249997 0.8179372109375
40 0.4890625 0.4234375 0.0453125 0.0921875
41 0.44921875 0.42109375 0.05 0.0921875
43 0.38819194375 0.4598281421875 0.4286350203125 0.46407888125 0.43435146874999997 0.37396461875 0.3975564921875 0.37073042031250003 0.38819194375 0.4598281421875
44 0.37421875 0.4140625 0.05 0.09375
45 0.334375 0.409375 0.05 0.096875
45 0.27040955312500004 0.45088262500000004 0.31121379843749997 0.455057853125 0.3189802328125 0.36150491875 0.2769723484375 0.3570897125 0.27040955312500004 0.45088262500000004
33 0.229369153125 0.447485209375 0.27138175468750003 0.45208343749999996 0.2769723484375 0.3570897125 0.233849503125 0.3528319765625 0.229369153125 0.447485209375
37 0.1858317875 0.4439157515625 0.2288474515625 0.44722446250000003 0.2321530375 0.35155503593750004 0.18858239375000002 0.3480742125 0.1858317875 0.4439157515625
18 0.14305442968749998 0.43985457187500004 0.186042296875 0.444372778125 0.1889049265625 0.345086865625 0.14862206875 0.3416769421875 0.14305442968749998 0.43985457187500004