19 0.4546875 0.26640625 0.134375 0.1859375
14 0.34296875 0.284375 0.1234375 0.1703125
13 0.23671875 0.2953125 0.1328125 0.171875
9 0.12890625 0.30078125 0.13125 0.18125
7 0.453125 0.603125 0.1171875 0.0828125
29 0.34140625 0.6140625 0.1171875 0.0796875
5 0.2296875 0.6234375 0.121875 0.078125
31 0.4875 0.7109375 0.109375 0.0703125
24 0.403125 0.7078125 0.0703125 0.075
23 0.33203125 0.71015625 0.090625 0.0859375
15 0.2453125 0.71875 0.096875 0.0953125
27 0.4953125 0.8125 0.1078125 0.0625
27 0.50078125 0.86796875 0.1046875 0.0546875
25 0.39765625 0.87578125 0.10625 0.0625
25 0.390625 0.82421875 0.1109375 0.0640625
38 0.45703125 0.4625 0.053125 0.103125
39 0.5015625 0.45546875 0.0515625 0.10625
40 0.44013336093750005 0.5121111515625001 0.42589292656250005 0.413522565625 0.38623380625000003 0.418854690625 0.40094586874999993 0.51564803125 0.44013336093750005 0.5121111515625001
41 0.399411475 0.5158093015625 0.37974017656250003 0.4172096328125 0.341665390625 0.422957128125 0.360284471875 0.519921715625 0.399411475 0.5158093015625
35 0.3156661140625 0.5234475125 0.299124090625 0.42510083437499996 0.2594349625 0.43043611249999997 0.27583240625 0.5282160953124999 0.3156661140625 0.5234475125
18 0.16953125 0.4796875 0.04375 0.0921875
18 0.21015625 0.475 0.0453125 0.0921875
18 0.24921875 0.471875 0.04375 0.0890625
18 0.328125 0.465625 0.05 0.090625