19 0.15546875 0.2734375 0.11875 0.159375
19 0.2515625 0.26640625 0.109375 0.1484375
20 0.3453125 0.25703125 0.1109375 0.14375
20 0.4328125 0.2515625 0.10625 0.134375
8 0.52109375 0.23671875 0.1109375 0.14375
9 0.6078125 0.2234375 0.1078125 0.1390625
10 0.6953125 0.20859375 0.1109375 0.14375
13 0.1765625 0.440625 0.1078125 0.1375
13 0.2671875 0.42734375 0.1046875 0.1390625
13 0.3546875 0.415625 0.1078125 0.1375
3 0.6921875 0.38515625 0.0703125 0.0890625
3 0.75 0.37265625 0.071875 0.0921875
2 0.81171875 0.36640625 0.0734375 0.0890625
18 0.52265625 0.38671875 0.2640625 0.1625
5 0.21875 0.5703125 0.1171875 0.078125
4 0.3078125 0.5484375 0.0796875 0.0890625
29 0.39609375 0.54453125 0.109375 0.0765625
28 0.4796875 0.52578125 0.078125 0.084375
1 0.56640625 0.5171875 0.109375 0.078125
0 0.646875 0.50078125 0.075 0.0796875
15 0.65 0.59375 0.0796875 0.09375
23 0.578125 0.60625 0.0828125 0.0921875
24 0.65546875 0.6953125 0.071875 0.08125
24 0.5953125 0.70234375 0.071875 0.0796875
24 0.53359375 0.7125 0.0703125 0.08125
26 0.484375 0.7296875 0.053125 0.0671875
30 0.43203125 0.73203125 0.078125 0.08125
12 0.36875 0.74765625 0.0765625 0.078125
16 0.303125 0.76015625 0.0734375 0.08125
6 0.2375 0.7703125 0.078125 0.0859375
27 0.846875 0.8828125 0.0984375 0.06875
27 0.84140625 0.82890625 0.103125 0.0703125
25 0.7484375 0.8453125 0.103125 0.0671875
25 0.7546875 0.896875 0.1015625 0.06875
25 0.66328125 0.915625 0.0984375 0.06875
25 0.6546875 0.8609375 0.1015625 0.071875
25 0.56875 0.934375 0.1 0.06875
25 0.5609375 0.88125 0.1015625 0.0703125
31 0.46640625 0.90625 0.10625 0.071875
31 0.47265625 0.95859375 0.103125 0.06875
17 0.3765625 0.9703125 0.10625 0.059375
17 0.36484375 0.921875 0.10625 0.0734375
6 0.2796875 0.97734375 0.109375 0.0453125
6 0.26953125 0.93203125 0.1078125 0.078125
41 0.25078125 0.6640625 0.046875 0.084375
35 0.39453125 0.640625 0.046875 0.0828125
36 0.5448696296875 0.6533445515625 0.53626134375 0.5782682968749999 0.49179790624999997 0.5853106125 0.501375521875 0.660954471875 0.5448696296875 0.6533445515625
34 0.4957490015625 0.661845625 0.4890607046875 0.5868258375 0.4441953265625 0.5942923796875 0.4517303046875 0.6691780656249999 0.4957490015625 0.661845625
33 0.44891704531250004 0.6696236421874999 0.44251949062499996 0.5934761109375 0.4099116203125 0.5993618203125 0.41609567968750005 0.6748220359375 0.44891704531250004 0.6696236421874999
37 0.3791658421875 0.6813922781249999 0.3643332515625 0.603696209375 0.332324128125 0.6102082140625 0.3468690625 0.68686815 0.3791658421875 0.6813922781249999
18 0.2140625 0.6640625 0.04375 0.0734375
18 0.2875 0.6515625 0.0453125 0.071875
18 0.3203125 0.6453125 0.040625 0.0703125