13 0.275 0.2640625 0.0875 0.103125
13 0.34453125 0.2609375 0.071875 0.1046875
14 0.40703125 0.2625 0.0640625 0.096875
14 0.47265625 0.25546875 0.071875 0.1015625
19 0.54140625 0.25078125 0.075 0.1046875
19 0.609375 0.24453125 0.0734375 0.1015625
20 0.6921875 0.2390625 0.078125 0.1
23 0.28828125 0.38359375 0.0640625 0.0734375
15 0.346875 0.38125 0.0640625 0.065625
8 0.40625 0.36640625 0.0734375 0.0984375
9 0.471875 0.3609375 0.065625 0.0953125
10 0.53203125 0.3625 0.0609375 0.0859375
11 0.5953125 0.3546875 0.0671875 0.09375
3 0.646875 0.36484375 0.046875 0.0609375
2 0.69453125 0.3609375 0.053125 0.0625
5 0.31953125 0.46484375 0.078125 0.0546875
4 0.38203125 0.45703125 0.046875 0.0578125
29 0.44296875 0.45703125 0.0765625 0.053125
28 0.509375 0.45 0.05 0.0546875
1 0.56875 0.44921875 0.0734375 0.05
12 0.32109375 0.5328125 0.0453125 0.0546875
24 0.5828125 0.575 0.0390625 0.046875
24 0.54140625 0.57890625 0.04375 0.04375
24 0.5 0.58046875 0.040625 0.0453125
26 0.46484375 0.58984375 0.0328125 0.0390625
30 0.42265625 0.59296875 0.0484375 0.046875
16 0.37734375 0.5921875 0.04375 0.0484375
6 0.334375 0.596875 0.0515625 0.05
27 0.66484375 0.7 0.0609375 0.034375
27 0.66640625 0.66796875 0.0625 0.040625
25 0.54453125 0.7109375 0.0609375 0.0375
25 0.60546875 0.70546875 0.059375 0.0375
25 0.60546875 0.67265625 0.0625 0.0390625
31 0.48203125 0.7203125 0.0625 0.034375
31 0.47890625 0.68984375 0.0625 0.034375
31 0.47578125 0.6515625 0.0671875 0.0390625
17 0.41953125 0.725 0.065625 0.0359375
17 0.4140625 0.69296875 0.0640625 0.0390625
17 0.41015625 0.659375 0.0671875 0.0390625
7 0.35546875 0.73046875 0.0671875 0.0359375
7 0.3515625 0.6953125 0.065625 0.040625
40 0.3546875 0.5296875 0.028125 0.053125
36 0.58125 0.5140625 0.034375 0.0546875
34 0.5484375 0.51640625 0.0328125 0.053125
33 0.5203125 0.51796875 0.0265625 0.053125
35 0.49609375 0.51953125 0.0265625 0.053125
39 0.45 0.5234375 0.028125 0.053125
38 0.42578125 0.525 0.028125 0.053125
41 0.40234375 0.5265625 0.028125 0.0546875
42 0.37890625 0.528125 0.028125 0.0546875
18 0.4734375 0.5171875 0.0234375 0.046875