13 0.0828125 0.221875 0.165625 0.228125
14 0.28984375 0.18671875 0.15 0.1890625
14 0.39296875 0.16640625 0.13125 0.1875
14 0.471875 0.15703125 0.1015625 0.1640625
19 0.54140625 0.14609375 0.1078125 0.1609375
19 0.60859375 0.1390625 0.1 0.146875
22 0.67421875 0.12421875 0.090625 0.1375
8 0.1125 0.42109375 0.16875 0.1890625
9 0.21640625 0.39453125 0.146875 0.16875
10 0.321875 0.37578125 0.140625 0.1609375
11 0.409375 0.346875 0.128125 0.1578125
3 0.4796875 0.34296875 0.071875 0.096875
3 0.52421875 0.33046875 0.0625 0.09375
2 0.5703125 0.31484375 0.08125 0.0984375
5 0.2769542703125 0.5915043343749999 0.2505352125 0.515928028125 0.137503928125 0.5570286421875 0.16525731562499998 0.6379565234375 0.2769542703125 0.5915043343749999
4 0.25463951093750004 0.49371794218750004 0.2808446765625 0.590534346875 0.355021825 0.5631580109375001 0.3318035890625 0.4662107796875 0.25463951093750004 0.49371794218750004
29 0.42573353437500006 0.4562269296875 0.33794801875 0.49361682656249994 0.35566219062500004 0.5563777140624999 0.44790456250000005 0.5171394828125 0.42573353437500006 0.4562269296875
28 0.4209565140625 0.44811646875 0.44835037031249997 0.519315696875 0.4954828203125 0.49869003593750005 0.47060329375 0.429020365625 0.4209565140625 0.44811646875
1 0.5615470140625 0.3960105609375 0.49346052656249995 0.42125442656249995 0.507970171875 0.49049855468750003 0.582188965625 0.46312313281249995 0.5615470140625 0.3960105609375
0 0.5617101734375 0.3939028640625 0.579583165625 0.4628251828125 0.6173941843749999 0.44892101718750005 0.598468340625 0.3811207796875 0.5617101734375 0.3939028640625
45 0.1616183171875 0.664795171875 0.20330568906250002 0.75465090625 0.24031086093749998 0.7345727234375 0.1989829515625 0.6544456125 0.1616183171875 0.664795171875
44 0.2049817828125 0.65088294375 0.24420126562500002 0.7336027359374999 0.28280095 0.714839103125 0.244580515625 0.6301581140625 0.2049817828125 0.65088294375
40 0.246119959375 0.630807796875 0.283352315625 0.716606771875 0.3196788359375 0.699057559375 0.28267738593749997 0.6144584937500001 0.246119959375 0.630807796875
41 0.2852710078125 0.6138118312499999 0.31946646562500003 0.6957172390624999 0.35224254843749997 0.6804770375 0.3200045359375 0.5984340453125 0.2852710078125 0.6138118312499999
33 0.387932203125 0.5670287515625 0.4184424 0.6452022453125 0.447832815625 0.630812225 0.42043606875000006 0.553757134375 0.387932203125 0.5670287515625
35 0.388944525 0.5683266046875 0.357980103125 0.5822479046875 0.38820578125 0.6620426078125 0.4195251 0.6478156687500001 0.388944525 0.5683266046875
36 0.5037776703125 0.5194692484375001 0.4628181265625 0.5378161171875 0.49080266406249995 0.6094723609375 0.53245324375 0.5912752296875 0.5037776703125 0.5194692484375001
23 0.588631603125 0.5612196578125 0.5680441203125 0.49314212187499995 0.51249638125 0.5167531375000001 0.5338890828125 0.5905106140624999 0.588631603125 0.5612196578125
18 0.6095128515625 0.4768374890625 0.5689791921875 0.493993565625 0.5883770078125 0.5601985265625 0.6297085171875 0.5377501421875001 0.6095128515625 0.4768374890625
6 0.194928584375 0.7881376984374999 0.2371496140625 0.8763095218749999 0.3119903140625 0.8312548062499999 0.2787224484375 0.74446891875 0.194928584375 0.7881376984374999
16 0.2988724171875 0.7557139828125 0.3149905671875 0.831955775 0.3752336140625 0.7935290125 0.365781990625 0.716797246875 0.2988724171875 0.7557139828125
30 0.3911395828125 0.6909520703124999 0.42920373125 0.759552890625 0.48717092968750003 0.724957928125 0.4555819453125 0.6537350640625 0.3911395828125 0.6909520703124999
26 0.47931473750000003 0.6445640109374999 0.45485746718750003 0.6566271828125 0.4809326109375 0.7206250062499999 0.5054338046875 0.705839346875 0.47931473750000003 0.6445640109374999
24 0.5513324484375 0.6754150265625001 0.5300599203125 0.6161850906249999 0.4856541046875 0.638102725 0.5078536 0.70353636875 0.5513324484375 0.6754150265625001
24 0.5772315328125 0.59086636875 0.537843553125 0.6126175109374999 0.5578384859375001 0.6754197921875 0.5986973796874999 0.6503899890625 0.5772315328125 0.59086636875
24 0.6235954328125 0.5652067390625 0.58488786875 0.5867882234375 0.609558115625 0.653847815625 0.6456941656249999 0.6301333578125 0.6235954328125 0.5652067390625
7 0.36972989218749996 0.8514835828124999 0.26002996875 0.9129997796874999 0.2894634265625 0.97887176875 0.38986240625 0.913087434375 0.36972989218749996 0.8514835828124999
7 0.376404353125 1 0.41738441875000004 0.9712845890624999 0.40001503281249995 0.9149740281250001 0.29856396875 0.97768735625 0.3073389515625 1 0.376404353125 1
17 0.38632716875 0.9064561921875001 0.4747615359375 0.8524112859375 0.4605042359375 0.795228378125 0.3734121265625 0.8492834484375 0.38632716875 0.9064561921875001
17 0.4175080078125 0.9648425859374999 0.4978208515625 0.9101111187500001 0.48275576875 0.8525872953125001 0.39608300625 0.9119430843749999 0.4175080078125 0.9648425859374999
31 0.4794807890625 0.8539461562499999 0.499651571875 0.9058585734375001 0.5762635375 0.8536767140625001 0.5608559359374999 0.8005767031250001 0.4794807890625 0.8539461562499999
25 0.634574753125 0.7512854078125 0.5603861218749999 0.8044899609374999 0.5754118312500001 0.8560582875 0.6423306421875 0.799785596875 0.634574753125 0.7512854078125
25 0.6958300578125 0.7099823171875 0.63087388125 0.7538350390625 0.6452191734375 0.8055730125 0.70520150625 0.7591643125 0.6958300578125 0.7099823171875
18 0.7110050671875 0.6705227875 0.6702481875 0.70225926875 0.738175078125 0.7298983828125001 0.793641428125 0.6914089640625 0.7110050671875 0.6705227875