21 0.359375 0.321875 0.121875 0.1515625
14 0.2671875 0.3375 0.128125 0.1609375
13 0.17578125 0.36171875 0.121875 0.1515625
9 0.0086616125 0.32469419843749997 0.06867131562499999 0.4579939515625 0.14747570000000002 0.440094821875 0.1135032609375 0.29740167500000003 0.0086616125 0.32469419843749997
41 0.392352371875 0.42535490625000005 0.41549356406250004 0.5101154078125 0.45131999531250006 0.5017358515625 0.43167733906250005 0.4166541546875 0.392352371875 0.42535490625000005
40 0.3556688828125 0.43458021406249997 0.3791400203125 0.5187780359375 0.41559361875 0.5107401984375 0.39268389375 0.4267908875 0.3556688828125 0.43458021406249997
43 0.3188196125 0.4430875375 0.3452959265625 0.5285897109375 0.3814686859375 0.5201310703125 0.3550245453125 0.43397271406250004 0.3188196125 0.4430875375
44 0.2854860515625 0.451539459375 0.309161734375 0.5357979953124999 0.344683565625 0.5267329359375 0.3189853734375 0.44380553125000005 0.2854860515625 0.451539459375
45 0.24840686562499997 0.46123424999999996 0.271606075 0.5450353781249999 0.3089571875 0.5357372828125 0.28565181093750003 0.4522574453125 0.24840686562499997 0.46123424999999996
35 0.20962460468750002 0.46791906718750004 0.2345335453125 0.554728196875 0.27219081875 0.544603590625 0.2495110296875 0.4594668171875 0.20962460468750002 0.46791906718750004
33 0.1687169421875 0.47849773281249997 0.19505933125 0.5638415375 0.2344673 0.5536908921875 0.20979036562500003 0.46863705468749994 0.1687169421875 0.47849773281249997
37 0.12660348125 0.488220390625 0.15780039375 0.5727269296874999 0.197075296875 0.5642141484375001 0.16902975468749998 0.4776692515625 0.12660348125 0.488220390625
37 0.0879416 0.49979308749999996 0.1196031203125 0.5840968546875 0.15776908125 0.5751793546874999 0.12789215625 0.48943538750000004 0.0879416 0.49979308749999996
7 0.35970684375 0.57652228125 0.374891725 0.637136471875 0.469949990625 0.610815025 0.45621057187499997 0.5534863859375 0.35970684375 0.57652228125
29 0.259706134375 0.6018780375 0.2778901625 0.660664996875 0.3761893078125 0.63699893125 0.35993675468749997 0.575334815625 0.259706134375 0.6018780375
5 0.151652725 0.6294710375 0.17222786875 0.6876104484375001 0.2695716265625 0.6642604609375 0.25317200156249997 0.604142825 0.151652725 0.6294710375
31 0.41530768125 0.7352475468749999 0.50959785 0.7104977546875 0.49534241874999996 0.648750696875 0.40054174531250003 0.6747965734375 0.41530768125 0.7352475468749999
24 0.37421875 0.7 0.0796875 0.090625
23 0.303125 0.72109375 0.1015625 0.1046875
18 0.23203125 0.73984375 0.0765625 0.0890625
27 0.4269538953125 0.8306841500000001 0.44022086250000003 0.879177384375 0.5306709656249999 0.8585428421874999 0.5202547531249999 0.8068751750000001 0.4269538953125 0.8306841500000001
27 0.41062917812500005 0.7796243078125 0.426758896875 0.8306905640625001 0.5191505890625 0.8086426124999999 0.506405709375 0.7556219093750001 0.41062917812500005 0.7796243078125
25 0.31870784531249996 0.796308471875 0.336499509375 0.8506781234374999 0.4255262234375 0.822316790625 0.4094314203125 0.77006948125 0.31870784531249996 0.796308471875
25 0.349600265625 0.906101109375 0.4401866515625 0.8823036468750001 0.425600546875 0.8291888140625 0.33190399375 0.8534672734375001 0.349600265625 0.906101109375
25 0.3321713859375 0.8568087015625 0.2340207625 0.8836279734374999 0.25348420156249996 0.9373663562500001 0.348413221875 0.907509546875 0.3321713859375 0.8568087015625