11 0.7875 0.2109375 0.096875 0.121875
10 0.70234375 0.215625 0.0875 0.1203125
9 0.6171875 0.22109375 0.084375 0.1203125
8 0.5359375 0.2296875 0.0859375 0.1125
22 0.45546875 0.23359375 0.0875 0.1109375
22 0.37734375 0.240625 0.0828125 0.103125
21 0.28984375 0.23671875 0.084375 0.11875
21 0.2015625 0.23828125 0.084375 0.121875
13 0.225 0.3703125 0.0828125 0.11875
13 0.31015625 0.36640625 0.084375 0.1203125
13 0.39140625 0.3640625 0.0765625 0.115625
14 0.46484375 0.3609375 0.0796875 0.1109375
14 0.540625 0.359375 0.075 0.109375
14 0.6140625 0.3546875 0.0859375 0.1125
3 0.68359375 0.36796875 0.059375 0.078125
3 0.7421875 0.3609375 0.065625 0.0796875
2 0.80234375 0.359375 0.0671875 0.0828125
0 0.6328125 0.46796875 0.065625 0.0734375
1 0.5546875 0.475 0.0953125 0.0640625
28 0.47734375 0.47265625 0.05625 0.0734375
4 0.32421875 0.4765625 0.0671875 0.0765625
5 0.234375 0.48828125 0.0921875 0.0640625
15 0.63515625 0.5625 0.0765625 0.0859375
23 0.56015625 0.5625 0.075 0.0875
24 0.640625 0.653125 0.065625 0.075
24 0.58046875 0.6546875 0.0609375 0.0703125
24 0.5203125 0.659375 0.059375 0.0671875
26 0.4734375 0.659375 0.0390625 0.0625
30 0.42578125 0.66015625 0.0609375 0.0671875
12 0.36875 0.6625 0.0578125 0.0640625
16 0.31015625 0.66484375 0.05625 0.0625
6 0.246875 0.66484375 0.0625 0.06875
25 0.6984375 0.8046875 0.096875 0.059375
25 0.69296875 0.86015625 0.090625 0.05625
25 0.603125 0.8640625 0.090625 0.0546875
25 0.60234375 0.81328125 0.09375 0.0609375
25 0.5078125 0.86171875 0.0890625 0.05625
25 0.50546875 0.81015625 0.090625 0.05625
31 0.41875 0.865625 0.0890625 0.05625
31 0.41640625 0.81171875 0.090625 0.05625
31 0.41484375 0.76015625 0.0921875 0.05625
17 0.3328125 0.8640625 0.0890625 0.0546875
17 0.32734375 0.81328125 0.0890625 0.0546875
7 0.24609375 0.86640625 0.0890625 0.053125
7 0.23984375 0.81484375 0.0875 0.05625
7 0.2328125 0.76171875 0.0921875 0.0578125
36 0.50390625 0.56796875 0.046875 0.0734375
34 0.4578125 0.5703125 0.046875 0.071875
33 0.4203125 0.5703125 0.0359375 0.071875
35 0.3859375 0.571875 0.034375 0.071875
37 0.35 0.571875 0.0328125 0.071875
39 0.31875 0.5734375 0.034375 0.0734375
38 0.28671875 0.57421875 0.0328125 0.071875
41 0.2546875 0.57578125 0.034375 0.0734375
42 0.22109375 0.57734375 0.034375 0.071875