11 0.84609375 0.2140625 0.109375 0.134375
10 0.746875 0.2140625 0.09375 0.125
9 0.6609375 0.215625 0.0828125 0.121875
8 0.57421875 0.21171875 0.0921875 0.13125
20 0.48203125 0.21328125 0.0859375 0.128125
20 0.39453125 0.20859375 0.0859375 0.134375
21 0.30234375 0.20859375 0.084375 0.13125
21 0.221875 0.2078125 0.0875 0.1265625
2 0.8375 0.375 0.065625 0.08125
3 0.76953125 0.37578125 0.05625 0.078125
3 0.71015625 0.371875 0.0625 0.084375
14 0.6359375 0.359375 0.084375 0.1078125
14 0.55 0.35859375 0.0875 0.10625
14 0.46796875 0.3578125 0.075 0.10625
13 0.38828125 0.3515625 0.0796875 0.1140625
13 0.30625 0.35078125 0.084375 0.1171875
13 0.21796875 0.35078125 0.084375 0.11875
0 0.65625 0.48203125 0.0609375 0.06875
1 0.5734375 0.48671875 0.0984375 0.0625
28 0.49140625 0.4796875 0.0609375 0.06875
29 0.41171875 0.4828125 0.0984375 0.065625
4 0.33046875 0.46953125 0.0609375 0.078125
5 0.23828125 0.4765625 0.103125 0.0625
15 0.64375 0.57421875 0.071875 0.078125
23 0.56796875 0.57265625 0.071875 0.0796875
24 0.6421875 0.6734375 0.065625 0.0703125
24 0.58359375 0.67265625 0.0578125 0.065625
24 0.521875 0.6734375 0.059375 0.065625
30 0.42578125 0.67109375 0.059375 0.071875
26 0.471875 0.67578125 0.0375 0.053125
16 0.30234375 0.671875 0.0625 0.071875
6 0.23828125 0.6703125 0.065625 0.0734375
27 0.803125 0.83125 0.096875 0.0546875
27 0.7984375 0.88515625 0.0890625 0.053125
25 0.709375 0.834375 0.0875 0.0546875
25 0.7078125 0.8953125 0.09375 0.053125
25 0.6125 0.8953125 0.090625 0.053125
25 0.61953125 0.8390625 0.0984375 0.059375
25 0.51953125 0.84296875 0.096875 0.059375
25 0.5203125 0.89765625 0.09375 0.053125
31 0.41796875 0.7828125 0.096875 0.0578125
31 0.41875 0.84140625 0.096875 0.05625
31 0.41640625 0.89609375 0.09375 0.05
17 0.325 0.83046875 0.090625 0.05625
17 0.3234375 0.89453125 0.0953125 0.0546875
7 0.221875 0.90234375 0.096875 0.0625
7 0.221875 0.8390625 0.103125 0.059375
7 0.2296875 0.7671875 0.096875 0.0578125
42 0.2046875 0.5734375 0.0328125 0.078125
41 0.23984375 0.5734375 0.0328125 0.078125
38 0.27578125 0.575 0.0328125 0.08125
39 0.3109375 0.575 0.034375 0.078125
35 0.38046875 0.575 0.034375 0.078125
33 0.41796875 0.57421875 0.034375 0.078125
36 0.509375 0.5765625 0.04375 0.075
34 0.4806303109375 0.6132897609375 0.485577796875 0.5370370375 0.43997183125 0.5370370375 0.436341609375 0.6132897609375 0.4806303109375 0.6132897609375
18 0.3640625 0.66875 0.05625 0.071875
18 0.34609375 0.56796875 0.03125 0.065625