19 0.47890625 0.1921875 0.11875 0.1546875
14 0.38359375 0.18984375 0.1171875 0.15
14 0.28671875 0.18984375 0.1203125 0.1484375
9 0.18359375 0.184375 0.1359375 0.1640625
33 0.1991408328125 0.33495294375 0.15434005312500002 0.33586483437500003 0.1646157484375 0.43711298593750003 0.2088436375 0.4360715328125 0.1991408328125 0.33495294375
18 0.24165960625 0.3354127984375 0.2006358984375 0.335543671875 0.2109263703125 0.4359451265625 0.25147707812500003 0.434910809375 0.24165960625 0.3354127984375
18 0.293212803125 0.3357480328125 0.24466451562499997 0.3357475640625 0.2538706375 0.43358926562500005 0.302035746875 0.43240683593749996 0.293212803125 0.3357480328125
45 0.36493970781249996 0.33448286875 0.3259742625 0.33462599531250004 0.3336853203125 0.431876965625 0.37160375 0.43089666875 0.36493970781249996 0.33448286875
44 0.40351173281249997 0.3342924921875 0.3658029234375 0.3344979359375 0.371316015625 0.430891646875 0.41048612812499996 0.42941622031250004 0.40351173281249997 0.3342924921875
43 0.44421495312500003 0.33500297031250004 0.405366484375 0.3345407796875 0.410341784375 0.428765959375 0.4475905125 0.42824214843749997 0.44421495312500003 0.33500297031250004
40 0.4790689875 0.3334522109375 0.44222339218749995 0.3336727234375 0.44691848125 0.4274611859375 0.48549051875 0.4272708109375 0.4790689875 0.3334522109375
41 0.515918375 0.3330158515625 0.4790727546875 0.3332363640625 0.48492258593750004 0.42682906875000004 0.522747303125 0.42550719062500003 0.515918375 0.3330158515625
15 0.48515625 0.50234375 0.0953125 0.0921875
15 0.396875 0.5046875 0.09375 0.09375
23 0.30625 0.51015625 0.096875 0.096875
23 0.2140625 0.51875 0.10625 0.090625
24 0.17264266875 0.70414984375 0.2509719828125 0.69464105 0.241317759375 0.609813584375 0.1599210875 0.6137561703125 0.17264266875 0.70414984375
6 0.3480553046875 0.6901159484375 0.4177199390625 0.682472975 0.410575765625 0.5899736843750001 0.33314106250000003 0.597337525 0.3480553046875 0.6901159484375
6 0.29624745468749997 0.688541228125 0.34403759375 0.6804329109375 0.3367733234375 0.594048828125 0.2834907796875 0.6001581984375 0.29624745468749997 0.688541228125
5 0.5345533890625 0.6042052984375 0.43117969531250006 0.61279243125 0.433618671875 0.67786584375 0.5342867421874999 0.6656593156249999 0.5345533890625 0.6042052984375
27 0.541829590625 0.7761599625 0.44373464843750005 0.7895321796875 0.44579127500000004 0.8509115968750001 0.5440909578124999 0.8334550249999999 0.541829590625 0.7761599625
27 0.5371277796875 0.7127231093749999 0.4382037140625 0.72239354375 0.441565403125 0.785807009375 0.5364427375 0.7725042125 0.5371277796875 0.7127231093749999
25 0.43555330000000003 0.797434425 0.3321211140625 0.8093726453125001 0.34000264375 0.8698481046875 0.4371640109375 0.8547092390625 0.43555330000000003 0.797434425
25 0.43754059375 0.734784759375 0.3247389609375 0.7458890078125 0.330334240625 0.80934145625 0.44087439687499996 0.7957158703125 0.43754059375 0.734784759375
31 0.329833646875 0.8124203609375 0.219218828125 0.8262444703125 0.2310974421875 0.8881305359375 0.3369717375 0.87407051875 0.329833646875 0.8124203609375
18 0.3305158359375 0.74773665 0.21235943124999998 0.75841221875 0.22059993437499997 0.823922109375 0.333895075 0.8101447859375 0.3305158359375 0.74773665