11 0.40662633281250005 0.2642293859375 0.35531667968749997 0.14111055625 0.287745015625 0.15096061249999998 0.33973606093750003 0.2722670328125 0.40662633281250005 0.2642293859375
10 0.495231825 0.2570136 0.47176020156250004 0.1303379046875 0.3944259734375 0.1357684953125 0.42103363437499997 0.2619474921875 0.495231825 0.2570136
9 0.5575025796874999 0.255673315625 0.5342394890625 0.137487025 0.47589591093749994 0.1407620375 0.50019155625 0.2596370296875 0.5575025796874999 0.255673315625
8 0.605684215625 0.25145106875 0.58431945 0.138077571875 0.536885834375 0.14559031875 0.5550227140625 0.2543616 0.605684215625 0.25145106875
20 0.6581671859375 0.24569531093750002 0.6453174828125 0.1573927078125 0.588183971875 0.168146253125 0.6044442812499999 0.2507952109375 0.6581671859375 0.24569531093750002
19 0.6963745359375 0.2430528359375 0.6826251125 0.1634151671875 0.6427095578124999 0.16803268124999998 0.6562140359375 0.24770914687499998 0.6963745359375 0.2430528359375
19 0.7322336984375 0.23993003281249997 0.717452878125 0.1681259109375 0.6818475921875 0.171208503125 0.6985910421875 0.242701775 0.7322336984375 0.23993003281249997
13 0.7631008546875 0.3415715765625 0.741911834375 0.2579987625 0.6960689078125 0.2609983515625 0.7211188843749999 0.3490731109375 0.7631008546875 0.3415715765625
13 0.80188974375 0.3354280203125 0.787613603125 0.2524648015625 0.74537035625 0.2565987453125 0.7632325343749999 0.34240296406250004 0.80188974375 0.3354280203125
14 0.6346750765625 0.36276446562500003 0.6271801406249999 0.27957945156249997 0.5804647328125 0.284421715625 0.5928247843750001 0.3710973875 0.6346750765625 0.36276446562500003
14 0.5921115671875 0.373767078125 0.5744338124999999 0.2836724328125 0.5150622499999999 0.2947804515625 0.529336128125 0.38626646249999996 0.5921115671875 0.373767078125
1 0.616700865625 0.45807970625000005 0.6047339 0.4050662640625 0.551081971875 0.42026009374999995 0.558523059375 0.47399036250000004 0.616700865625 0.45807970625000005
28 0.66986096875 0.4443030140625 0.6559455375 0.39025893906250003 0.613465059375 0.3969871859375 0.6286847328125 0.454842409375 0.66986096875 0.4443030140625
4 0.7532911296875 0.4243927765625 0.74111724375 0.37007286875 0.7135672765625001 0.375105975 0.7276853109375 0.431796440625 0.7532911296875 0.4243927765625
5 0.8041493078125 0.412989534375 0.7988554359375 0.36829385625 0.750725815625 0.3785953171875 0.760464221875 0.4245959109375 0.8041493078125 0.412989534375
23 0.6373507703125 0.552657275 0.623839375 0.482143521875 0.5727265328125 0.4937545046875 0.5878408187499999 0.570459475 0.6373507703125 0.552657275
24 0.5968109625 0.6616136796875 0.58133821875 0.59844158125 0.5211944265625 0.60738150625 0.54102455625 0.6792381375 0.5968109625 0.6616136796875
12 0.7699260031249999 0.59083706875 0.752363690625 0.53912835625 0.7177353390625 0.5510580390625 0.7345305015625 0.604060090625 0.7699260031249999 0.59083706875
16 0.798645240625 0.5798432984375 0.7825539406249999 0.52262834375 0.7511626515625001 0.5352171593749999 0.771721440625 0.592310453125 0.798645240625 0.5798432984375
6 0.829778471875 0.56436576875 0.8155731390625001 0.5091957734375 0.78046998125 0.5229584109375 0.798373653125 0.5781285609375 0.829778471875 0.56436576875
27 0.5668405265625001 0.8520963203124999 0.554159040625 0.7966849734375 0.4805470984375 0.834124321875 0.49822222656250004 0.8922602578125 0.5668405265625001 0.8520963203124999
27 0.5962995015625 0.91481096875 0.58294661875 0.860091878125 0.507376940625 0.9048723093750001 0.5218197 0.962348365625 0.5962995015625 0.91481096875
25 0.654159971875 0.8165873390625 0.6437642593749999 0.760813959375 0.5817869890625 0.7975823921875 0.59190865625 0.8575005953125 0.654159971875 0.8165873390625
25 0.66078375 0.86827079375 0.6508935250000001 0.820620196875 0.587210440625 0.85648696875 0.5967898359375 0.9129755562499999 0.66078375 0.86827079375
25 0.7195875609375 0.8302472375000001 0.7092069953125 0.784432053125 0.6483155578125 0.8180989203125 0.659712546875 0.8713700421875 0.7195875609375 0.8302472375000001
31 0.8083477203125 0.769315621875 0.801376971875 0.7253040484375 0.755298471875 0.7536951875 0.7615913375 0.7995718828125 0.8083477203125 0.769315621875
31 0.802900821875 0.72506269375 0.79736339375 0.6802381859375 0.7472413734375001 0.702824665625 0.7547488078125 0.7514385765625 0.802900821875 0.72506269375
17 0.8486994296875 0.7430033515625001 0.84172868125 0.698991775 0.8013046703125 0.7235577453125 0.8061524765625 0.77024923125 0.8486994296875 0.7430033515625001
17 0.8427621937499999 0.700585834375 0.83829596875 0.652662078125 0.7955865453125 0.6775900234375001 0.801105384375 0.723589309375 0.8427621937499999 0.700585834375
7 0.8926797015625001 0.7149445359375 0.885580734375 0.675054690625 0.8427003671875 0.6988378749999999 0.8502232796875001 0.742761996875 0.8926797015625001 0.7149445359375
7 0.8854902062500001 0.6744831109375 0.8818387421875 0.6317035640625 0.8361296078124999 0.6524192796875 0.8451761890625 0.696102075 0.8854902062500001 0.6744831109375
36 0.6724568468750001 0.5422143734375 0.6565741984375 0.47481047031249995 0.6296899765624999 0.485708909375 0.6457517953125 0.5511313765625 0.6724568468750001 0.5422143734375
33 0.7200733171875 0.527251046875 0.7046131375 0.46251451250000003 0.6895116875 0.4688124625 0.7018223531250001 0.5336572187499999 0.7200733171875 0.527251046875
39 0.7686101078124999 0.508235840625 0.7680716265624999 0.44894817031249995 0.7514007875 0.4551040765625 0.75265748125 0.51271554375 0.7686101078124999 0.508235840625
41 0.8000677656249999 0.49973793125 0.787157434375 0.44123793750000007 0.7731775921875 0.44462396249999997 0.78575969375 0.5047383875 0.8000677656249999 0.49973793125
2 0.3927219421875 0.4060574953125 0.359488453125 0.32773029375 0.3088133859375 0.3427874421875 0.34313402656249997 0.42172368125000004 0.3927219421875 0.4060574953125