11 0.06484375 0.40390625 0.1296875 0.1296875
10 0.1703125 0.37421875 0.1390625 0.125
9 0.2875 0.33984375 0.1546875 0.1359375
8 0.40234375 0.3125 0.1453125 0.1234375
20 0.50859375 0.28671875 0.1296875 0.115625
20 0.6125 0.2546875 0.1296875 0.1140625
19 0.71953125 0.2265625 0.1296875 0.1140625
19 0.825 0.19609375 0.125 0.115625
2 0.0828125 0.52890625 0.1015625 0.0828125
18 0.20234375 0.49296875 0.1609375 0.1015625
14 0.3234375 0.4515625 0.1359375 0.1046875
14 0.42890625 0.4234375 0.125 0.10625
14 0.53203125 0.39296875 0.125 0.1078125
13 0.64765625 0.35703125 0.13125 0.1125
13 0.7515625 0.3296875 0.1234375 0.1109375
13 0.85625 0.2984375 0.1328125 0.115625
5 0.87265625 0.3984375 0.14375 0.0796875
4 0.759375 0.4234375 0.1 0.0828125
29 0.6546875 0.45859375 0.1453125 0.084375
28 0.546875 0.48515625 0.1 0.0796875
1 0.4359375 0.521875 0.14375 0.08125
0 0.32578125 0.54765625 0.103125 0.0765625
15 0.36953125 0.625 0.11875 0.0890625
23 0.46875 0.59375 0.1171875 0.090625
24 0.38984375 0.7109375 0.1015625 0.0828125
24 0.47265625 0.68671875 0.096875 0.08125
24 0.5515625 0.665625 0.1 0.0828125
26 0.625 0.65078125 0.065625 0.0625
30 0.6921875 0.625 0.0984375 0.084375
12 0.77578125 0.6015625 0.103125 0.084375
16 0.859375 0.57734375 0.09375 0.0828125
6 0.9390625 0.553125 0.0984375 0.0828125
27 0.29375 0.884375 0.1421875 0.084375
27 0.30546875 0.9328125 0.140625 0.0828125
25 0.45078125 0.7828125 0.134375 0.0796875
25 0.46328125 0.8359375 0.140625 0.0828125
25 0.47421875 0.88359375 0.1375 0.0796875
25 0.575 0.75078125 0.1359375 0.0796875
25 0.590625 0.80078125 0.1359375 0.075
25 0.60078125 0.84765625 0.13125 0.075
31 0.71484375 0.7640625 0.13125 0.078125
31 0.721875 0.81171875 0.140625 0.078125
31 0.68828125 0.709375 0.1265625 0.0734375
17 0.85390625 0.7703125 0.1328125 0.078125
17 0.82109375 0.71484375 0.13125 0.0765625
7 0.9546875 0.73046875 0.090625 0.0796875
7 0.940625 0.6859375 0.11875 0.084375
7 0.925 0.63984375 0.15 0.0859375
42 0.93125 0.465625 0.059375 0.0734375
41 0.8875 0.47734375 0.0625 0.0734375
38 0.84296875 0.4890625 0.0609375 0.0734375
39 0.8 0.5015625 0.059375 0.0734375
34 0.61640625 0.5546875 0.075 0.0765625
36 0.55390625 0.57265625 0.078125 0.078125
37 0.75703125 0.5140625 0.059375 0.071875
35 0.71484375 0.5265625 0.0609375 0.0734375
33 0.67109375 0.53828125 0.0625 0.0734375