8 0.778125 0.14453125 0.1125 0.1390625
8 0.6828125 0.15546875 0.1125 0.14375
9 0.5875 0.16953125 0.1109375 0.15
9 0.49765625 0.19296875 0.0984375 0.1390625
10 0.40625 0.2046875 0.1078125 0.146875
10 0.3140625 0.22109375 0.1109375 0.140625
11 0.21796875 0.234375 0.1015625 0.140625
11 0.121875 0.25546875 0.109375 0.134375
22 0.8234375 0.28359375 0.1203125 0.146875
19 0.73046875 0.30234375 0.1046875 0.1359375
21 0.64375 0.31640625 0.103125 0.1375
13 0.5578125 0.33046875 0.103125 0.1390625
13 0.48203125 0.34296875 0.0875 0.1375
14 0.4 0.35625 0.1078125 0.1390625
14 0.3171875 0.37265625 0.0921875 0.1296875
3 0.24921875 0.4015625 0.075 0.09375
3 0.1875 0.409375 0.075 0.096875
2 0.1296875 0.41953125 0.0703125 0.096875
0 0.35078125 0.4984375 0.0796875 0.0875
1 0.44921875 0.4890625 0.1140625 0.0828125
28 0.53359375 0.46640625 0.08125 0.09375
29 0.61796875 0.4578125 0.109375 0.0828125
4 0.7046875 0.434375 0.0828125 0.1
5 0.7953125 0.43125 0.1171875 0.08125
15 0.371875 0.5921875 0.0921875 0.0921875
23 0.45546875 0.578125 0.0890625 0.0890625
38 0.76796875 0.52578125 0.0484375 0.0875
34 0.602390021875 0.592825309375 0.592847828125 0.512431571875 0.5465177015625 0.51828933125 0.5559646265625 0.598698159375 0.602390021875 0.592825309375
35 0.632866446875 0.5075734578125 0.6453023734375 0.5855352578125 0.6792320375 0.5796679234375001 0.6670344187499999 0.5026551875 0.632866446875 0.5075734578125
39 0.705049940625 0.49811433125000004 0.719546165625 0.5767366203125001 0.7533995921875001 0.57038795625 0.7409732671875 0.49193123125 0.705049940625 0.49811433125000004
41 0.8271097375 0.5582200125 0.8172839453125 0.47984480781250005 0.7844510078125 0.48405822656249997 0.79438708125 0.563402771875 0.8271097375 0.5582200125
42 0.8651178296875001 0.5531869296874999 0.85846553125 0.46986845625000007 0.82392655 0.47583229843749997 0.832318940625 0.5578883593749999 0.8651178296875001 0.5531869296874999
24 0.3921875 0.6921875 0.0765625 0.084375
24 0.45546875 0.6796875 0.0703125 0.08125
24 0.5203125 0.671875 0.078125 0.084375
26 0.57734375 0.665625 0.0578125 0.0734375
30 0.63984375 0.6515625 0.0828125 0.0921875
12 0.70859375 0.63984375 0.0765625 0.084375
16 0.775 0.63046875 0.0734375 0.08125
6 0.8421875 0.61640625 0.0828125 0.0890625
7 0.89609375 0.86171875 0.1125 0.0734375
7 0.88984375 0.8046875 0.115625 0.075
7 0.88046875 0.7390625 0.1171875 0.075
17 0.7890625 0.878125 0.1125 0.071875
17 0.78203125 0.8203125 0.1125 0.0765625
17 0.76953125 0.7546875 0.1125 0.075
31 0.66796875 0.78046875 0.1109375 0.075
31 0.67578125 0.8375 0.109375 0.0703125
31 0.6875 0.89296875 0.1078125 0.0734375
25 0.56875 0.85546875 0.1078125 0.0734375
25 0.58359375 0.9078125 0.1078125 0.0734375
25 0.47734375 0.925 0.1078125 0.0703125
25 0.46640625 0.86875 0.109375 0.075
25 0.45390625 0.809375 0.1109375 0.0765625
25 0.37265625 0.940625 0.10625 0.0703125
25 0.36015625 0.8828125 0.1125 0.0734375
27 0.27265625 0.95703125 0.10625 0.0734375
27 0.25546875 0.89921875 0.1125 0.0765625