21 0.85625 0.371875 0.11875 0.1203125
21 0.76640625 0.35078125 0.1125 0.1171875
20 0.675 0.3296875 0.1078125 0.1140625
20 0.584375 0.30703125 0.1125 0.1140625
8 0.48984375 0.28359375 0.115625 0.115625
9 0.39375 0.2578125 0.115625 0.1171875
10 0.30703125 0.23515625 0.1078125 0.115625
11 0.21796875 0.2140625 0.1125 0.1125
13 0.82578125 0.4796875 0.1140625 0.1125
13 0.7328125 0.4546875 0.1125 0.115625
13 0.64296875 0.43515625 0.1125 0.1125
14 0.55078125 0.41328125 0.1109375 0.1109375
14 0.45703125 0.3890625 0.10625 0.1078125
14 0.36328125 0.36484375 0.1125 0.109375
2 0.1765625 0.32890625 0.0828125 0.0796875
3 0.28984375 0.365625 0.0578125 0.0609375
5 0.79609375 0.5671875 0.1234375 0.0765625
4 0.7046875 0.54140625 0.08125 0.075
29 0.615625 0.521875 0.11875 0.0765625
28 0.5265625 0.4984375 0.0796875 0.0703125
1 0.43828125 0.47890625 0.1171875 0.0765625
0 0.3484375 0.4515625 0.0828125 0.0734375
15 0.33125 0.53359375 0.1 0.0875
23 0.4125 0.55390625 0.0984375 0.0890625
24 0.30625 0.6296875 0.078125 0.075
24 0.37109375 0.64765625 0.0765625 0.071875
24 0.43984375 0.6625 0.08125 0.0765625
26 0.49609375 0.68203125 0.05625 0.0609375
30 0.5515625 0.690625 0.0796875 0.0765625
12 0.61953125 0.7078125 0.08125 0.078125
16 0.6875 0.72421875 0.0828125 0.0796875
6 0.75625 0.74375 0.0875 0.078125
27 0.09140625 0.71171875 0.11875 0.0765625
27 0.08046875 0.76015625 0.1125 0.06875
25 0.1984375 0.73828125 0.1125 0.0734375
25 0.18671875 0.7859375 0.1140625 0.0734375
25 0.29375 0.81484375 0.1125 0.071875
25 0.30234375 0.76640625 0.115625 0.075
25 0.4109375 0.79375 0.11875 0.075
25 0.4015625 0.84296875 0.11875 0.075
31 0.51015625 0.871875 0.1203125 0.075
31 0.52109375 0.82421875 0.1203125 0.078125
17 0.61640625 0.90234375 0.11875 0.071875
17 0.6296875 0.85078125 0.11875 0.075
7 0.7265625 0.93046875 0.1234375 0.0765625
34 0.5328125 0.5875 0.0625 0.0734375
38 0.734375 0.63828125 0.053125 0.0734375
39 0.69609375 0.62734375 0.0515625 0.0734375
33 0.5893985859375 0.633498946875 0.5985982515625 0.5700947328125 0.5661599828125 0.5620069640625001 0.5535481328125 0.625661509375 0.5893985859375 0.633498946875
35 0.6274451937500001 0.6429850328125 0.6496298421875 0.582451309375 0.6123564140625 0.5727909734375001 0.592553015625 0.6339184078125 0.6274451937500001 0.6429850328125
37 0.665405646875 0.6528166640624999 0.6827750671875 0.5907153421875 0.6486482109375 0.5814725078125 0.63104096875 0.6442485859375 0.665405646875 0.6528166640624999
42 0.81874380625 0.6939843812500001 0.839918696875 0.63246484375 0.8049684906250001 0.6237507796874999 0.7813970078125 0.6843057515625001 0.81874380625 0.6939843812500001
18 0.77421875 0.64296875 0.0484375 0.0625