19 0.16640625 0.2953125 0.115625 0.1390625
19 0.2515625 0.2765625 0.1109375 0.140625
20 0.33828125 0.25703125 0.1078125 0.1421875
20 0.42109375 0.24140625 0.1140625 0.14375
8 0.5078125 0.22734375 0.10625 0.13125
9 0.59375 0.2015625 0.1125 0.1453125
11 0.76015625 0.16796875 0.1140625 0.14375
13 0.20234375 0.4390625 0.1109375 0.1390625
13 0.28828125 0.4234375 0.109375 0.13125
13 0.3734375 0.4015625 0.1125 0.1421875
14 0.4546875 0.3875 0.096875 0.128125
14 0.5390625 0.3671875 0.10625 0.13125
14 0.62421875 0.3484375 0.1015625 0.13125
3 0.69453125 0.34765625 0.078125 0.090625
3 0.75234375 0.334375 0.075 0.090625
2 0.8078125 0.321875 0.071875 0.090625
4 0.315625 0.540625 0.0796875 0.0890625
5 0.39609375 0.52890625 0.1109375 0.084375
28 0.475 0.50625 0.075 0.084375
1 0.55859375 0.49296875 0.1109375 0.084375
0 0.65625 0.465625 0.0859375 0.090625
23 0.6015625 0.5703125 0.0921875 0.0921875
6 0.290625 0.75078125 0.084375 0.0828125
17 0.35703125 0.734375 0.0796875 0.08125
30 0.46796875 0.70703125 0.0734375 0.08125
24 0.584375 0.67890625 0.071875 0.084375
24 0.6453125 0.66875 0.075 0.0828125
24 0.7078125 0.65234375 0.075 0.0796875
7 0.33046875 0.96796875 0.1046875 0.0640625
7 0.31875 0.921875 0.10625 0.0734375
17 0.4234375 0.95078125 0.10625 0.0703125
17 0.41484375 0.89765625 0.1046875 0.071875
17 0.39765625 0.84609375 0.109375 0.0765625
31 0.5171875 0.928125 0.0984375 0.0671875
31 0.50859375 0.88125 0.1015625 0.065625
31 0.4921875 0.82578125 0.10625 0.0734375
25 0.61015625 0.9078125 0.1 0.0703125
25 0.6 0.85234375 0.103125 0.0703125
25 0.69375 0.82890625 0.103125 0.071875
25 0.6796875 0.77109375 0.1015625 0.071875
25 0.69921875 0.8828125 0.096875 0.065625
25 0.79296875 0.859375 0.096875 0.0625
25 0.78828125 0.8109375 0.1046875 0.075
25 0.58359375 0.79375 0.103125 0.075
27 0.8859375 0.8375 0.0984375 0.06875
15 0.53984375 0.58515625 0.0625 0.084375
34 0.48828125 0.59609375 0.0625 0.084375
33 0.4220938328125 0.573577528125 0.43616684687499996 0.64825160625 0.4675396546875 0.641483765625 0.4538508 0.5652955734375 0.4220938328125 0.573577528125
35 0.431772859375 0.6511666015625 0.4190066296875 0.57666596875 0.3847059578125 0.5841097625 0.39940569843749996 0.659114290625 0.431772859375 0.6511666015625
37 0.37265625 0.625 0.0484375 0.08125
38 0.3015625 0.640625 0.053125 0.084375
41 0.294505140625 0.6815781265624999 0.272193228125 0.6081482593749999 0.239771990625 0.6174607578125 0.2625889015625 0.6889465718750001 0.294505140625 0.6815781265624999
42 0.26081879375 0.689720725 0.23697710781249998 0.6181060078125 0.20275888125 0.6260059078125 0.228600221875 0.6978899546874999 0.26081879375 0.689720725
18 0.33671875 0.62734375 0.05 0.0703125
18 0.67421875 0.553125 0.08125 0.0875
18 0.5265625 0.6921875 0.06875 0.0796875
18 0.4125 0.71953125 0.0609375 0.075
18 0.2359375 0.55625 0.1078125 0.096875
18 0.67421875 0.18515625 0.1078125 0.1390625