7 0.76796875 0.8484375 0.1 0.0625
7 0.727967025 0.7734299250000001 0.720553996875 0.8225023265625 0.81798899375 0.8191596156250001 0.8242876296875 0.7696302890625 0.727967025 0.7734299250000001
7 0.72486804375 0.7142978421875 0.7211004015625 0.7694207296875 0.823667271875 0.7608381515625 0.827859621875 0.7107727406250001 0.72486804375 0.7142978421875
17 0.628219203125 0.8229723312500001 0.6277706609375 0.87792125625 0.7215041156249999 0.8723847515625 0.7204235140625 0.8200125640625 0.628219203125 0.8229723312500001
31 0.58125 0.7484375 0.1046875 0.0609375
31 0.5765625 0.8 0.0984375 0.059375
31 0.57890625 0.85234375 0.0953125 0.0578125
25 0.4859375 0.8546875 0.096875 0.059375
25 0.48203125 0.80234375 0.1 0.053125
25 0.48203125 0.7515625 0.103125 0.0609375
25 0.384375 0.75625 0.1 0.059375
25 0.390625 0.80703125 0.0984375 0.059375
25 0.39296875 0.859375 0.0984375 0.0625
25 0.29921875 0.86328125 0.0984375 0.059375
25 0.29765625 0.809375 0.096875 0.0609375
27 0.18828125 0.81484375 0.1015625 0.0609375
27 0.19453125 0.8671875 0.0984375 0.0578125
24 0.34375 0.6375 0.0640625 0.075
24 0.403125 0.6359375 0.0609375 0.075
24 0.4640625 0.6328125 0.0640625 0.078125
26 0.51640625 0.63828125 0.0453125 0.0625
30 0.56796875 0.6296875 0.0703125 0.078125
12 0.63359375 0.62578125 0.0734375 0.0765625
16 0.7 0.6234375 0.0703125 0.0796875
6 0.765625 0.61953125 0.078125 0.0875
45 0.77734375 0.52421875 0.0421875 0.08125
40 0.70859375 0.52578125 0.040625 0.0828125
41 0.67421875 0.52890625 0.0390625 0.084375
18 0.62109375 0.53125 0.0734375 0.0828125
33 0.56875 0.53359375 0.0421875 0.084375
34 0.528125 0.53515625 0.053125 0.0796875
36 0.48046875 0.53828125 0.059375 0.0828125
23 0.41796875 0.54140625 0.084375 0.0890625
15 0.340625 0.53984375 0.0765625 0.0859375
0 0.32734375 0.440625 0.075 0.075
1 0.41015625 0.44296875 0.1046875 0.0703125
28 0.49453125 0.43359375 0.071875 0.0828125
29 0.575 0.43515625 0.103125 0.0703125
4 0.65703125 0.428125 0.071875 0.0765625
5 0.75625 0.42890625 0.1046875 0.0703125
13 0.75078125 0.296875 0.0875 0.128125
13 0.66796875 0.30078125 0.090625 0.1234375
13 0.58515625 0.30546875 0.0890625 0.125
14 0.409375 0.31796875 0.096875 0.1171875
14 0.3234375 0.32109375 0.090625 0.1171875
3 0.2546875 0.334375 0.065625 0.0890625
3 0.18984375 0.34140625 0.0703125 0.0875
11 0.12421875 0.17578125 0.1265625 0.140625
10 0.2203125 0.1703125 0.121875 0.1453125
9 0.30703125 0.17265625 0.09375 0.134375
8 0.39765625 0.165625 0.0890625 0.140625
22 0.4796875 0.16484375 0.1015625 0.1375
22 0.56796875 0.1609375 0.0984375 0.13125
21 0.76328125 0.14375 0.1109375 0.146875
19 0.65859375 0.14921875 0.103125 0.1359375