11 0.8234375 0.2328125 0.0875 0.115625
10 0.7328125 0.23671875 0.0828125 0.1171875
9 0.653125 0.240625 0.078125 0.109375
8 0.57578125 0.2453125 0.071875 0.1078125
20 0.50390625 0.2453125 0.0703125 0.1125
20 0.43046875 0.2484375 0.075 0.1078125
19 0.35703125 0.25078125 0.0703125 0.1046875
19 0.2828125 0.25078125 0.075 0.10625
14 0.63046875 0.3671875 0.075 0.1
14 0.55625 0.36796875 0.075 0.1015625
14 0.484375 0.3703125 0.0640625 0.0984375
13 0.415625 0.37109375 0.071875 0.09375
13 0.35078125 0.36875 0.059375 0.0984375
13 0.2828125 0.37109375 0.075 0.0953125
0 0.65234375 0.47421875 0.0578125 0.0671875
1 0.57421875 0.47890625 0.090625 0.0578125
29 0.41484375 0.4765625 0.08125 0.0578125
5 0.28984375 0.47578125 0.08125 0.0546875
3 0.7015625 0.38125 0.059375 0.071875
3 0.75859375 0.38046875 0.059375 0.071875
2 0.8171875 0.38046875 0.0546875 0.0765625
15 0.6421875 0.56328125 0.0671875 0.0765625
23 0.575 0.56171875 0.0625 0.075
24 0.63359375 0.653125 0.05625 0.06875
24 0.57734375 0.65390625 0.053125 0.065625
24 0.52421875 0.65078125 0.053125 0.065625
26 0.48125 0.653125 0.0359375 0.05625
30 0.43671875 0.64453125 0.0515625 0.065625
12 0.3828125 0.6421875 0.053125 0.065625
16 0.334375 0.63828125 0.046875 0.065625
27 0.7921875 0.87109375 0.0921875 0.059375
25 0.7015625 0.81328125 0.090625 0.05625
25 0.5234375 0.753125 0.084375 0.05625
25 0.6109375 0.75703125 0.0890625 0.05625
25 0.61015625 0.85625 0.084375 0.0546875
25 0.6125 0.80859375 0.0875 0.05625
25 0.5265625 0.85 0.08125 0.05
25 0.52421875 0.803125 0.084375 0.05
31 0.48492425 0.8697530859375 0.48245569843749997 0.8240740734375 0.40605709843750004 0.817901234375 0.4067534796875 0.8629629624999999 0.48492425 0.8697530859375
31 0.4816328484375 0.8265432109375 0.48080999843749994 0.7740740734375 0.40029578125 0.7666666671875 0.400170678125 0.817901234375 0.4816328484375 0.8265432109375
31 0.48080999843749994 0.7635802468749999 0.48410139843750005 0.7148148140624999 0.4109953703125 0.708641975 0.41251343125 0.7580246921875 0.48080999843749994 0.7635802468749999
17 0.4051077796875 0.86419753125 0.40181637812500004 0.8135802468750001 0.3253986625 0.8080246921875001 0.32693700937500003 0.858641975 0.4051077796875 0.86419753125
17 0.3993478265625 0.804938271875 0.3993478265625 0.758641975 0.3328060703125 0.749382715625 0.3351655109375 0.7987654328125 0.3993478265625 0.804938271875
7 0.325291309375 0.8561728390625 0.32364560937500003 0.8104938265625 0.24803240781250002 0.8080246921875001 0.250411940625 0.8506172843750001 0.325291309375 0.8561728390625
7 0.321999909375 0.8111111109375001 0.31623995625 0.7660493828125 0.2414480453125 0.7629629625 0.2487662390625 0.809259259375 0.321999909375 0.8111111109375001
7 0.32282275781249997 0.76419753125 0.31953135781249997 0.7104938265625 0.242271090625 0.70987654375 0.2462976890625 0.7617283953125 0.32282275781249997 0.76419753125
36 0.521875 0.56484375 0.040625 0.06875
34 0.4796875 0.56328125 0.040625 0.06875
33 0.44609375 0.56171875 0.0265625 0.06875
35 0.4171875 0.56171875 0.028125 0.0671875
37 0.3890625 0.56171875 0.028125 0.065625
38 0.33046875 0.56015625 0.028125 0.065625
41 0.303125 0.56015625 0.028125 0.065625
42 0.275 0.56015625 0.028125 0.065625
18 0.49453125 0.47578125 0.0703125 0.05625
18 0.353125 0.475 0.04375 0.0515625
18 0.28828125 0.6390625 0.04375 0.059375