20 0.49375 0.25703125 0.1109375 0.146875
19 0.40234375 0.24140625 0.1125 0.153125
19 0.31953125 0.23203125 0.103125 0.1390625
14 0.24296875 0.22734375 0.0890625 0.128125
14 0.1640625 0.2140625 0.0984375 0.1296875
13 0.09453125 0.20859375 0.084375 0.11875
8 0.07109375 0.3359375 0.109375 0.1234375
9 0.15625 0.3515625 0.1015625 0.121875
10 0.22265625 0.36875 0.0734375 0.1078125
11 0.28515625 0.37421875 0.1046875 0.125
3 0.3578125 0.40390625 0.06875 0.0890625
3 0.41484375 0.41328125 0.071875 0.0921875
2 0.47421875 0.425 0.0734375 0.09375
5 0.08515625 0.45546875 0.09375 0.0734375
29 0.2234375 0.48671875 0.1 0.075
18 0.15703125 0.46171875 0.0640625 0.0796875
28 0.2953125 0.49921875 0.0703125 0.08125
1 0.37109375 0.5203125 0.109375 0.08125
0 0.4578125 0.5296875 0.08125 0.09375
7 0.05625 0.7203125 0.084375 0.0625
7 0.040625 0.7828125 0.08125 0.075
15 0.428125 0.6328125 0.090625 0.1078125
23 0.35859375 0.61484375 0.08125 0.1015625
24 0.39453125 0.73046875 0.075 0.0859375
24 0.453125 0.7453125 0.0734375 0.0890625
24 0.5140625 0.7671875 0.0765625 0.0859375
24 0.58203125 0.78359375 0.0859375 0.0953125
12 0.178125 0.66640625 0.06875 0.075
16 0.1296875 0.65234375 0.059375 0.0765625
6 0.0734375 0.63515625 0.065625 0.075
30 0.2375 0.6796875 0.065625 0.075
27 0.5265625 0.9546875 0.1140625 0.0875
25 0.43203125 0.92109375 0.1078125 0.084375
25 0.36796875 0.8203125 0.1015625 0.0796875
25 0.459375 0.84453125 0.109375 0.0859375
25 0.34921875 0.8828125 0.0984375 0.08125
25 0.28203125 0.7953125 0.1 0.078125
25 0.26953125 0.85546875 0.1015625 0.078125
31 0.19765625 0.7765625 0.0984375 0.078125
31 0.184375 0.83203125 0.096875 0.0765625
17 0.12734375 0.7453125 0.090625 0.0765625
17 0.10625 0.8015625 0.0890625 0.0765625
26 0.2659376015625 0.72294199375 0.3119687078125 0.7367030171875 0.3226939125 0.6758773609375 0.2799583171875 0.6658530546875 0.2659376015625 0.72294199375
26 0.35443684375 0.7517173640625 0.36386327343749997 0.6887811515625 0.32237775 0.674116253125 0.3112656265625 0.7359518875 0.35443684375 0.7517173640625
42 0.06545264687499999 0.57987949375 0.06971956406249999 0.50829849375 0.0458981078125 0.501518903125 0.0391582671875 0.571061965625 0.06545264687499999 0.57987949375
41 0.06444379375 0.579283484375 0.0894751 0.5857877390625 0.09874672031250001 0.5142529765625 0.0724695265625 0.50881585625 0.06444379375 0.579283484375
38 0.114903625 0.5931982609374999 0.124858428125 0.520947734375 0.0998950484375 0.5152187328125 0.091024178125 0.5864790046875 0.114903625 0.5931982609374999
39 0.14439945781250002 0.5996535062499999 0.15590329375 0.5280942359374999 0.1293469234375 0.521978909375 0.11659566562499998 0.5930785078125 0.14439945781250002 0.5996535062499999
35 0.17137701875 0.607755284375 0.1862650234375 0.53595649375 0.1580340203125 0.529126571875 0.1457339828125 0.6015613046875 0.17137701875 0.607755284375
33 0.20317660625 0.6137805484375 0.23076585781249997 0.6215720328125001 0.24057765625 0.5501325171875 0.21338186406249998 0.5430646015625 0.20317660625 0.6137805484375
34 0.2310200328125 0.6232892890625 0.2727256953125 0.6331518046875 0.2809487453125 0.5580872578125 0.24224761093749997 0.5491990890625 0.2310200328125 0.6232892890625
35 0.2761494875 0.6358460703125 0.3146140328125 0.645137075 0.32460062500000003 0.569547259375 0.2847618828125 0.5608742125 0.2761494875 0.6358460703125