7 0.735543328125 0.8442369328125 0.6334433234375 0.8089151265625001 0.6340696140625 0.8723102140625001 0.7304012375 0.9107242234375 0.735543328125 0.8442369328125
7 0.7557063265624999 0.76500209375 0.6452992046875 0.738932009375 0.6430142296875 0.80424523125 0.7524663984375 0.8343119906249999 0.7557063265624999 0.76500209375
7 0.7270003593750001 0.9126633609375 0.6279054281249999 0.871260565625 0.6237870328125 0.9321298171875 0.7244401500000001 0.9779053125000001 0.7270003593750001 0.9126633609375
17 0.6331068640625 0.74073154375 0.539979303125 0.7135206796875 0.5392095859375 0.77872794375 0.6287642578125 0.807328509375 0.6331068640625 0.74073154375
17 0.6283533125 0.808892990625 0.5407411765625 0.778854725 0.5391760546875 0.8326871609375001 0.6285298796875 0.8693030343749999 0.6283533125 0.808892990625
17 0.6259449796875 0.86975054375 0.542204221875 0.832440828125 0.537447509375 0.8950692828125 0.6198234734375 0.9298870015625 0.6259449796875 0.86975054375
31 0.531534509375 0.7721098328125 0.44788229687500003 0.746553771875 0.45110174531249997 0.80348078125 0.532960696875 0.830904878125 0.531534509375 0.7721098328125
31 0.5386990890625001 0.8337259640625 0.4541274484375 0.8032000343749999 0.46109532968750006 0.8592933921875 0.5355369015625 0.8895223015625 0.5386990890625001 0.8337259640625
31 0.4463820625 0.7387948265625 0.380376409375 0.717519890625 0.3819611734375 0.7728466484375 0.45369238125000005 0.7969782921874999 0.4463820625 0.7387948265625
31 0.45519292968749997 0.7967258859374999 0.38411480937500003 0.770981490625 0.3855404921875 0.824033278125 0.4568720609375 0.85333656875 0.45519292968749997 0.7967258859374999
31 0.3762845578125 0.7165649015625 0.3126322578125 0.6959670499999999 0.316969146875 0.74710070625 0.38020729375 0.76954015 0.3762845578125 0.7165649015625
31 0.38006055 0.770564096875 0.31381931875 0.74560638125 0.31891389531250003 0.7966870546875 0.3815932078125 0.8220232046874999 0.38006055 0.770564096875
27 0.30249700625 0.6960209921875 0.24887745 0.6770274171875 0.25317468593750003 0.7275923343749999 0.3117078609375 0.748074709375 0.30249700625 0.6960209921875
27 0.31385183125 0.749490221875 0.25468994375 0.7274863765624999 0.2586690171875 0.773501353125 0.3143704109375 0.7970393515625 0.31385183125 0.749490221875
6 0.8044061046875 0.6173707015625001 0.7286336046875 0.60236464375 0.7093166375 0.696301878125 0.788067475 0.711941421875 0.8044061046875 0.6173707015625001
16 0.70616675625 0.6948076234375 0.716255828125 0.6092549703125 0.6481666125000001 0.59484645625 0.6394983921875 0.6777516796875 0.70616675625 0.6948076234375
30 0.6403355625 0.6788361859375 0.64366405 0.59219739375 0.573442603125 0.582354515625 0.5697994546875 0.6609076968750001 0.6403355625 0.6788361859375
24 0.53672695 0.6452347140625 0.544350975 0.5605865828125001 0.4892522546875 0.5542534453125 0.48022610312499997 0.632039996875 0.53672695 0.6452347140625
24 0.48182090312500003 0.6330715265625 0.48776149531249996 0.55454784375 0.4354220546875 0.54658719375 0.429148028125 0.62018064375 0.48182090312500003 0.6330715265625
24 0.429307109375 0.6224556140625 0.43391470937500004 0.5468893390625 0.3814724859375 0.5372147171874999 0.38042238125 0.6092998390625 0.429307109375 0.6224556140625
12 0.8066981140625 0.5755256671875 0.8163081171875 0.47445442968749996 0.7315129421875 0.4693364640625 0.7248769375 0.5595293546875 0.8066981140625 0.5755256671875
5 0.8127925984375001 0.4340374984375 0.8222245421875 0.34123858125 0.6880405625 0.337601075 0.68112616875 0.423812821875 0.8127925984375001 0.4340374984375
4 0.6796506765625 0.42448746875000004 0.6894526062499999 0.3212493125 0.617464628125 0.319103859375 0.6091920562500001 0.418555521875 0.6796506765625 0.42448746875000004
29 0.6009773328125 0.4208445546875 0.6037898921875 0.33509332187499996 0.5037767468750001 0.3373410703125 0.503961571875 0.4161980859375 0.6009773328125 0.4208445546875
28 0.5031244015625 0.41511357968749996 0.501329934375 0.3265502421875 0.4450824953125 0.325442778125 0.44255490625 0.40906163125 0.5031244015625 0.41511357968749996
18 0.44426901562500004 0.411799378125 0.440599890625 0.3293689203125 0.3507373265625 0.326324821875 0.35606653125 0.40253601406249995 0.44426901562500004 0.411799378125
23 0.8590419499999999 0.2897414078125 0.8793115265625 0.150181303125 0.7600159859375 0.1583578078125 0.7355485328125 0.28751799375 0.8590419499999999 0.2897414078125
15 0.7326770406249999 0.29000488281250003 0.7535618265624999 0.162544528125 0.6594485921875 0.168247771875 0.6366177625 0.28814918125 0.7326770406249999 0.29000488281250003
8 0.633865578125 0.2923422640625 0.6485612671875 0.1448972328125 0.5476399437499999 0.1589205546875 0.530269665625 0.2915851546875 0.633865578125 0.2923422640625
9 0.5303492046875 0.292722596875 0.5399633140625 0.15748907343750002 0.460749878125 0.16842561875 0.458773028125 0.29258399062499996 0.5303492046875 0.292722596875
10 0.446770096875 0.295137875 0.444528953125 0.1677324421875 0.37469698125 0.1790152109375 0.3797795828125 0.2952501421875 0.446770096875 0.295137875
11 0.379021896875 0.295303125 0.3729771859375 0.1791617390625 0.314962715625 0.1849067984375 0.3249509640625 0.29508347968750004 0.379021896875 0.295303125
2 0.2765625 0.25234375 0.0734375 0.090625
20 0.26796875 0.10234375 0.0890625 0.1421875
19 0.37689918906250003 0.15606953437499999 0.390719090625 0.010847454687499999 0.3193047890625 0.0183596171875 0.3120204265625 0.16460693125 0.37689918906250003 0.15606953437499999
19 0.45401950312499995 0.14839070625 0.462519278125 0.0029707359375 0.388091065625 0.0112635390625 0.3775773359375 0.154879065625 0.45401950312499995 0.14839070625
42 0.6922328859375 0.4495076390625 0.655831925 0.4474687984375 0.648707575 0.546101971875 0.683286865625 0.5511137125000001 0.6922328859375 0.4495076390625
18 0.7280634125 0.5427198796875 0.7337155015625 0.45279480312500003 0.6927442874999999 0.4504599640625 0.688926765625 0.537407659375 0.7280634125 0.5427198796875
41 0.6453598578124999 0.5454073359375 0.6533967609375 0.447195646875 0.6209499609375 0.4440260828125 0.613199809375 0.539607265625 0.6453598578124999 0.5454073359375
38 0.610672853125 0.5388552343749999 0.6175588000000001 0.4435137671875 0.583691840625 0.4419878125 0.5785774640625 0.533979375 0.610672853125 0.5388552343749999
39 0.576417809375 0.532582521875 0.572511046875 0.44086264374999995 0.5447921906250001 0.44006433125 0.545121640625 0.52734116875 0.576417809375 0.532582521875
37 0.5440831687500001 0.5279545578125 0.5434067109375 0.438550809375 0.51778398125 0.434940084375 0.516730834375 0.5236757375 0.5440831687500001 0.5279545578125
35 0.515417584375 0.5237675687500001 0.5159248421875 0.43490340625 0.48806365312500005 0.434541740625 0.48562918593750004 0.5176778328125 0.515417584375 0.5237675687500001
33 0.48395316250000003 0.5172997015624999 0.4853525828125 0.4342566671875 0.4591559328125 0.43160998125 0.45732637499999995 0.5139607875000001 0.48395316250000003 0.5172997015624999
36 0.45518417656250004 0.5116339921875 0.456834375 0.4275877765625 0.42076251875 0.4251313296875 0.4185184875 0.5062728109375 0.45518417656250004 0.5116339921875
34 0.41751633750000006 0.50609525 0.41684167812500006 0.4279091734375 0.38283439218750004 0.4253069296875 0.3841681984375 0.5009974015624999 0.41751633750000006 0.50609525