19 0.51640625 0.21640625 0.1296875 0.175
14 0.62421875 0.2078125 0.125 0.171875
13 0.73125 0.19609375 0.134375 0.178125
5 0.8109375 0.5359375 0.13125 0.0875
29 0.69140625 0.55 0.121875 0.0859375
7 0.571875 0.5609375 0.125 0.0859375
31 0.56015625 0.68046875 0.1203125 0.0796875
24 0.65625 0.67109375 0.0859375 0.0890625
23 0.73828125 0.65078125 0.1015625 0.1
27 0.60546875 0.85390625 0.115625 0.071875
27 0.59921875 0.7921875 0.11875 0.08125
25 0.7140625 0.84375 0.1140625 0.071875
25 0.7140625 0.78125 0.1171875 0.0796875
25 0.8296875 0.76796875 0.1203125 0.0765625
25 0.825 0.83125 0.1140625 0.0625
39 0.503125 0.4234375 0.05625 0.1046875
38 0.546875 0.41875 0.05625 0.10625
40 0.5921875 0.4140625 0.05625 0.1078125
41 0.65624693125 0.4568883671875 0.6531797046875 0.3579012875 0.6137496796875 0.3595628125 0.6169664906250001 0.4610169078125 0.65624693125 0.4568883671875
42 0.6988007421875 0.45241578125000004 0.698134690625 0.35255564375000004 0.6597059078124999 0.3559739859375 0.658701959375 0.45663033437499995 0.6988007421875 0.45241578125000004
35 0.7429912421875 0.4477711734375 0.744855796875 0.3482657421875 0.7031425875 0.3520292921875 0.7005019531250001 0.45285766250000004 0.7429912421875 0.4477711734375
33 0.7848557578124999 0.4446124046875 0.7896817359375 0.34169229375 0.74645021875 0.3468567921875 0.74469245 0.44821305312500004 0.7848557578124999 0.4446124046875
37 0.8273450468749999 0.439525915625 0.8365964140625 0.3392440984375 0.795550771875 0.341696115625 0.7864279203125 0.443826478125 0.8273450468749999 0.439525915625
32 0.87153554375 0.43488130625 0.8831239484375001 0.3331124890625 0.8429501140625 0.3360935609375 0.8306184171875 0.4391818703125 0.87153554375 0.43488130625