11 0.2046875 0.2421875 0.0890625 0.1203125
10 0.28671875 0.23828125 0.084375 0.1234375
9 0.3734375 0.2328125 0.090625 0.1265625
8 0.4546875 0.23046875 0.08125 0.11875
20 0.53125 0.2234375 0.084375 0.11875
20 0.6109375 0.2171875 0.090625 0.1171875
19 0.69609375 0.209375 0.084375 0.1203125
19 0.78046875 0.1984375 0.0921875 0.1296875
13 0.78203125 0.3375 0.08125 0.115625
13 0.7078125 0.3390625 0.08125 0.115625
13 0.634375 0.34453125 0.0796875 0.1140625
14 0.55703125 0.35 0.0875 0.121875
14 0.475 0.35703125 0.084375 0.1140625
14 0.39296875 0.3625 0.090625 0.1171875
3 0.27109375 0.38125 0.0640625 0.0859375
3 0.3265625 0.378125 0.0625 0.0875
2 0.21171875 0.38828125 0.0609375 0.08125
5 0.7796875 0.4578125 0.10625 0.075
4 0.69375 0.4546875 0.0703125 0.078125
29 0.6125 0.46953125 0.0984375 0.0703125
28 0.53046875 0.4671875 0.0671875 0.0796875
1 0.4515625 0.47890625 0.096875 0.0703125
0 0.37421875 0.478125 0.065625 0.0703125
15 0.38828125 0.57109375 0.0765625 0.0890625
23 0.45859375 0.56640625 0.075 0.0890625
24 0.390625 0.66875 0.0640625 0.075
24 0.4515625 0.66484375 0.065625 0.0734375
24 0.51015625 0.66171875 0.0625 0.0734375
26 0.5578125 0.66171875 0.040625 0.065625
30 0.60625 0.6578125 0.0671875 0.0734375
12 0.66796875 0.6515625 0.0640625 0.0765625
16 0.7328125 0.64765625 0.0671875 0.075
6 0.79765625 0.64453125 0.0671875 0.078125
27 0.2375 0.903125 0.096875 0.0625
27 0.23203125 0.84609375 0.096875 0.065625
25 0.334375 0.89609375 0.096875 0.0640625
25 0.33359375 0.83828125 0.096875 0.0640625
25 0.4265625 0.88828125 0.096875 0.0625
25 0.42578125 0.8328125 0.0953125 0.0640625
25 0.51796875 0.88359375 0.09375 0.059375
25 0.5203125 0.82890625 0.096875 0.0640625
25 0.5203125 0.771875 0.0984375 0.0640625
31 0.61328125 0.878125 0.0953125 0.059375
31 0.61640625 0.82578125 0.0953125 0.0640625
31 0.6140625 0.7625 0.09375 0.0609375
17 0.71015625 0.87265625 0.0921875 0.0578125
17 0.71015625 0.81953125 0.096875 0.0609375
17 0.70546875 0.75703125 0.09375 0.0625
7 0.80703125 0.86953125 0.0984375 0.0609375
7 0.80703125 0.8109375 0.096875 0.0671875
36 0.51640625 0.56796875 0.046875 0.078125
34 0.56328125 0.565625 0.05 0.0765625
33 0.60546875 0.56328125 0.0359375 0.078125
35 0.63984375 0.559375 0.0375 0.078125
37 0.67421875 0.55703125 0.0359375 0.078125
39 0.70625 0.55390625 0.0375 0.08125
38 0.74296875 0.55390625 0.0375 0.0796875
41 0.7765625 0.54921875 0.0375 0.078125
42 0.8109375 0.54765625 0.0359375 0.078125