19 0.06484375 0.2421875 0.121875 0.1171875
19 0.1921875 0.24296875 0.121875 0.109375
20 0.31796875 0.23828125 0.128125 0.115625
20 0.44453125 0.23203125 0.125 0.115625
8 0.58046875 0.23125 0.1296875 0.1140625
9 0.70546875 0.225 0.1265625 0.11875
10 0.83125 0.21796875 0.1359375 0.1234375
13 0.07421875 0.365625 0.125 0.109375
13 0.19765625 0.36328125 0.1171875 0.1046875
13 0.31328125 0.359375 0.11875 0.1125
14 0.425 0.35859375 0.1078125 0.1046875
14 0.540625 0.3546875 0.13125 0.1078125
14 0.66796875 0.35078125 0.128125 0.10625
3 0.77578125 0.359375 0.0859375 0.08125
3 0.86484375 0.35546875 0.096875 0.08125
2 0.953125 0.3546875 0.0859375 0.075
4 0.24765625 0.46484375 0.090625 0.06875
29 0.35859375 0.46796875 0.1421875 0.059375
28 0.47734375 0.459375 0.096875 0.0703125
1 0.5953125 0.4625 0.1453125 0.059375
0 0.71328125 0.45390625 0.0953125 0.06875
15 0.70078125 0.5421875 0.1140625 0.0765625
23 0.58828125 0.5453125 0.1125 0.075
24 0.7015625 0.63046875 0.09375 0.065625
24 0.6109375 0.63046875 0.0890625 0.0671875
24 0.5234375 0.63203125 0.090625 0.065625
26 0.43984375 0.6359375 0.071875 0.0609375
12 0.3 0.634375 0.0921875 0.0625
16 0.209375 0.63828125 0.09375 0.0625
6 0.11875 0.6375 0.0921875 0.0625
27 0.92578125 0.76640625 0.1484375 0.0609375
27 0.925 0.81640625 0.1484375 0.05625
25 0.784375 0.76640625 0.140625 0.05625
25 0.7875 0.8140625 0.140625 0.0515625
25 0.64609375 0.76796875 0.1421875 0.053125
25 0.64765625 0.815625 0.1390625 0.053125
25 0.509375 0.77109375 0.1328125 0.0515625
25 0.51171875 0.81640625 0.134375 0.0515625
31 0.37734375 0.81796875 0.1359375 0.053125
31 0.37734375 0.7640625 0.13125 0.0546875
17 0.23125 0.7203125 0.1328125 0.0515625
17 0.23125 0.7765625 0.1390625 0.053125
17 0.2359375 0.821875 0.1390625 0.05
7 0.0984375 0.82109375 0.1265625 0.0515625
7 0.09296875 0.7734375 0.140625 0.053125
25 0.5738233171875 0.731204484375 0.5756155734374999 0.6835127328125 0.4384513421875 0.6851593015625 0.44135973906250003 0.73297783125 0.5738233171875 0.731204484375
25 0.706286990625 0.729431134375 0.702627596875 0.68406616875 0.5734486703125 0.6850089234375 0.575060346875 0.7311612859375 0.706286990625 0.729431134375
35 0.31875 0.55078125 0.046875 0.06875
38 0.178125 0.5546875 0.04375 0.06875
37 0.2734375 0.553125 0.046875 0.0671875
34 0.45910959843750004 0.581950525 0.46057031875 0.51539008125 0.39537345 0.5146493609375 0.3947345875 0.58280798125 0.45910959843750004 0.581950525
36 0.52445735625 0.580132 0.5309701515625 0.5135107203125 0.46783772187499995 0.5148999187500001 0.461087434375 0.5809543921875 0.52445735625 0.580132
18 0.36875 0.54453125 0.0546875 0.0609375
18 0.13359375 0.55078125 0.04375 0.0578125
18 0.08671875 0.55234375 0.046875 0.05625
18 0.1203125 0.4671875 0.1578125 0.06875