11 0.70859375 0.12109375 0.125 0.1484375
11 0.61875 0.14453125 0.1203125 0.146875
10 0.53671875 0.17265625 0.109375 0.1375
10 0.45390625 0.19296875 0.103125 0.1359375
9 0.37734375 0.2140625 0.10625 0.13125
10 0.29609375 0.23359375 0.1015625 0.1296875
8 0.215625 0.25234375 0.096875 0.134375
8 0.13515625 0.2765625 0.1109375 0.1359375
19 0.24453125 0.3859375 0.1109375 0.125
13 0.32734375 0.3640625 0.0953125 0.125
13 0.403125 0.346875 0.103125 0.1265625
14 0.48125 0.33203125 0.096875 0.1171875
14 0.55859375 0.31171875 0.0984375 0.121875
3 0.62578125 0.2953125 0.0765625 0.0890625
3 0.684375 0.27734375 0.084375 0.0984375
2 0.75234375 0.26640625 0.0828125 0.090625
1 0.57421875 0.4328125 0.1140625 0.0859375
0 0.4859375 0.4453125 0.0765625 0.0875
29 0.4078125 0.465625 0.103125 0.0796875
28 0.334375 0.48046875 0.0671875 0.075
4 0.275 0.49453125 0.0703125 0.0796875
5 0.20234375 0.515625 0.096875 0.0765625
15 0.6234375 0.521875 0.0953125 0.1046875
23 0.54765625 0.54453125 0.0875 0.0890625
24 0.6359375 0.62578125 0.08125 0.0875
24 0.571875 0.6375 0.0734375 0.0828125
24 0.5140625 0.646875 0.06875 0.078125
26 0.46875 0.6546875 0.05 0.06875
30 0.4203125 0.66171875 0.078125 0.0828125
12 0.3578125 0.6703125 0.071875 0.078125
16 0.296875 0.68046875 0.071875 0.0828125
6 0.24609375 0.684375 0.0625 0.0796875
25 0.69023366875 0.8857441265625001 0.679999440625 0.8263385796874999 0.5828110843750001 0.835879603125 0.595341996875 0.8940761437500001 0.69023366875 0.8857441265625001
25 0.688870134375 0.82496939375 0.675201828125 0.7663566671875001 0.5773348140625 0.7808057765624999 0.591435009375 0.8379612484375001 0.688870134375 0.82496939375
25 0.5944829703125001 0.8942744671874999 0.5822441609375 0.83804680625 0.49254574843750004 0.8485737265625 0.503473746875 0.9037464671875 0.5944829703125001 0.8942744671874999
25 0.5844139984375001 0.838903403125 0.5714653453125 0.7835183953125 0.47975091406250003 0.7931532078125 0.491984271875 0.8500608984375001 0.5844139984375001 0.838903403125
25 0.5760630859375 0.7831356953124999 0.5636437 0.7221983171875 0.4697970859375 0.7343617 0.481056271875 0.794888159375 0.5760630859375 0.7831356953124999
31 0.5026147187500001 0.9039447890625001 0.4919578484375 0.8507457703125001 0.4035857734375 0.8630028031249999 0.415190390625 0.9132679234375001 0.5026147187500001 0.9039447890625001
31 0.48884571093750007 0.8521430375 0.4761389828125 0.7939870875 0.38948557500000003 0.8058473312500001 0.40257796562500003 0.8625567000000001 0.48884571093750007 0.8521430375
31 0.4801299765625 0.786956740625 0.46787100625000005 0.730733734375 0.3809522546875 0.7453703296875 0.3937470890625 0.8007908484374999 0.4801299765625 0.786956740625
17 0.41149035312500004 0.9168372359375001 0.3976394984375 0.8616605187499999 0.31586389062500003 0.8710370890625001 0.327914840625 0.923235484375 0.41149035312500004 0.9168372359375001
17 0.40198285624999996 0.8599790015625001 0.388694496875 0.8033148765625 0.3054973671875 0.8143771765625001 0.31858975625 0.8710865453125001 0.40198285624999996 0.8599790015625001
7 0.3266094796875 0.9215005328125001 0.3163584171875 0.8702441453124999 0.23889669218749998 0.8786247796875 0.24721396874999998 0.930327615625 0.3266094796875 0.9215005328125001
7 0.3165741421875 0.8701943406250001 0.303976484375 0.8126919828125001 0.22109645625000002 0.8250386187500001 0.23590690625000002 0.8813513421874999 0.3165741421875 0.8701943406250001
36 0.4828125 0.55 0.059375 0.0828125
34 0.43671875 0.5578125 0.059375 0.08125
37 0.39609375 0.56640625 0.0453125 0.08125
42 0.21015625 0.6015625 0.0453125 0.0765625
35 0.3625 0.571875 0.0453125 0.078125
38 0.26953125 0.58828125 0.0453125 0.078125
41 0.23828125 0.59609375 0.04375 0.0765625
39 0.32044075 0.6152410890625 0.30963163437499996 0.5433910109375 0.281847196875 0.5481285875 0.2917757484375 0.6201819578125 0.32044075 0.6152410890625
33 0.3513505796875 0.6103409484375 0.33947350468750004 0.5370604609375 0.313096896875 0.5414730140625 0.3228081 0.6158125203125 0.3513505796875 0.6103409484375