11 0.8492087390625 0.2784953921875 0.8716461390625 0.132819084375 0.7752724953125 0.1298753125 0.7529417281249999 0.27774166718750004 0.8492087390625 0.2784953921875
10 0.71015625 0.2078125 0.1015625 0.1484375
9 0.6125 0.20703125 0.0984375 0.1453125
8 0.515625 0.2125 0.090625 0.140625
22 0.42578125 0.21328125 0.084375 0.1359375
20 0.34609375 0.21953125 0.078125 0.1296875
19 0.25859375 0.2140625 0.0859375 0.1234375
14 0.609375 0.3625 0.0953125 0.1234375
14 0.51953125 0.3625 0.084375 0.125
14 0.4359375 0.36171875 0.078125 0.1171875
13 0.353125 0.35859375 0.0796875 0.11875
13 0.27421875 0.3546875 0.075 0.11875
13 0.18984375 0.35390625 0.0828125 0.115625
3 0.7375 0.38359375 0.0703125 0.0921875
2 0.8109375 0.38203125 0.075 0.0921875
18 0.678125 0.38046875 0.053125 0.0875
0 0.60703125 0.490625 0.06875 0.0765625
1 0.5234375 0.49140625 0.0953125 0.0640625
28 0.44609375 0.48125 0.0578125 0.0765625
29 0.36640625 0.48359375 0.090625 0.065625
4 0.2875 0.475 0.05625 0.078125
5 0.20625 0.47578125 0.090625 0.0625
15 0.59921875 0.59296875 0.0828125 0.0875
23 0.521875 0.58671875 0.078125 0.0859375
24 0.61015625 0.696875 0.0640625 0.0734375
24 0.54609375 0.690625 0.0609375 0.071875
24 0.4875 0.68203125 0.05625 0.0703125
26 0.43984375 0.68359375 0.0421875 0.0640625
30 0.38359375 0.68046875 0.0640625 0.071875
12 0.325 0.6734375 0.0578125 0.0703125
16 0.26484375 0.66953125 0.05625 0.0703125
6 0.2109375 0.66015625 0.0578125 0.0703125
27 0.8215735937499999 0.985353528125 0.8261033390625 0.9259581859375 0.7222946828125 0.9128619875 0.718579271875 0.9714257109375 0.8215735937499999 0.985353528125
27 0.8270485875 0.9288422140625 0.8271169890625 0.867886221875 0.7214992890625 0.855567315625 0.71688645 0.9141153750000001 0.8270485875 0.9288422140625
25 0.7124147875 0.96457919375 0.710711475 0.9129995843750001 0.612097265625 0.900156228125 0.6121127515625 0.9506984234375 0.7124147875 0.96457919375
25 0.7123639546875 0.916058103125 0.7150916140625 0.854986384375 0.610392684375 0.84351956875 0.6102788890624999 0.9014722765625001 0.7123639546875 0.916058103125
25 0.606692828125 0.9526254359375 0.607722171875 0.8968899546875001 0.5091617390625001 0.8828599796875001 0.5091066703125 0.9374442296875 0.606692828125 0.9526254359375
25 0.6040320218749999 0.89934156875 0.6053252578125 0.841284096875 0.6041576453124999 0.8407151828125 0.509240325 0.826928353125 0.5091617390625001 0.8828599796875001 0.6040320218749999 0.89934156875
25 0.4088052125 0.7692422390625 0.41140715468750005 0.8258945484375 0.508190025 0.8356706046875001 0.5009750328125 0.779433928125 0.4088052125 0.7692422390625
25 0.510047409375 0.8835493203125001 0.5078439390625 0.8311637640624999 0.4149734921875 0.8273045890624999 0.41687798125000003 0.8724885765625 0.510047409375 0.8835493203125001
25 0.5118460640625 0.9347964953125001 0.5114217765625 0.88342271875 0.4168544625 0.873835928125 0.4186765 0.9237357234375001 0.5118460640625 0.9347964953125001
31 0.4176615453125 0.9304569218750001 0.41284767499999997 0.8715995515625 0.3255032765625 0.86145913125 0.3281523921875 0.9154167015624999 0.4176615453125 0.9304569218750001
31 0.4168544625 0.873835928125 0.414880653125 0.8194385359374999 0.3246373953125 0.80820656875 0.3245823953125 0.8627908453125 0.4168544625 0.873835928125
31 0.41251631875 0.8137838671875001 0.4148162125 0.75882211875 0.3265344296875 0.75095890625 0.330069146875 0.8056058281249999 0.41251631875 0.8137838671875001
17 0.328258225 0.9093535125000001 0.324402425 0.858269428125 0.242182259375 0.8519180531250001 0.24498410937499998 0.897117703125 0.328258225 0.9093535125000001
17 0.32369665625 0.862101478125 0.3219026765625 0.8085549296875 0.237738284375 0.7979291515625 0.24126124375 0.8532497640625 0.32369665625 0.862101478125
7 0.248573828125 0.8971803609375 0.24381231718750002 0.8450764156250001 0.158057684375 0.8369718203125001 0.159856340625 0.88821899375 0.248573828125 0.8971803609375
7 0.24229985312500002 0.8451811875 0.2357605171875 0.7918974890625 0.1535315296875 0.7876987328125 0.1571132875 0.8396509125 0.24229985312500002 0.8451811875
36 0.4578125 0.58671875 0.046875 0.075
34 0.4109375 0.58515625 0.0453125 0.075
33 0.3703125 0.58125 0.03125 0.0765625
35 0.33828125 0.5796875 0.0296875 0.075
37 0.30625 0.57734375 0.0296875 0.0734375
39 0.27421875 0.57578125 0.03125 0.0765625
38 0.2587128359375 0.6122690109375 0.25841355625 0.5371915171875 0.22830765625 0.5357569984375 0.22842900625 0.60962245 0.2587128359375 0.6122690109375
41 0.22772850312499998 0.609345484375 0.22667235937500002 0.536637471875 0.198344078125 0.53496924375 0.198488525 0.6075113828125 0.22772850312499998 0.609345484375
42 0.1977880234375 0.6072344171874999 0.19233800625 0.5330615203125 0.163829453125 0.5322488390625 0.1696011375 0.6056834359375001 0.1977880234375 0.6072344171874999