13 0.70390625 0.24375 0.0921875 0.128125
13 0.61640625 0.24609375 0.0890625 0.1265625
14 0.53203125 0.25234375 0.0828125 0.121875
14 0.44453125 0.25703125 0.0890625 0.11875
19 0.3421875 0.2546875 0.103125 0.13125
21 0.24453125 0.25859375 0.103125 0.1296875
20 0.1453125 0.2640625 0.0953125 0.1203125
23 0.7078125 0.378125 0.078125 0.0890625
15 0.63125 0.38203125 0.0734375 0.0921875
8 0.546875 0.38125 0.0828125 0.103125
9 0.46015625 0.38359375 0.0859375 0.1046875
10 0.37890625 0.38828125 0.0828125 0.10625
11 0.29140625 0.3890625 0.0859375 0.10625
2 0.14765625 0.4046875 0.075 0.0890625
5 0.69765625 0.490625 0.1 0.0671875
4 0.615625 0.4875 0.06875 0.075
29 0.52890625 0.5 0.103125 0.0671875
28 0.44453125 0.49375 0.065625 0.078125
1 0.353125 0.50703125 0.1078125 0.0703125
12 0.71875 0.5921875 0.0625 0.071875
24 0.36875 0.71328125 0.065625 0.0765625
24 0.43046875 0.709375 0.065625 0.0765625
24 0.49296875 0.7046875 0.065625 0.0765625
26 0.546875 0.703125 0.0421875 0.065625
30 0.5984375 0.69921875 0.065625 0.075
16 0.6609375 0.6984375 0.0671875 0.0796875
6 0.72265625 0.69453125 0.065625 0.0796875
27 0.2328125 0.94375 0.103125 0.0640625
27 0.2296875 0.884375 0.1078125 0.0703125
25 0.33671875 0.8703125 0.0953125 0.0609375
25 0.334375 0.9359375 0.0984375 0.0625
25 0.43203125 0.92734375 0.0984375 0.0609375
25 0.4296875 0.86328125 0.09375 0.0640625
31 0.528125 0.92109375 0.096875 0.0609375
31 0.52890625 0.86640625 0.0984375 0.0640625
31 0.5203125 0.80703125 0.103125 0.0703125
17 0.62734375 0.91796875 0.0984375 0.0578125
17 0.63046875 0.8609375 0.0984375 0.0671875
17 0.62890625 0.80234375 0.1 0.0671875
7 0.72265625 0.909375 0.0984375 0.0578125
7 0.728125 0.85625 0.1 0.0578125
36 0.3359375 0.60625 0.0484375 0.078125
34 0.3875 0.60390625 0.05 0.078125
33 0.42734375 0.6 0.0328125 0.078125
35 0.4625 0.5984375 0.0375 0.0796875
38 0.5703125 0.59453125 0.034375 0.0765625
39 0.53671875 0.59609375 0.0359375 0.078125
37 0.4984375 0.5953125 0.0359375 0.0796875
41 0.603125 0.59296875 0.0328125 0.078125
42 0.6359375 0.59140625 0.0328125 0.0765625
40 0.6858067796875 0.6250731093749999 0.6793866390625001 0.5493251 0.6486506609375 0.5513249140625 0.6544004046875 0.6275595796875 0.6858067796875 0.6250731093749999