11 0.9359375 0.35859375 0.128125 0.1703125
10 0.8375 0.34609375 0.1453125 0.1640625
9 0.73203125 0.31484375 0.1421875 0.171875
8 0.63828125 0.296875 0.13125 0.1609375
20 0.45859375 0.25546875 0.128125 0.1609375
19 0.3341490859375 0.148806296875 0.23306040625 0.12549635625 0.20888654999999998 0.2703095546875 0.31190022812499996 0.2954338171875 0.3341490859375 0.148806296875
13 0.30481957187500003 0.30395449218750004 0.20804430468750001 0.28180183125 0.1924579625 0.4062179046875 0.2881810375 0.43055963750000004 0.30481957187500003 0.30395449218750004
13 0.3872851453125 0.3271502984375 0.30277959062500004 0.305092634375 0.28159010625 0.4277002796875 0.371315621875 0.44931129218750004 0.3872851453125 0.3271502984375
13 0.4778064890625 0.3444501390625 0.388548915625 0.3238425 0.366052709375 0.44678380781250004 0.45463161718749995 0.46909624218749996 0.4778064890625 0.3444501390625
14 0.509375 0.41484375 0.1140625 0.14375
14 0.59453125 0.4359375 0.121875 0.1421875
14 0.68359375 0.45703125 0.1265625 0.14375
3 0.76015625 0.48984375 0.0953125 0.109375
3 0.83125 0.50390625 0.096875 0.109375
2 0.89921875 0.51953125 0.096875 0.109375
0 0.67890625 0.58046875 0.0984375 0.0984375
18 0.60234375 0.559375 0.084375 0.0890625
28 0.5471949796875 0.5093678015624999 0.47542500624999995 0.4914735375 0.45939980468749997 0.5685338296875 0.529514859375 0.583745915625 0.5471949796875 0.5093678015624999
29 0.46981047187499997 0.5056363953125 0.36955739374999996 0.481288940625 0.36191534999999997 0.5437704328125 0.4593198640625 0.5685138984375 0.46981047187499997 0.5056363953125
4 0.3719136703125 0.4666379328125 0.309758315625 0.45243775781249995 0.2990783328125 0.529318775 0.36239821562499996 0.5446728328125 0.3719136703125 0.4666379328125
5 0.29702724687500004 0.4670958203125 0.19484207343749999 0.44356353750000005 0.19259029375 0.5066575078125 0.292716459375 0.5311899015625 0.29702724687500004 0.4670958203125
23 0.56875 0.6546875 0.103125 0.1078125
15 0.64921875 0.675 0.1015625 0.103125
24 0.640625 0.77265625 0.0828125 0.0875
24 0.5765625 0.75703125 0.0796875 0.0875
24 0.51796875 0.740625 0.075 0.084375
26 0.46875 0.73203125 0.059375 0.075
30 0.457023503125 0.685922896875 0.39128462656249996 0.6711299281249999 0.3810013625 0.7414154890625 0.443157165625 0.756912671875 0.457023503125 0.685922896875
12 0.38794103125 0.67349143125 0.3261112265625 0.6583950453125 0.3134242875 0.7257163875 0.37898477812500003 0.7418712453125 0.38794103125 0.67349143125
16 0.321916146875 0.65479296875 0.2546482546875 0.6392992625 0.2487934359375 0.7107998265625 0.31454088593749996 0.7270816484375 0.321916146875 0.65479296875
6 0.256979284375 0.640199971875 0.2020965296875 0.6265161640625 0.18930273749999998 0.693350009375 0.250352853125 0.7085715125000001 0.256979284375 0.640199971875
7 0.23608506093749998 0.733640409375 0.1486310375 0.7136468796875 0.1458163796875 0.765947546875 0.2312455125 0.7862524875 0.23608506093749998 0.733640409375
7 0.2272508796875 0.7908653171875 0.140282746875 0.76892298125 0.1367964359375 0.8197597812499999 0.2216379625 0.8396621609375 0.2272508796875 0.7908653171875
7 0.2232748859375 0.8434772296874999 0.1364492734375 0.8223466640625 0.1333524703125 0.8707358640624999 0.22009626875000002 0.8908110593749999 0.2232748859375 0.8434772296874999
17 0.3121517359375 0.8674479249999999 0.22396645468749998 0.8462370953124999 0.21790373437500002 0.8948793625 0.306620609375 0.917300140625 0.3121517359375 0.8674479249999999
17 0.3160414609375 0.8172619703124999 0.2261717734375 0.795889915625 0.2191512171875 0.8463066156249999 0.3083797171875 0.8673591921874999 0.3160414609375 0.8172619703124999
17 0.322864334375 0.7636122234375 0.23181719374999998 0.74142910625 0.2295253015625 0.7922500546875 0.3153240734375 0.8132222453125 0.322864334375 0.7636122234375
31 0.409221175 0.895472715625 0.31717876718750004 0.871747734375 0.30973748749999996 0.9197159218750001 0.40064355 0.9409429421875 0.409221175 0.895472715625
31 0.4072858265625 0.8478988078125 0.31571068750000003 0.8250665625 0.310193084375 0.8701698015625 0.3984441984375 0.893044459375 0.4072858265625 0.8478988078125
31 0.418169653125 0.7973291312499999 0.32231223125 0.7736879328125 0.3145922875 0.8245166828125001 0.408498775 0.8471841578125 0.418169653125 0.7973291312499999
25 0.5114202359375 0.861460634375 0.4198450875 0.838628384375 0.41045261718750004 0.8881839125000001 0.5000042078125 0.9113980421875001 0.5114202359375 0.861460634375
18 0.47265625 0.821875 0.1015625 0.071875
25 0.5390625 0.94765625 0.1015625 0.0671875
25 0.55234375 0.903125 0.10625 0.06875
25 0.56484375 0.846875 0.1078125 0.0703125
25 0.6998520328125 0.9155408484375 0.6048160984375001 0.891845728125 0.5933440703125 0.937857521875 0.6857960265624999 0.962232596875 0.6998520328125 0.9155408484375
25 0.673983490625 1 0.6849036093749999 0.9630450609375 0.590111709375 0.9394107859374999 0.5791451875 0.98339510625 0.6419129406249999 1 0.673983490625 1
27 0.7955547453125 0.937332265625 0.697834596875 0.9129678968749999 0.6858311421875001 0.9611111234375 0.7809830171875001 0.9857066328125 0.7955547453125 0.937332265625
27 0.7781364640625 1 0.782849634375 0.9851370562499999 0.6883729296875 0.962875090625 0.6768357328125 1 0.7781364640625 1
36 0.50390625 0.6421875 0.065625 0.0875
34 0.4546875 0.6296875 0.0640625 0.0859375
33 0.43780968906249995 0.5865897609374999 0.40309849062499997 0.578777121875 0.3886349515625 0.6538382828125 0.4216113109375 0.6620602124999999 0.43780968906249995 0.5865897609374999
35 0.4019760828125 0.5787778875 0.3688711921875 0.5705239109375 0.3546836765625 0.6460044125 0.387495275 0.6548611140625 0.4019760828125 0.5787778875
37 0.36774878437499997 0.5705246749999999 0.334512153125 0.562799075 0.3220528359375 0.6384997640625001 0.35432451249999997 0.6468713328125 0.36774878437499997 0.5705246749999999
41 0.3339623875 0.5635038390625 0.297490271875 0.555252153125 0.2873930265625 0.6323826375 0.32159465625 0.6401139125 0.3339623875 0.5635038390625
40 0.29819461875000003 0.5554277671875 0.2634834234375 0.5476151296875 0.253607071875 0.6250107421875 0.28866715625 0.6341490609375 0.29819461875000003 0.5554277671875
44 0.2647375703125 0.5470859875 0.23185313125 0.5394481984375 0.220793740625 0.615987946875 0.2537785703125 0.6240472984375 0.2647375703125 0.5470859875
45 0.2307241921875 0.5402891703125 0.1997324109375 0.5325620515625 0.18862452031250002 0.6077568828125 0.22071020625 0.61496059375 0.2307241921875 0.5402891703125
21 0.36796875 0.2359375 0.1234375 0.1609375