19 0.78125 0.13125 0.1109375 0.1453125
19 0.6796875 0.1390625 0.153125 0.184375
8 0.56171875 0.16796875 0.1453125 0.1796875
20 0.44453125 0.19921875 0.146875 0.1765625
9 0.3359375 0.2328125 0.134375 0.1625
9 0.2359375 0.2671875 0.1359375 0.1453125
11 0.15 0.2828125 0.1296875 0.1546875
11 0.06328125 0.303125 0.1265625 0.15625
13 0.4109375 0.3875 0.1359375 0.165625
13 0.51171875 0.36328125 0.1296875 0.1640625
14 0.31484375 0.4078125 0.121875 0.1546875
3 0.2375 0.44375 0.0859375 0.10625
3 0.1453125 0.4609375 0.0984375 0.1125
2 0.09296875 0.47109375 0.075 0.1
5 0.8600123640625 0.5037086890625 0.85120100625 0.41848632500000005 0.721894109375 0.4438273453125 0.7286916046874999 0.5211734531250001 0.8600123640625 0.5037086890625
4 0.7199767031250001 0.5224976031249999 0.7107042765625 0.4263567359375 0.6272418109375 0.4441001671875 0.6430740890625 0.5314868015624999 0.7199767031250001 0.5224976031249999
29 0.6372851328125 0.5354763359375 0.6210850921875 0.46143226875 0.5022040421875 0.48693890624999997 0.517337465625 0.557744090625 0.6372851328125 0.5354763359375
28 0.5192671125 0.5564142265625 0.49961189375000004 0.47304682343750004 0.43308954999999993 0.481904740625 0.45427272187499995 0.563283121875 0.5192671125 0.5564142265625
29 0.4516770859375 0.5664764734375 0.43334815937500004 0.4929631625 0.33184735 0.5124487671875 0.3485615390625 0.5836987578125 0.4516770859375 0.5664764734375
0 0.3472978765625 0.5831651078125 0.33269740468750003 0.5019323328125 0.27295884843749996 0.5144076937500001 0.28589525312499997 0.590835909375 0.3472978765625 0.5831651078125
15 0.37275021875 0.7079223609375 0.35209885937499996 0.620559653125 0.2664776296875 0.6358377796875 0.2794823140625 0.7192944171875 0.37275021875 0.7079223609375
23 0.45224846406249997 0.69573978125 0.43113610781249995 0.597458515625 0.356238653125 0.6102769375 0.377674040625 0.7049972453125 0.45224846406249997 0.69573978125
24 0.375464109375 0.8043295453124999 0.36139921406250003 0.729367303125 0.2979672453125 0.73879774375 0.3182582953125 0.8123428015625 0.375464109375 0.8043295453124999
24 0.43914356874999994 0.803729634375 0.4251345578125 0.725281375 0.36010206093749997 0.7328485125 0.375189340625 0.810647809375 0.43914356874999994 0.803729634375
16 0.6171528625 0.7756446890625 0.6085835875 0.70417315 0.5363690703125 0.711455728125 0.5500409562499999 0.784739 0.6171528625 0.7756446890625
30 0.6941708625 0.7654693484374999 0.6812517140625001 0.683971709375 0.6080391890625 0.6927188421875 0.6165008484375 0.77302960625 0.6941708625 0.7654693484374999
12 0.8158711593750001 0.760125053125 0.8007770000000001 0.6736143546875 0.71835550625 0.6851668515625 0.7328126421875 0.768334384375 0.8158711593750001 0.760125053125
6 0.9060088281249999 0.7432065859375 0.898315221875 0.6604059921875 0.8146564843749999 0.6724340796875 0.8232763078125 0.75272341875 0.9060088281249999 0.7432065859375
36 0.515149184375 0.6893181 0.488518884375 0.597350684375 0.43782752187499996 0.608499471875 0.46104509531250004 0.6986412515625 0.515149184375 0.6893181
34 0.5748605875 0.6765136171874999 0.5548157671875 0.5849875015625 0.5072488421875 0.594660871875 0.5258749421875 0.6803941124999999 0.5748605875 0.6765136171874999
35 0.6150299265625 0.6706647640625001 0.5920463218750001 0.5784825578125 0.55577559375 0.5851643546874999 0.576928475 0.6773868734375 0.6150299265625 0.6706647640625001
33 0.660205878125 0.66634529375 0.6403800140625 0.5719869375 0.601849909375 0.579749378125 0.6205814984375 0.6706694375 0.660205878125 0.66634529375
37 0.7040219765625 0.66028163125 0.6833250078125 0.566140465625 0.641461053125 0.5716082499999999 0.6621106953125 0.6665648015625 0.7040219765625 0.66028163125
38 0.7469669718749999 0.6544351609375 0.7329114984375 0.557249246875 0.6923694359375 0.56238544375 0.7075055953125 0.6594130671875 0.7469669718749999 0.6544351609375
38 0.7930138921875 0.6498985328125 0.7816270171874999 0.548575184375 0.7367438390625 0.554791740625 0.7499057625 0.655091275 0.7930138921875 0.6498985328125
41 0.8374818734374999 0.6464499874999999 0.8259319968750001 0.5444728734375001 0.783907153125 0.5491052468750001 0.7946998859375001 0.6529502500000001 0.8374818734374999 0.6464499874999999
42 0.8406396203125001 0.6442738609374999 0.886034390625 0.6371221609375 0.8713268984375 0.5373211390625 0.8286888328125 0.5431450390625 0.8406396203125001 0.6442738609374999
26 0.49765625 0.74765625 0.096875 0.0875
25 0.36779124375 0.9617638171875 0.35704036562499997 0.9011532515624999 0.26858509218750004 0.906961725 0.2796090328125 0.9695641921875 0.36779124375 0.9617638171875
25 0.468300359375 0.9742523328124999 0.45481964062499997 0.8968627421875001 0.356166571875 0.9083003843749999 0.3678886609375 0.9796456921875001 0.468300359375 0.9742523328124999
25 0.568244753125 0.89702058125 0.5563009375 0.825795175 0.44903455625 0.8360689546875 0.4601338703125 0.9065160421874999 0.568244753125 0.89702058125
25 0.579949421875 0.9731170656250001 0.5671492390624999 0.9042876359375001 0.4613895890625 0.9147832328125001 0.47021372031249997 0.981926409375 0.579949421875 0.9731170656250001
31 0.5719689796874999 0.90629813125 0.5799649171875 0.973179215625 0.6872177859375 0.9686281781250001 0.690635084375 0.9677761500000001 0.6815184421875 0.8965715421875 0.5719689796874999 0.90629813125
25 0.4874663359375 1 0.4857635359375 0.9743291624999999 0.379651821875 0.973333621875 0.3845120390625 1 0.4874663359375 1