19 0.2875 0.11875 0.134375 0.165625
19 0.3796875 0.14140625 0.1375 0.1578125
20 0.4765625 0.16015625 0.1296875 0.15
8 0.67265625 0.19921875 0.1296875 0.153125
10 0.86484375 0.2359375 0.128125 0.15
11 0.9484375 0.2515625 0.103125 0.171875
2 0.9578125 0.41484375 0.084375 0.0984375
3 0.89375 0.39921875 0.084375 0.0953125
3 0.82734375 0.38671875 0.0890625 0.0984375
14 0.74609375 0.37578125 0.115625 0.1390625
14 0.65625 0.35703125 0.121875 0.1421875
14 0.5578125 0.340625 0.121875 0.1359375
13 0.4375 0.31484375 0.1234375 0.1453125
13 0.34140625 0.2953125 0.121875 0.14375
13 0.25078125 0.278125 0.1265625 0.15
5 0.26015625 0.40859375 0.125 0.0875
4 0.35703125 0.4203125 0.090625 0.103125
29 0.4453125 0.440625 0.1203125 0.0890625
28 0.5359375 0.45703125 0.0890625 0.0921875
1 0.6296875 0.4765625 0.1203125 0.0890625
0 0.72421875 0.4875 0.096875 0.0984375
15 0.69296875 0.5921875 0.10625 0.1171875
23 0.60703125 0.578125 0.1046875 0.115625
24 0.603125 0.6890625 0.0859375 0.09375
24 0.53671875 0.67890625 0.0828125 0.0921875
30 0.41875 0.65703125 0.084375 0.09375
26 0.478125 0.67734375 0.0640625 0.08125
12 0.3484375 0.6421875 0.0890625 0.096875
16 0.27890625 0.6359375 0.0875 0.0953125
6 0.20859375 0.62578125 0.0859375 0.0953125
7 0.12787101875 0.7735903390625001 0.236642003125 0.7924577968750001 0.24915092031250002 0.7281049937499999 0.13812739999999998 0.7096658609375 0.12787101875 0.7735903390625001
7 0.16796875 0.87265625 0.11875 0.0828125
17 0.22593586718749997 0.8517068984374999 0.21611806093750002 0.9123721421875001 0.3214450515625 0.9291430437500001 0.3308802703125 0.8703107265625001 0.22593586718749997 0.8517068984374999
31 0.34403733281250004 0.8057954875 0.44888871874999997 0.82247395625 0.461430565625 0.760486928125 0.3551531203125 0.7435312656249999 0.34403733281250004 0.8057954875
31 0.3217838421875 0.9300023078124999 0.426997490625 0.94716805625 0.4401529421875 0.886992428125 0.334149325 0.8663874125 0.3217838421875 0.9300023078124999
25 0.4269520421875 0.945801190625 0.531987446875 0.963044115625 0.5456794640625 0.9027616890625 0.439262553125 0.8865194359374999 0.4269520421875 0.945801190625
25 0.44130373437500003 0.8861739875 0.5439752999999999 0.90390976875 0.5574691203125 0.84210778125 0.452591146875 0.8242048953125 0.44130373437500003 0.8861739875
25 0.4484880734375 0.8206442890625001 0.551773940625 0.8377589656250001 0.5638609578125 0.7760545828125001 0.460614590625 0.7607980828125 0.4484880734375 0.8206442890625001
25 0.56337634375 0.8464926890625 0.6643373687499999 0.8628825734375001 0.68020920625 0.8015428328124999 0.57528846875 0.7852211437500001 0.56337634375 0.8464926890625
25 0.547841434375 0.9026561515625 0.655990090625 0.923678121875 0.6683384234374999 0.8657857578125 0.5618025015625 0.845077271875 0.547841434375 0.9026561515625
25 0.651095440625 0.9221348734375001 0.636997153125 0.9819680765625 0.7400848453125 0.997563196875 0.7558775015625 0.9391701187500001 0.651095440625 0.9221348734375001
25 0.6547615999999999 0.9235880234374999 0.75523223125 0.9389568593750001 0.7701739859375001 0.880856484375 0.668929215625 0.86339804375 0.6547615999999999 0.9235880234374999
27 0.8410794328125 1 0.8545459859375001 0.954646753125 0.7560162 0.938456575 0.74036225 0.9961360750000001 0.763407075 1 0.8410794328125 1
27 0.755360209375 0.936532409375 0.8517715296875 0.951145384375 0.8727860125 0.8963591453124999 0.77200703125 0.8815830546875001 0.755360209375 0.936532409375
41 0.300937840625 0.57018676875 0.3398636015625 0.5777531703125 0.356386246875 0.492751528125 0.31305439062499996 0.484960440625 0.300937840625 0.57018676875
35 0.40234375 0.54609375 0.05625 0.0921875
33 0.440625 0.553125 0.05625 0.0921875
34 0.5058647796875 0.6076675640625 0.5564057109375 0.6168533390625 0.5702313453125 0.5337119984375 0.5207883265625 0.524340109375 0.5058647796875 0.6076675640625
36 0.45134679375 0.5992177843750001 0.5046302234375 0.6090553921875 0.518564246875 0.5253386609375 0.464870459375 0.5149016468750001 0.45134679375 0.5992177843750001
20 0.5765625 0.17890625 0.1328125 0.159375
9 0.7640625 0.21640625 0.1234375 0.153125
37 0.3399170609375 0.5786821296875 0.3782053953125 0.5864843796875 0.39113525937500004 0.4969903890625 0.35412427968750004 0.489796184375 0.3399170609375 0.5786821296875
40 0.26172472812500003 0.5659113328125 0.2999456984375 0.5740602546875 0.3117844046875 0.48647324375 0.27531737500000003 0.47914591250000005 0.26172472812500003 0.5659113328125
44 0.22336900312500002 0.5584557359375 0.26172472812500003 0.5659113328125 0.27553796406250003 0.477577940625 0.23507379374999998 0.46863323437500004 0.22336900312500002 0.5584557359375
45 0.186509740625 0.553170303125 0.22354650937499998 0.560009771875 0.23509316249999998 0.47145388749999995 0.19706022343750002 0.4647776125 0.186509740625 0.553170303125
24 0.678125 0.70546875 0.09375 0.1
25 0.5358767906249999 0.9625898562499999 0.6391508421875 0.977854346875 0.6509207515625001 0.9223819203125 0.5478645875 0.9034571890624999 0.5358767906249999 0.9625898562499999
31 0.3367957546875 0.868442528125 0.44001228281250004 0.8859139875 0.4520718265625 0.8236845734375 0.3464153734375 0.8062577328125 0.3367957546875 0.868442528125
17 0.229034878125 0.8541571640625 0.3364030078125 0.8705843171875 0.3477814828125 0.8103414656249999 0.23836035 0.7890721515625 0.229034878125 0.8541571640625
17 0.355850275 0.7451443953125 0.24793719531249997 0.7289815734375 0.237227665625 0.7916950218750001 0.34541814843749996 0.8064307359375 0.355850275 0.7451443953125
7 0.120011275 0.8363512140625 0.2277391734375 0.8551212921875001 0.23669435 0.792304890625 0.130509353125 0.7738307765625 0.120011275 0.8363512140625