11 0.283469990625 0.2388364234375 0.32672294062499996 0.09888883750000001 0.2297595609375 0.0691119984375 0.185564225 0.2056744125 0.283469990625 0.2388364234375
10 0.36760253593750003 0.2645951625 0.412160340625 0.1312840359375 0.331905559375 0.10219707656250002 0.2857319828125 0.23513517187500002 0.36760253593750003 0.2645951625
9 0.45191419218749995 0.2956745953125 0.49980804843750004 0.1663012625 0.4137761125 0.1316570671875 0.3638251640625 0.26266721875 0.45191419218749995 0.2956745953125
20 0.616760134375 0.355905515625 0.6581907265625 0.2303193640625 0.57561345 0.20491968749999998 0.524199440625 0.3239775125 0.616760134375 0.355905515625
20 0.679049534375 0.3787331046875 0.7337571703125 0.2688826203125 0.663239615625 0.239931940625 0.6109522000000001 0.3566763859375 0.679049534375 0.3787331046875
19 0.7411343875 0.26741818125 0.68218493125 0.37734523124999997 0.7504613765625 0.40472264375 0.810072103125 0.29283652187500003 0.7411343875 0.26741818125
19 0.8069338796875 0.299503084375 0.7522605062500001 0.40302626874999997 0.8161176046874999 0.4251599203125 0.872772046875 0.319982365625 0.8069338796875 0.299503084375
14 0.5570970859375 0.47411476874999997 0.600806125 0.3691161375 0.5224747843750001 0.34364084375 0.47545796406249996 0.44365234062500003 0.5570970859375 0.47411476874999997
13 0.622111340625 0.491236228125 0.6632901578125 0.3972680015625 0.5987688343750001 0.372869265625 0.5566865437499999 0.46979651406249995 0.622111340625 0.491236228125
13 0.6877675703125 0.5116735078125 0.7356971484375 0.41292860468750003 0.6650670375 0.396622359375 0.6247838765625 0.4918532328125 0.6877675703125 0.5116735078125
13 0.7560963328125 0.5327277875 0.8026537984375001 0.4400013171875 0.7378674671875001 0.41659726875 0.6906715359375 0.5112880718749999 0.7560963328125 0.5327277875
2 0.1954615703125 0.357892709375 0.2264350515625 0.2710712140625 0.15934604218749998 0.2460796796875 0.1244602703125 0.3362214265625 0.1954615703125 0.357892709375
0 0.336395634375 0.5034078234375 0.35812772656249997 0.432402546875 0.295188621875 0.4136484359375 0.26649917031250003 0.48304748125 0.336395634375 0.5034078234375
1 0.42767237968750005 0.5287041953125 0.4486280296875 0.47335768749999996 0.35853053749999997 0.44411009687499997 0.33482793437499997 0.5041017609375 0.42767237968750005 0.5287041953125
28 0.490424640625 0.54952690625 0.5166144078125 0.48377423906250006 0.4581086390625 0.46393190781250004 0.43255458593749996 0.5319430796875 0.490424640625 0.54952690625
29 0.5792602828125 0.5732038359375 0.6047249781249999 0.5167865859375 0.5167997796875 0.49015224531249996 0.4879835375 0.547907465625 0.5792602828125 0.5732038359375
4 0.6344732875 0.5888544015625 0.6645037874999999 0.5221406656250001 0.6119161640625 0.503664646875 0.5822245140625 0.5728323140625 0.6344732875 0.5888544015625
5 0.715304403125 0.6090995359375 0.73735220625 0.55875658125 0.6602119906249999 0.5322364453125 0.635822634375 0.5875821203125 0.715304403125 0.6090995359375
15 0.302228715625 0.6150968703124999 0.33182109375 0.53165205625 0.257740896875 0.5105897890625 0.22540640625 0.5957772375 0.302228715625 0.6150968703124999
23 0.373905690625 0.6292690984375 0.40665682187499996 0.5505130484375 0.33656760937499997 0.5303721734375 0.3025758640625 0.6135932109375 0.373905690625 0.6292690984375
24 0.2628788203125 0.698664684375 0.2859489 0.634303515625 0.2239001 0.616018915625 0.1987379734375 0.683856603125 0.2628788203125 0.698664684375
24 0.3227029609375 0.7093085703125 0.348620796875 0.646396759375 0.28834885625 0.6340656874999999 0.26523037031249996 0.6976237796875 0.3227029609375 0.7093085703125
24 0.37651389375 0.718564196875 0.4059723578125 0.6540941015625 0.34882804843750004 0.6464446078125 0.32457302656250003 0.7057808015625 0.37651389375 0.718564196875
26 0.4170834046875 0.7303061109375 0.437625234375 0.6724883625 0.39990105 0.662987146875 0.378344721875 0.719778778125 0.4170834046875 0.7303061109375
30 0.4745167546875 0.74673325 0.501125996875 0.685564865625 0.443689975 0.6699290109375 0.41839351249999995 0.7337761781250001 0.4745167546875 0.74673325
12 0.5323364921875 0.7569143828125 0.5567808249999999 0.696038090625 0.50517136875 0.68253930625 0.4782176515625 0.7444200640624999 0.5323364921875 0.7569143828125
16 0.5862817609375 0.77016053125 0.6140543828125 0.713220240625 0.5615632781250001 0.70347741875 0.534648803125 0.7606158265625 0.5862817609375 0.77016053125
6 0.6322486625 0.77681331875 0.6555015 0.721205259375 0.612541184375 0.7112870890625 0.58362230625 0.7679627453125 0.6322486625 0.77681331875
27 0 0.8357586484375 0.046799046875 0.8435864625 0.0650069734375 0.7955246046875 0 0.783044340625 0 0.8357586484375
27 0 0.7848360484375 0.0671011203125 0.7967999781249999 0.0835188828125 0.742781521875 0 0.725417 0 0.7848360484375
25 0.1512407390625 0.8621554171874999 0.1659451015625 0.815660403125 0.07311432500000001 0.7981882359375 0.055818853125 0.8456688484375 0.1512407390625 0.8621554171874999
25 0.1690176921875 0.8171616687500001 0.183415571875 0.7674282921875 0.0882710625 0.746254353125 0.0697605765625 0.798997765625 0.1690176921875 0.8171616687500001
25 0.24282739375 0.876964653125 0.2609076 0.8296652109375 0.17036704062500002 0.8158893859375 0.1547680609375 0.8605940593750001 0.24282739375 0.876964653125
25 0.259602146875 0.8317395265625 0.27585247343749997 0.7832257234375 0.1868731234375 0.7626832218749999 0.1683626375 0.8154266343750001 0.259602146875 0.8317395265625
25 0.2750667890625 0.783044334375 0.2931883734375 0.7310030375000001 0.2010276578125 0.7105179625 0.178334796875 0.763087696875 0.2750667890625 0.783044334375
25 0.3268779234375 0.8924097390625001 0.34576771093750003 0.8508405140624999 0.26174088281249996 0.8361927984375 0.242653821875 0.87771648125 0.3268779234375 0.8924097390625001
25 0.347448665625 0.853604296875 0.3672089328125 0.80827653125 0.2778605796875 0.789232640625 0.2583871328125 0.8370023265625001 0.347448665625 0.853604296875
25 0.36857936874999997 0.80780101875 0.3841976859375 0.7575575031249999 0.2973732671875 0.736720603125 0.27768700625 0.78998446875 0.36857936874999997 0.80780101875
31 0.4112756015625 0.9063511703125 0.4315346921875 0.8635142703125 0.348142959375 0.85059698125 0.3292294734375 0.8913688343749999 0.4112756015625 0.9063511703125
31 0.432714209375 0.8637865828125 0.4523206234375 0.8192151984375 0.36927366093749997 0.8047937046874999 0.3489715859375 0.8515801875 0.432714209375 0.8637865828125
31 0.4467902671875 0.8211060187499999 0.47175696875 0.776188353125 0.3900964546875 0.7557517359375 0.3660934859375 0.804851403125 0.4467902671875 0.8211060187499999
17 0.4909701828125 0.9223744078125 0.5146025015625 0.878732478125 0.4350657578125 0.862745678125 0.4149372578125 0.90878033125 0.4909701828125 0.9223744078125
17 0.5125823640625 0.87905799375 0.5323811187499999 0.8337391125 0.4538449125 0.8179833046875 0.43254063593750003 0.8645384109375 0.5125823640625 0.87905799375
17 0.5308800375 0.8318087593750001 0.5528589046875 0.7862012953125 0.47466770625 0.7689413375 0.4483131875 0.8190819093749999 0.5308800375 0.8318087593750001
7 0.575194284375 0.9370676671875 0.5970150203125 0.8922155984375 0.5184612343749999 0.8764557312499999 0.49567327812500006 0.9202925984375 0.575194284375 0.9370676671875
7 0.595322784375 0.8910330125 0.6129623343749999 0.8460075421875001 0.537066815625 0.8324451859374999 0.5157625390625 0.8790002937500001 0.595322784375 0.8910330125
7 0.6162799156250001 0.8459815640624999 0.6342299828125 0.8041953875000001 0.5585054234375 0.7898806015625001 0.5315350890625 0.8335437921875 0.6162799156250001 0.8459815640624999
36 0.417363240625 0.6412818171875 0.44790342499999997 0.5734979 0.408109053125 0.5613410140624999 0.3765431796875 0.6294820609375 0.417363240625 0.6412818171875
34 0.46223134374999997 0.6492647328125 0.4913793125 0.5841290265625 0.450692775 0.57236009375 0.4210207421875 0.6391565890625001 0.46223134374999997 0.6492647328125
33 0.49354030781249997 0.6576808265625 0.5222042921875001 0.5912455328124999 0.4930161375 0.5845069171875 0.4642259375 0.650913071875 0.49354030781249997 0.6576808265625
35 0.52388011875 0.6660607328125 0.5534940374999999 0.6008763046875 0.52596009375 0.5935192953125 0.49666245625 0.6597770390625 0.52388011875 0.6660607328125
37 0.5521444703125 0.67358636875 0.581959759375 0.6104490218749999 0.5544189109375 0.6030904203125 0.52525568125 0.6658781578124999 0.5521444703125 0.67358636875
39 0.5816747578125 0.6814042703125 0.6099266171875 0.6164055328125 0.5854343875 0.6102509078125 0.55467634375 0.6741708984375 0.5816747578125 0.6814042703125
38 0.6096350140625 0.6873592546875 0.638197721875 0.6239327265625 0.6113861109375 0.616242334375 0.5832695703125 0.6802720156250001 0.6096350140625 0.6873592546875
41 0.6378993640624999 0.6948848890625 0.6668826906249999 0.632555765625 0.6412204921875 0.625630884375 0.6113146703125001 0.6887473296875 0.6378993640624999 0.6948848890625
42 0.6635222140625 0.7023008359375 0.6933640624999999 0.6391696203125 0.66821890625 0.6328642546875 0.6385323328125 0.695031021875 0.6635222140625 0.7023008359375
18 0.46783469218749996 0.44189237031250006 0.5082910203125001 0.3435338703125 0.2465233 0.248256371875 0.20013537656249997 0.3531644671875 0.46783469218749996 0.44189237031250006