19 0.41171875 0.275 0.1890625 0.2203125
14 0.2796875 0.26640625 0.1578125 0.2203125
13 0.1265625 0.28984375 0.20625 0.2234375
31 0.4671875 0.72421875 0.1203125 0.059375
24 0.36484375 0.7265625 0.0890625 0.078125
23 0.2765625 0.73125 0.1109375 0.075
7 0.4296875 0.61953125 0.1375 0.0734375
29 0.2953125 0.6234375 0.134375 0.075
5 0.16015625 0.640625 0.15625 0.0734375
27 0.47421875 0.8640625 0.109375 0.046875
39 0.490625 0.4796875 0.0515625 0.1078125
38 0.43828125 0.48359375 0.05625 0.1078125
40 0.366865453125 0.5433403734375 0.4143367640625 0.540177778125 0.40331653593750005 0.4328011390625 0.3537689765625 0.43618521406250005 0.366865453125 0.5433403734375
41 0.31394559375000003 0.54543905625 0.3633153703125 0.544201128125 0.35312095 0.435431778125 0.3032890875 0.43798784687500003 0.31394559375000003 0.54543905625
42 0.30953437031250003 0.5470196703125 0.290658559375 0.444103009375 0.2397120734375 0.44722011874999995 0.2612019828125 0.550902096875 0.30953437031250003 0.5470196703125
35 0.260235121875 0.549603334375 0.235945890625 0.44629566406250004 0.1791009640625 0.4487108 0.21107692500000003 0.5548784734375001 0.260235121875 0.549603334375
33 0.20650595 0.553410828125 0.17845505625 0.4469267140625 0.1231492546875 0.4533289171875 0.155625540625 0.5601256296875 0.20650595 0.553410828125
37 0.154729203125 0.5601726046875 0.120262834375 0.4513258734375 0.065900534375 0.454643384375 0.101879803125 0.563617028125 0.154729203125 0.5601726046875
32 0.10101873125000001 0.5643368828125 0.058555725 0.45725865624999995 0.004477004687499999 0.462076984375 0.04913619375 0.5690800687500001 0.10101873125000001 0.5643368828125
25 0.3999342375 0.8656234890625001 0.39236981875 0.8241876734375 0.282480871875 0.8344012796875001 0.28906893125 0.8768314 0.3999342375 0.8656234890625001
25 0.40721654531249996 0.9016763609374999 0.3981415640625 0.8657174390625 0.2925731921875 0.8768605703125001 0.3062464078125 0.9130404171875 0.40721654531249996 0.9016763609374999
25 0.2898947390625 0.8754386875 0.27602063593750004 0.83365884375 0.16389673124999998 0.8448305421875 0.1799258375 0.8865996171875 0.2898947390625 0.8754386875
25 0.304468096875 0.913409721875 0.2926335109375 0.8762459796875 0.1865380796875 0.890846696875 0.19718820625 0.9244297390625 0.304468096875 0.913409721875