11 0.25390625 0.13046875 0.1171875 0.1390625
10 0.34765625 0.14609375 0.1109375 0.146875
9 0.434375 0.1703125 0.1078125 0.1375
8 0.5203125 0.190625 0.1078125 0.1375
20 0.59921875 0.21015625 0.0984375 0.1265625
20 0.68359375 0.22265625 0.1015625 0.1328125
21 0.76484375 0.234375 0.1 0.1359375
21 0.846875 0.2546875 0.1046875 0.134375
13 0.825 0.390625 0.1015625 0.128125
13 0.7421875 0.37421875 0.1015625 0.128125
13 0.66171875 0.3578125 0.1 0.128125
14 0.58046875 0.34140625 0.1046875 0.1328125
14 0.49609375 0.32578125 0.096875 0.125
14 0.4140625 0.30859375 0.10625 0.128125
3 0.33671875 0.30859375 0.0765625 0.0921875
3 0.27578125 0.29296875 0.0734375 0.0953125
2 0.215625 0.284375 0.075 0.0875
5 0.77109375 0.521875 0.1078125 0.078125
29 0.61328125 0.48984375 0.109375 0.0765625
28 0.52734375 0.4703125 0.0765625 0.0828125
1 0.4484375 0.4578125 0.1078125 0.0796875
0 0.36796875 0.4390625 0.0765625 0.0828125
15 0.35 0.5359375 0.0875 0.0984375
23 0.4234375 0.55078125 0.0890625 0.0953125
24 0.31953125 0.6328125 0.0765625 0.0890625
24 0.38203125 0.64609375 0.075 0.084375
24 0.4421875 0.6578125 0.071875 0.08125
26 0.49140625 0.67265625 0.053125 0.06875
30 0.5453125 0.67734375 0.071875 0.0796875
12 0.6125 0.69296875 0.0796875 0.0828125
16 0.67265625 0.70390625 0.0703125 0.08125
6 0.73671875 0.715625 0.0765625 0.0859375
25 0.21875 0.85078125 0.109375 0.0765625
25 0.23046875 0.7921875 0.109375 0.078125
25 0.3390625 0.8109375 0.10625 0.0765625
25 0.321875 0.86796875 0.10625 0.0765625
25 0.41875 0.88515625 0.1046875 0.075
25 0.43515625 0.828125 0.1046875 0.075
25 0.44375 0.746875 0.0984375 0.071875
31 0.51484375 0.9015625 0.1046875 0.075
31 0.53046875 0.84765625 0.103125 0.0734375
17 0.61796875 0.92265625 0.1015625 0.075
17 0.628125 0.86640625 0.1046875 0.075
7 0.71171875 0.93984375 0.103125 0.0734375
7 0.7171875 0.86796875 0.096875 0.0703125
36 0.48828125 0.56328125 0.05625 0.08125
34 0.5359375 0.57265625 0.059375 0.0828125
33 0.587331596875 0.61916163125 0.5986889640624999 0.542764596875 0.566897209375 0.5381569984375 0.5562703796874999 0.6136479734375 0.587331596875 0.61916163125
35 0.6109375 0.584375 0.046875 0.08125
37 0.64609375 0.59140625 0.04375 0.08125
39 0.67890625 0.596875 0.0453125 0.08125
38 0.7125 0.603125 0.046875 0.0828125
42 0.78046875 0.615625 0.0453125 0.08125
41 0.746875 0.609375 0.046875 0.0828125
18 0.69453125 0.49921875 0.0703125 0.0828125