11 0.79921875 0.21875 0.0890625 0.121875
9 0.7171875 0.221875 0.084375 0.1171875
10 0.63828125 0.22578125 0.084375 0.121875
8 0.55859375 0.22265625 0.0890625 0.1328125
20 0.4609375 0.22890625 0.08125 0.125
20 0.37734375 0.22578125 0.0921875 0.1296875
19 0.2875 0.2265625 0.0875 0.13125
19 0.19375 0.228125 0.0921875 0.128125
13 0.3046875 0.36875 0.0859375 0.1125
13 0.38984375 0.36875 0.0859375 0.115625
14 0.46953125 0.3625 0.08125 0.11875
14 0.54921875 0.3625 0.08125 0.1125
14 0.6296875 0.3625 0.0828125 0.1109375
3 0.69921875 0.37265625 0.0625 0.08125
3 0.75703125 0.3703125 0.0625 0.078125
2 0.815625 0.365625 0.0625 0.08125
5 0.23125 0.49609375 0.1015625 0.065625
4 0.3171875 0.48515625 0.0671875 0.078125
29 0.40234375 0.49140625 0.1 0.0640625
28 0.48125 0.48203125 0.0625 0.075
1 0.5640625 0.484375 0.096875 0.0640625
0 0.646875 0.47734375 0.065625 0.075
15 0.6390625 0.5734375 0.075 0.0875
23 0.5640625 0.5765625 0.0703125 0.084375
24 0.6453125 0.66875 0.065625 0.0734375
24 0.58359375 0.66953125 0.05625 0.0734375
24 0.52578125 0.67265625 0.0640625 0.075
26 0.46796875 0.68125 0.0453125 0.065625
30 0.4125 0.67890625 0.06875 0.071875
12 0.34296875 0.6796875 0.0640625 0.078125
16 0.28203125 0.68515625 0.0640625 0.075
6 0.215625 0.68984375 0.071875 0.08125
27 0.8125 0.875 0.09375 0.0625
25 0.721875 0.828125 0.096875 0.0640625
25 0.71953125 0.88359375 0.09375 0.0578125
25 0.62578125 0.834375 0.0953125 0.059375
25 0.62734375 0.88984375 0.0984375 0.0578125
25 0.52890625 0.8921875 0.09375 0.0609375
25 0.52890625 0.8359375 0.096875 0.0625
25 0.52890625 0.77734375 0.0984375 0.0640625
25 0.62578125 0.77734375 0.1015625 0.0625
31 0.4328125 0.784375 0.1015625 0.0640625
31 0.4328125 0.84140625 0.0984375 0.0578125
31 0.43359375 0.896875 0.0984375 0.059375
17 0.32109375 0.84921875 0.1015625 0.0640625
17 0.3265625 0.90625 0.1015625 0.0625
7 0.22734375 0.91171875 0.1046875 0.0609375
7 0.2203125 0.85546875 0.10625 0.065625
42 0.2 0.59140625 0.034375 0.0796875
41 0.2359375 0.590625 0.034375 0.0796875
38 0.27265625 0.58984375 0.034375 0.078125
39 0.30703125 0.5890625 0.034375 0.078125
37 0.34296875 0.5875 0.034375 0.0765625
35 0.38046875 0.58671875 0.034375 0.0765625
33 0.4171875 0.58359375 0.034375 0.0765625
34 0.45859375 0.5828125 0.046875 0.075
36 0.50546875 0.5796875 0.0453125 0.0765625
18 0.209375 0.37109375 0.10625 0.1109375