11 0.30265105000000003 0.1027247125 0.213544121875 0.076487834375 0.21120060000000002 0.1981207671875 0.2904606265625 0.216927684375 0.30265105000000003 0.1027247125
10 0.37844483906250004 0.10492247031249999 0.2942961296875 0.0842088890625 0.28589459375000004 0.21483443750000003 0.35946810937499996 0.2360428703125 0.37844483906250004 0.10492247031249999
9 0.46800703437499996 0.1284456734375 0.3695153203125 0.10391795781249999 0.3485431953125 0.2390478828125 0.4435948703125 0.2608372765625 0.46800703437499996 0.1284456734375
8 0.55036238125 0.14897916718749998 0.46269719374999996 0.128105634375 0.4402264265625 0.2590426046875 0.5295148390625 0.2784402828125 0.55036238125 0.14897916718749998
20 0.644976690625 0.1713763234375 0.5519854296875 0.147503240625 0.522105659375 0.27754775625 0.6071290234375 0.2987464625 0.644976690625 0.1713763234375
20 0.7134904203125 0.20277279374999999 0.6346202875 0.183383565625 0.60331231875 0.298749675 0.6796521640625001 0.3139640328125 0.7134904203125 0.20277279374999999
19 0.7912562999999999 0.2161978046875 0.709538415625 0.199198284375 0.6744138234375 0.31456765625 0.75509539375 0.33277414375 0.7912562999999999 0.2161978046875
19 0.8724916374999999 0.241223409375 0.7876008546875 0.21770661093750002 0.754122025 0.3315766484375 0.8360011625 0.35008179375 0.8724916374999999 0.241223409375
13 0.8139960890625 0.367393934375 0.7254650328125 0.3444829078125 0.697371821875 0.4520571609375 0.7864360234375 0.472353709375 0.8139960890625 0.367393934375
13 0.727805996875 0.34948285 0.646954328125 0.32777246875 0.6195335125 0.43264989062500003 0.69520096875 0.4505610625 0.727805996875 0.34948285
13 0.64900539375 0.327449971875 0.5755518453125 0.308060178125 0.550827078125 0.4174291046875 0.6195335125 0.43264989062500003 0.64900539375 0.327449971875
14 0.5763889890625 0.3188873875 0.5058015953125 0.30212736093750003 0.4842145734375 0.398911090625 0.5512753421875 0.4156312171875 0.5763889890625 0.3188873875
14 0.5047952328124999 0.2998442203125 0.43275335468750004 0.2839143890625 0.419548884375 0.3827881234375 0.48825541093749997 0.3980089328125 0.5047952328124999 0.2998442203125
14 0.43779094687500003 0.2879095359375 0.364046925 0.26869358593750003 0.3503172625 0.36457189687499997 0.4197730203125 0.3818891625 0.43779094687500003 0.2879095359375
2 0.260720503125 0.2631644421875 0.20147821718749997 0.24940545468750003 0.1904339234375 0.3243106890625 0.2466166796875 0.3370455234375 0.260720503125 0.2631644421875
3 0.31450405937500003 0.2813455484375 0.2585618125 0.2687303875 0.24616841875 0.3388433984375 0.30220175 0.3521775390625 0.31450405937500003 0.2813455484375
3 0.3649763953125 0.2915440359375 0.3121488125 0.278271834375 0.2996574046875 0.3521797015625 0.3547429265625 0.3659140640625 0.3649763953125 0.2915440359375
0 0.38541740468749996 0.46395190468749997 0.39635977499999997 0.39956733906249997 0.33853705624999997 0.3866988734375 0.326639015625 0.44802370625 0.38541740468749996 0.46395190468749997
1 0.47143767968750006 0.4828529671875 0.48315037656250004 0.429954159375 0.3983657125 0.40861785156249997 0.38876014531249997 0.46414878281250005 0.47143767968750006 0.4828529671875
28 0.5302160671875 0.49878116562499997 0.5462834390625 0.43615228124999994 0.484633596875 0.42312483125 0.47338440625 0.48524798125 0.5302160671875 0.49878116562499997
29 0.616885246875 0.51848058125 0.6305175421875 0.46828737187499997 0.5449618 0.4464414625 0.5337082875 0.49837877343750003 0.616885246875 0.51848058125
4 0.67436581875 0.5328120968750001 0.6924007828125001 0.470992971875 0.6344699125 0.45475427812499997 0.616885246875 0.51848058125 0.67436581875 0.5328120968750001
5 0.75412979375 0.5529984984375 0.771830321875 0.501134925 0.688541878125 0.4793562640625 0.6725495546875 0.5332947984375 0.75412979375 0.5529984984375
15 0.38066080156250004 0.5476488140625 0.39728455937499996 0.480911021875 0.329737578125 0.4662050390625 0.31454796093750004 0.5305284953125 0.38066080156250004 0.5476488140625
23 0.447422728125 0.5655675328124999 0.46379374687499997 0.4990840796875 0.3983437203125 0.4801277296875 0.3819587390625 0.5492455281249999 0.447422728125 0.5655675328124999
25 0.383551615625 0.6635700328125 0.3087591890625 0.6455734890625 0.305783615625 0.6881168609375 0.380477659375 0.7048305874999999 0.383551615625 0.6635700328125
25 0.3738448734375 0.7025016500000001 0.29919626718750003 0.6839282734375 0.298863290625 0.7226747015625 0.37086346875 0.739989775 0.3738448734375 0.7025016500000001
25 0.3680662109375 0.7384365171875 0.2956699734375 0.72187851875 0.296733078125 0.758426803125 0.3687332421875 0.775741921875 0.3680662109375 0.7384365171875
25 0.4564477703125 0.719915959375 0.3840680828125 0.7006333515625001 0.3753547171875 0.742382696875 0.448652765625 0.7612944890625 0.4564477703125 0.719915959375
25 0.4471792703125 0.7613425234375 0.3753547171875 0.742382696875 0.3717772640625 0.7771374203125 0.43963624062499995 0.7940565640624999 0.4471792703125 0.7613425234375
31 0.5442693234375 0.7036414578125 0.47132205000000005 0.6873780640625 0.462109196875 0.7277297703125 0.5386987546875 0.74364295 0.5442693234375 0.7036414578125
31 0.530886075 0.7488134578125 0.4562732203125 0.730730515625 0.450053040625 0.7692821765625 0.5225527453125001 0.7879949703125 0.530886075 0.7488134578125
31 0.5195561765625001 0.785749925 0.44810630625 0.766887184375 0.44098534999999994 0.7988487515625 0.5109405890625001 0.8175636781250001 0.5195561765625001 0.785749925
17 0.6195111578125 0.7208109 0.544718228125 0.7024950453125001 0.536401903125 0.7392509781250001 0.6065065656249999 0.7573665953125001 0.6195111578125 0.7208109
17 0.6064363390625 0.760493215625 0.5334604546875 0.7442465359375 0.5247940546875001 0.7790055687499999 0.597391903125 0.79392350625 0.6064363390625 0.760493215625
17 0.59373485625 0.7986781625 0.5218013328125 0.780805553125 0.5116876921875 0.8145672109375001 0.5816428796875 0.8332820734374999 0.59373485625 0.7986781625
7 0.6970010578125 0.74172175625 0.618216859375 0.7240030546875 0.607206690625 0.761360484375 0.6839969031249999 0.7798698484375 0.6970010578125 0.74172175625
7 0.6841129078125 0.7806553859375 0.6064083609375001 0.7611614390625 0.595696990625 0.7973201953125 0.6710399640625 0.8148321812500001 0.6841129078125 0.7806553859375
7 0.672344765625 0.8150969078125 0.595846409375 0.7967209109375 0.58099396875 0.8324837453124999 0.6552397640625001 0.8509952999999999 0.672344765625 0.8150969078125
27 0.2940092921875 0.7207672796875 0.2200282375 0.70556506875 0.21620309999999998 0.74471390625 0.28595763281250003 0.7608325890625001 0.2940092921875 0.7207672796875
27 0.2182074546875 0.7058438921875 0.147229671875 0.6880509359375 0.145598890625 0.7252006359375 0.216950203125 0.7417174390625 0.2182074546875 0.7058438921875
6 0.6814645109375 0.695055878125 0.7016929843749999 0.6511224375 0.6483125671875001 0.6375637734375 0.6306694937499999 0.6811181656249999 0.6814645109375 0.695055878125
16 0.6313354796875 0.6829816656250001 0.6469977234375001 0.6380155296875001 0.59798430625 0.6262886375 0.58483245625 0.67223589375 0.6313354796875 0.6829816656250001
12 0.5819066265624999 0.6749013234375 0.5960844625 0.6210802171875 0.5458572859374999 0.6086238828125 0.5319085218749999 0.6577673828124999 0.5819066265624999 0.6749013234375
30 0.532972959375 0.6580327765625 0.54617213125 0.6086356765625001 0.4985886609375 0.5964141328125 0.48560468281249997 0.6462225390625 0.532972959375 0.6580327765625
26 0.487022671875 0.642824865625 0.49692409531250004 0.5991589890625 0.46698777968750005 0.59199815 0.45597334843750004 0.6361746203124999 0.487022671875 0.642824865625
24 0.45571719687499995 0.6372019843750001 0.468496709375 0.5855958296875 0.42107429218750003 0.5764585375 0.41070388593749996 0.6267973203125 0.45571719687499995 0.6372019843750001
24 0.4091651359375 0.6285961171875 0.4213043265625 0.5762151281250001 0.376401296875 0.5617738171875 0.362761328125 0.6164807421875 0.4091651359375 0.6285961171875
24 0.3628674234375 0.6145975499999999 0.3754197703125 0.5634115765625001 0.32458896249999997 0.5524020421875 0.3130421546875 0.6016291 0.3628674234375 0.6145975499999999
36 0.5021105546875 0.51456765 0.4635140015625 0.5039000421875001 0.44835906562499994 0.566140615625 0.48509681875000005 0.5747547625 0.5021105546875 0.51456765
34 0.5418178124999999 0.5248085921875 0.5054479656249999 0.5135369265625 0.48824018125 0.575265678125 0.5248498625 0.584393496875 0.5418178124999999 0.5248085921875
33 0.5678010140625 0.52889273125 0.541674534375 0.5226029609375 0.5254426343749999 0.5851547328125 0.55253555 0.590000121875 0.5678010140625 0.52889273125
35 0.5983327578125001 0.5356105203125 0.5708262671875 0.529393890625 0.5536210031250001 0.5907481609375 0.58002229375 0.597092040625 0.5983327578125001 0.5356105203125
37 0.624956734375 0.5404593640625001 0.59800493125 0.5338953656250001 0.5804074375 0.5968227828125 0.608960421875 0.603464428125 0.624956734375 0.5404593640625001
39 0.6546484703125001 0.5505462343749999 0.6262409296875 0.5430837453125 0.6078381421875 0.60413945625 0.6354929890625 0.610557153125 0.6546484703125001 0.5505462343749999
38 0.6838928453124999 0.5560484156250001 0.6544561 0.5472541078125001 0.6356803156249999 0.6110812890624999 0.66213765625 0.6172004156249999 0.6838928453124999 0.5560484156250001
41 0.71037289375 0.5629942859375 0.68259083125 0.5565145703125001 0.66237448125 0.6162201015625 0.6892046234375 0.62327334375 0.71037289375 0.5629942859375