20 0.796875 0.2890625 0.1 0.13125
19 0.68125 0.29609375 0.090625 0.121875
19 0.59140625 0.29609375 0.084375 0.121875
14 0.50234375 0.3 0.0875 0.1265625
14 0.415625 0.3 0.0828125 0.1234375
13 0.33671875 0.30703125 0.08125 0.11875
13 0.25078125 0.30859375 0.09375 0.1171875
23 0.27890625 0.44921875 0.075 0.078125
15 0.35078125 0.4484375 0.0640625 0.0765625
8 0.41796875 0.434375 0.078125 0.109375
9 0.496875 0.43203125 0.075 0.1140625
11 0.6515625 0.43671875 0.0921875 0.109375
3 0.73203125 0.4484375 0.0625 0.078125
2 0.80234375 0.44921875 0.065625 0.084375
5 0.3015625 0.54765625 0.0859375 0.05625
4 0.3734375 0.5421875 0.0546875 0.06875
29 0.44609375 0.55 0.09375 0.059375
28 0.52734375 0.54609375 0.059375 0.065625
1 0.61328125 0.55234375 0.09375 0.059375
12 0.28828125 0.62421875 0.0546875 0.0640625
6 0.30390625 0.70625 0.053125 0.059375
16 0.36640625 0.7140625 0.053125 0.05625
30 0.4203125 0.7109375 0.053125 0.0671875
24 0.50859375 0.72734375 0.059375 0.059375
24 0.56640625 0.725 0.05625 0.065625
24 0.62265625 0.721875 0.05625 0.0640625
26 0.465625 0.71953125 0.03125 0.053125
7 0.31875 0.9015625 0.0859375 0.05
7 0.31640625 0.85859375 0.084375 0.04375
7 0.31015625 0.815625 0.0875 0.05
31 0.4875 0.915625 0.084375 0.046875
31 0.48125 0.875 0.084375 0.0515625
31 0.48125 0.82109375 0.084375 0.053125
25 0.5734375 0.91796875 0.084375 0.05
25 0.66484375 0.92890625 0.0890625 0.0546875
27 0.76171875 0.9328125 0.09375 0.0515625
17 0.40703125 0.9078125 0.0796875 0.0453125
17 0.39765625 0.865625 0.084375 0.046875
17 0.39375 0.81875 0.0859375 0.0484375
36 0.634375 0.62734375 0.04375 0.071875
34 0.58828125 0.628125 0.04375 0.065625
33 0.55078125 0.62734375 0.028125 0.0640625
35 0.51953125 0.62734375 0.028125 0.065625
37 0.48828125 0.62421875 0.028125 0.0671875
39 0.45703125 0.62578125 0.028125 0.0640625
38 0.42734375 0.62421875 0.0296875 0.065625
40 0.33671875 0.62109375 0.028125 0.0671875
42 0.3818785796875 0.65633903125 0.3785555296875 0.5915242171874999 0.3510728265625 0.5900997140625 0.35387002343749996 0.65527065625 0.3818785796875 0.65633903125
41 0.411311296875 0.6581196578124999 0.40846297031249995 0.5922364671875 0.38146219062500003 0.59366096875 0.3842521859375 0.6570512828124999 0.411311296875 0.6581196578124999