11 0.80625 0.21015625 0.1015625 0.1203125
10 0.71796875 0.20703125 0.09375 0.125
9 0.6328125 0.21171875 0.08125 0.115625
8 0.54765625 0.203125 0.0921875 0.128125
22 0.46484375 0.21015625 0.071875 0.115625
22 0.390625 0.20625 0.078125 0.1109375
19 0.29921875 0.196875 0.0875 0.1265625
19 0.21796875 0.19765625 0.0796875 0.11875
3 0.68125 0.35703125 0.0578125 0.0828125
3 0.74140625 0.3578125 0.0578125 0.08125
2 0.7984375 0.36796875 0.05625 0.0625
14 0.615625 0.34609375 0.0765625 0.103125
14 0.5390625 0.34453125 0.078125 0.1046875
14 0.45859375 0.3390625 0.08125 0.109375
13 0.37890625 0.33515625 0.08125 0.1171875
13 0.3015625 0.33515625 0.075 0.1109375
13 0.221875 0.3296875 0.0828125 0.1125
0 0.63203125 0.4578125 0.0609375 0.0671875
1 0.553125 0.45859375 0.09375 0.0625
28 0.47578125 0.45 0.0578125 0.0734375
29 0.40078125 0.45546875 0.09375 0.0609375
4 0.31953125 0.4453125 0.0609375 0.0734375
5 0.23984375 0.44921875 0.09375 0.0640625
15 0.6203125 0.5515625 0.078125 0.084375
23 0.546875 0.54453125 0.06875 0.0828125
24 0.62265625 0.64140625 0.0625 0.06875
24 0.5609375 0.6390625 0.05625 0.06875
24 0.5015625 0.6390625 0.059375 0.0671875
26 0.4515625 0.64296875 0.0375 0.0546875
30 0.4015625 0.63515625 0.059375 0.065625
12 0.34375 0.63515625 0.053125 0.0640625
16 0.28359375 0.634375 0.0609375 0.0703125
6 0.22109375 0.63203125 0.053125 0.06875
27 0.78359375 0.8671875 0.09375 0.059375
27 0.78046875 0.81328125 0.09375 0.05625
25 0.684375 0.8640625 0.0953125 0.0546875
25 0.68671875 0.809375 0.096875 0.05625
25 0.5921875 0.853125 0.090625 0.0515625
25 0.503125 0.85 0.090625 0.0546875
31 0.41484375 0.84765625 0.0875 0.0546875
31 0.41015625 0.796875 0.090625 0.05625
31 0.415625 0.73359375 0.0875 0.0546875
17 0.3234375 0.84609375 0.0890625 0.0578125
17 0.3203125 0.790625 0.090625 0.0609375
7 0.23359375 0.846875 0.090625 0.05625
7 0.22890625 0.7953125 0.096875 0.059375
41 0.24453125 0.54140625 0.034375 0.0734375
38 0.2765625 0.540625 0.03125 0.075
39 0.30859375 0.5421875 0.0328125 0.075
37 0.340625 0.54375 0.0328125 0.075
35 0.37265625 0.54375 0.0328125 0.0734375
36 0.48984375 0.55 0.0453125 0.0734375
34 0.44375 0.5484375 0.0453125 0.0734375
33 0.40546875 0.546875 0.034375 0.0734375