14 0.529651340625 0.309135115625 0.5397789609375 0.1645246125 0.44282681718749994 0.15224180781250002 0.43121801406250004 0.2912004203125 0.529651340625 0.309135115625
13 0.431596209375 0.2936036921875 0.4407592203125 0.1564078875 0.3581363046875 0.148720834375 0.35395777968750003 0.2781717375 0.431596209375 0.2936036921875
9 0.35567338125000003 0.2793987625 0.357409490625 0.13177243125 0.2701308765625 0.12418126249999999 0.26429409062500003 0.26565612656250004 0.35567338125000003 0.2793987625
18 0.6296138390625 0.3251775859375 0.642788940625 0.1844529171875 0.54348766875 0.16771073281249999 0.5334661359374999 0.3101572859375 0.6296138390625 0.3251775859375
7 0.564298903125 0.595640184375 0.5788995531250001 0.5258903359375 0.48153249843749996 0.5038706671875001 0.4672137546875 0.568858996875 0.564298903125 0.595640184375
29 0.454240203125 0.567684678125 0.4663526203125 0.5034066125 0.3773056140625 0.4778603375 0.36383096875 0.5426922937499999 0.454240203125 0.567684678125
5 0.3613481234375 0.544328953125 0.370983084375 0.47785242187500004 0.28094694531250003 0.455875465625 0.2720844015625 0.518876178125 0.3613481234375 0.544328953125
31 0.550011653125 0.721441540625 0.5619376484374999 0.6540441984375 0.46540157187500003 0.6260821562500001 0.454647578125 0.692052246875 0.550011653125 0.721441540625
15 0.319809209375 0.6459472875000001 0.332902540625 0.5627492203125 0.2588936609375 0.54294944375 0.248473890625 0.6260657140625 0.319809209375 0.6459472875000001
23 0.3953320703125 0.6730893796874999 0.41300750624999993 0.588049846875 0.3385515828125 0.565252309375 0.319617384375 0.6466631890625 0.3953320703125 0.6730893796874999
24 0.4552339234375 0.6822342296875 0.470229228125 0.6033823625 0.41439235312499995 0.587490959375 0.4046881125 0.6686905203125 0.4552339234375 0.6822342296875
27 0.5025787765625 0.8793895359375 0.5112492234375 0.8203276390625 0.4215461234375 0.7897529203125 0.414087840625 0.847237965625 0.5025787765625 0.8793895359375
25 0.40205711875 0.8539894125 0.41130296250000004 0.792779815625 0.32232889062500003 0.7641263328125001 0.3101241078125 0.8270541031249999 0.40205711875 0.8539894125
25 0.3118451640625 0.8244460515625001 0.31956731718750003 0.7612934921875001 0.238865290625 0.7321764374999999 0.230227359375 0.7895322328125001 0.3118451640625 0.8244460515625001
39 0.5827457953125 0.47078709375 0.5976920156250001 0.37910341718749996 0.561357334375 0.3716373125 0.5461681328125 0.46143749375 0.5827457953125 0.47078709375
38 0.5447076328125 0.46240024999999996 0.5587542640625001 0.37182958906249997 0.52389405 0.36554618906249997 0.509587259375 0.4543438359375 0.5447076328125 0.46240024999999996
40 0.5072304671875 0.4541636890625 0.5219509171875 0.36332225937499996 0.490082465625 0.3570502765625 0.4745797609375 0.44586634687500004 0.5072304671875 0.4541636890625
41 0.47211008593750003 0.44610730781249996 0.4857053921875 0.3572211828125 0.45402212343750004 0.35133506875 0.43945943125 0.43780994531250006 0.47211008593750003 0.44610730781249996
42 0.4365416046875 0.43747947031249995 0.450694684375 0.3509996234375 0.4206300703125 0.34407932343750003 0.406134896875 0.42978340625 0.4365416046875 0.43747947031249995
35 0.40514209687499997 0.4299738046875 0.41782525625 0.34449177343750004 0.3859366609375 0.3381101203125 0.3722377703125 0.42243597812499994 0.40514209687499997 0.4299738046875
33 0.371363109375 0.42252132343750004 0.379275528125 0.3373595453125 0.3485687609375 0.33049389375 0.3407631203125 0.41592065 0.371363109375 0.42252132343750004
37 0.3375841234375 0.41506884062499994 0.3492304859375 0.3318667203125 0.321635246875 0.325673553125 0.3090509265625 0.4087022546875 0.3375841234375 0.41506884062499994
32 0.3073015671875 0.40887295625000003 0.31290968750000003 0.3227740109375 0.282676865625 0.318030571875 0.27725880625 0.4017821515625 0.3073015671875 0.40887295625000003