9 0.6765625 0.18984375 0.0828125 0.1046875
10 0.759375 0.1921875 0.0890625 0.1125
11 0.87089484375 0.2528219578125 0.886001509375 0.1443087125 0.8074032093750001 0.13942594375 0.788393375 0.24851557500000002 0.87089484375 0.2528219578125
8 0.63000763125 0.24084656718750003 0.6441329296875 0.13158636562499998 0.5751054890625 0.12632513437499998 0.5580182406249999 0.23476921874999998 0.63000763125 0.24084656718750003
22 0.55991596875 0.2348354890625 0.5702034078125 0.12615395000000001 0.49744777031250004 0.11933715781250001 0.4869031421875 0.2308604546875 0.55991596875 0.2348354890625
22 0.48500541249999995 0.23079418437500002 0.4943011390625 0.1227907 0.4263575265625 0.114716578125 0.41578804218750004 0.22695169062499998 0.48500541249999995 0.23079418437500002
19 0.41668719374999996 0.22840845937499998 0.42302002656250004 0.12315224843749999 0.3569413 0.11656861874999999 0.3483938296875 0.22531091875000003 0.41668719374999996 0.22840845937499998
19 0.34936755 0.2246322359375 0.35013902343750003 0.114905709375 0.27641213124999997 0.1101930546875 0.2754307171875 0.2199122515625 0.34936755 0.2246322359375
13 0.33125 0.2890625 0.0734375 0.1015625
13 0.4015625 0.29453125 0.0703125 0.0984375
13 0.46953125 0.29921875 0.0734375 0.0984375
14 0.53828125 0.309375 0.06875 0.0859375
14 0.60546875 0.31328125 0.0734375 0.0890625
14 0.67734375 0.3171875 0.0765625 0.090625
3 0.7671749125 0.3659964515625 0.778362121875 0.2933578796875 0.7255173453125 0.2898775171875 0.7127737703125 0.3635517265625 0.7671749125 0.3659964515625
3 0.8142820171875 0.3692764515625 0.8276007062499999 0.29834729531250004 0.7768069875 0.298208521875 0.7671368953125 0.3670851125 0.8142820171875 0.3692764515625
2 0.8620767078125 0.37367045 0.8782148031249999 0.305564721875 0.8290123156250001 0.30112156093750003 0.8113606015625001 0.36971942812499997 0.8620767078125 0.37367045
5 0.325 0.3953125 0.084375 0.05625
4 0.39453125 0.39453125 0.05625 0.06875
29 0.46015625 0.40078125 0.08125 0.0609375
28 0.52890625 0.40390625 0.05625 0.0640625
1 0.59453125 0.415625 0.0796875 0.05
0 0.6640625 0.4140625 0.0578125 0.059375
15 0.65859375 0.49609375 0.0671875 0.071875
23 0.59453125 0.49140625 0.065625 0.06875
24 0.65078125 0.58125 0.053125 0.0625
24 0.60078125 0.5734375 0.0515625 0.0609375
24 0.55078125 0.5703125 0.05 0.059375
30 0.4703125 0.56484375 0.053125 0.0625
26 0.51015625 0.57265625 0.0328125 0.046875
12 0.41875 0.56015625 0.046875 0.0578125
16 0.36640625 0.55859375 0.053125 0.05625
6 0.31328125 0.55546875 0.05 0.05625
25 0.67421875 0.76484375 0.0796875 0.046875
25 0.5984375 0.75703125 0.0796875 0.0484375
25 0.521875 0.75 0.0765625 0.0484375
17 0.3703125 0.73828125 0.0765625 0.046875
17 0.37109375 0.69140625 0.078125 0.05
17 0.37421875 0.64453125 0.0765625 0.0484375
31 0.453125 0.65625 0.08125 0.0484375
31 0.4484375 0.6984375 0.075 0.040625
25 0.52421875 0.7046875 0.078125 0.0484375
25 0.61015625 0.66640625 0.08125 0.0515625
25 0.60234375 0.7125 0.0796875 0.0453125
25 0.6796875 0.71953125 0.084375 0.05
27 0.765625 0.72890625 0.090625 0.05
27 0.75390625 0.77265625 0.084375 0.0453125
7 0.2984375 0.640625 0.0765625 0.053125
7 0.2921875 0.68828125 0.078125 0.0453125
7 0.2953125 0.73125 0.0765625 0.0453125
36 0.55652335 0.5211654234374999 0.5629981203125001 0.46017698906250004 0.52564068125 0.458210659375 0.520873903125 0.5189278500000001 0.55652335 0.5211654234374999
34 0.5173495499999999 0.5188047765625 0.5238150265625 0.4578160171875 0.486037878125 0.4555041421875 0.48123647500000005 0.517212790625 0.5173495499999999 0.5188047765625
33 0.47834341562500005 0.5168470515625 0.4845411390625 0.4549886296875 0.45831582656250003 0.45376399218749996 0.452039021875 0.515619653125 0.47834341562500005 0.5168470515625
35 0.450383553125 0.515870671875 0.45700745937500004 0.45340947187499997 0.42998787343749995 0.45153943593749996 0.424089928125 0.5143348171875 0.450383553125 0.515870671875
37 0.4228779484375 0.513674834375 0.4290625125 0.451815953125 0.403705021875 0.449695128125 0.3969847265625 0.51246179375 0.4228779484375 0.513674834375
38 0.369078721875 0.5099431437499999 0.3719926546875 0.44704355937500007 0.346205225 0.4458342109375 0.34238469375 0.5080844765625 0.369078721875 0.5099431437499999
42 0.313667109375 0.50522865625 0.3190462875 0.44210632812500006 0.2928710296875 0.44057460937500004 0.2877846609375 0.5037071609375 0.313667109375 0.50522865625
18 0.38671875 0.475 0.0296875 0.05625