9 0.84453125 0.31484375 0.13125 0.1671875
19 0.55234375 0.30703125 0.115625 0.1640625
18 0.6953125 0.31015625 0.178125 0.1640625
5 0.78046875 0.61171875 0.1125 0.0671875
29 0.66171875 0.6015625 0.109375 0.0671875
7 0.553125 0.6 0.1109375 0.0671875
23 0.70546875 0.69296875 0.0796875 0.0765625
24 0.63046875 0.69140625 0.071875 0.075
31 0.54609375 0.690625 0.103125 0.0609375
27 0.53671875 0.79921875 0.1 0.05
27 0.53671875 0.84375 0.0953125 0.05
25 0.64296875 0.8078125 0.1 0.053125
25 0.63828125 0.85078125 0.0984375 0.0453125
25 0.7453125 0.81015625 0.1015625 0.0546875
25 0.73515625 0.85546875 0.1015625 0.05
32 0.5125 0.475 0.040625 0.0859375
38 0.55625 0.478125 0.04375 0.0890625
40 0.59609375 0.47890625 0.0421875 0.0875
41 0.6481235953125 0.52445236875 0.65910855 0.43848971406250004 0.621421 0.43651459375 0.61114608125 0.522514459375 0.6481235953125 0.52445236875
42 0.6883556921875 0.527178975 0.7019128609374999 0.43949672968750003 0.6634580734375 0.4362451390625 0.6522322078125 0.5246676921875 0.6883556921875 0.527178975
33 0.767305665625 0.5300803046875 0.7840399796875 0.44503709375 0.7471122390625 0.443719921875 0.73111756875 0.5288018984375 0.767305665625 0.5300803046875
37 0.8092458203125 0.5316601640624999 0.8275369859374999 0.44855293593749995 0.7881983640625 0.4458731546875 0.771414278125 0.530295628125 0.8092458203125 0.5316601640624999
32 0.850364253125 0.5331969578125 0.8826377515624999 0.4508225140625 0.8400314953124999 0.447353353125 0.8133867406249999 0.5312590484374999 0.850364253125 0.5331969578125
18 0.730152553125 0.5157705703125 0.7445556421874999 0.44358593749999997 0.705301309375 0.4396743109375 0.694915403125 0.5120694765625 0.730152553125 0.5157705703125
18 0.78046875 0.69609375 0.0703125 0.0765625