15 0.36796875 0.165625 0.128125 0.215625
15 0.27265625 0.1796875 0.11875 0.196875
23 0.18125 0.19375 0.11875 0.1875
23 0.0828125 0.228125 0.128125 0.1671875
7 0.40234375 0.4671875 0.15 0.1625
6 0.278125 0.4625 0.1109375 0.1875
6 0.2125 0.4703125 0.0765625 0.184375
24 0.09765625 0.4890625 0.1265625 0.1953125
27 0.44921875 0.84453125 0.15 0.1515625
27 0.434375 0.70390625 0.1421875 0.15625
25 0.2531582984375 0.8126934515625001 0.371847353125 0.799853734375 0.3489856484375 0.6607805203125 0.2247969328125 0.6769743015625 0.2531582984375 0.8126934515625001
18 0.2296852640625 0.6763741125 0.10351588593750001 0.693756434375 0.12777815625 0.827851603125 0.24995977187500001 0.8145841453125 0.2296852640625 0.6763741125
31 0.1479892625 0.9520454062500001 0.2605350359375 0.939171846875 0.24219024218750002 0.8128581984375 0.12568315624999998 0.8281087953125 0.1479892625 0.9520454062500001