19 0.42095550781249996 0.1932028578125 0.42182013124999995 0.3520305140625 0.5197669640625 0.355049503125 0.5279044203125001 0.19992215156249998 0.42095550781249996 0.1932028578125
14 0.527419309375 0.20035115937499998 0.5195383921875 0.352922515625 0.620795590625 0.354495453125 0.6298520578125 0.19281097187500001 0.527419309375 0.20035115937499998
13 0.6233826421875001 0.206585415625 0.6135602390625 0.35775260468750003 0.7294067890625 0.3590683953125 0.7372643359375 0.195969275 0.6233826421875001 0.206585415625
9 0.736481709375 0.206049321875 0.7208971484375 0.35659804687499996 0.8278832906250001 0.359505734375 0.8408937578125 0.2020697203125 0.736481709375 0.206049321875
32 0.773846646875 0.39284134375 0.764411634375 0.49646583906249997 0.8089247171875 0.4994068203125 0.8218251046875 0.393128434375 0.773846646875 0.39284134375
37 0.7272981328125 0.388593315625 0.717162865625 0.4950414515625 0.7650454734375 0.4972218921875 0.77528646875 0.389442521875 0.7272981328125 0.388593315625
33 0.6838452562499999 0.3899140609375 0.673621615625 0.49130320625 0.720530778125 0.4908325640625 0.72880670625 0.38912925625 0.6838452562499999 0.3899140609375
35 0.6338762578125 0.49031011874999997 0.6766386921875001 0.49237511562499997 0.6852850796875 0.3865152390625 0.6418125109374999 0.386711784375 0.6338762578125 0.49031011874999997
45 0.5976755812500001 0.38767022500000003 0.592904971875 0.4866315 0.6339259453125 0.48691371562499997 0.6399176359375 0.3879773734375 0.5976755812500001 0.38767022500000003
44 0.5567708 0.38420627500000004 0.5515240703125001 0.482479540625 0.5945606406249999 0.484729609375 0.5994890203125001 0.385201434375 0.5567708 0.38420627500000004
43 0.5173430703124999 0.3855908125 0.5147831234375 0.47824659062499997 0.5530713671874999 0.4804944046875 0.55726516875 0.3859384546875 0.5173430703124999 0.3855908125
40 0.47829429687499997 0.3820944671875 0.47670488437499997 0.4771704328125 0.5137197265625 0.47909312187499997 0.5149744890625 0.38284685937499996 0.47829429687499997 0.3820944671875
41 0.432822465625 0.38288818125 0.43545761718750003 0.4806757078125 0.475373640625 0.4806752921875 0.475034165625 0.38145505 0.432822465625 0.38288818125
18 0.5692581375 0.553944371875 0.499988684375 0.5474939078125 0.44860544375 0.595740846875 0.5624855531249999 0.6052424078125 0.5692581375 0.553944371875
29 0.5697204015625 0.5420987921875 0.565300659375 0.6079785546875 0.67758328125 0.6153571234374999 0.682636078125 0.549528215625 0.5697204015625 0.5420987921875
5 0.681683753125 0.5481521953125 0.678301390625 0.6202807671875 0.7975600015625 0.6299682718749999 0.8053078515625 0.5574836750000001 0.681683753125 0.5481521953125
31 0.5424960796875 0.7297586515625001 0.54560280625 0.6684279156249999 0.44425067343749997 0.6587076781250001 0.44242010625 0.720999121875 0.5424960796875 0.7297586515625001
24 0.5482652906250001 0.66141820625 0.5439549046875001 0.7335629765625 0.6098098843749999 0.7402641156249999 0.616588490625 0.6668406921875001 0.5482652906250001 0.66141820625
23 0.6149109562499999 0.6505063625 0.61278464375 0.741413765625 0.700135790625 0.7509554640625 0.7004021140625001 0.655629190625 0.6149109562499999 0.6505063625
15 0.7844713390625 0.7606700125 0.7988218390624999 0.6521411374999999 0.707714096875 0.6443310578125 0.6965326000000001 0.7482785062499999 0.7844713390625 0.7606700125
25 0.6460941984375 0.810215765625 0.6410950328125 0.8694905625 0.7536305999999999 0.8847085984374999 0.7619578984375 0.8269941046874999 0.6460941984375 0.810215765625
25 0.6419926390625 0.8677340859375 0.6359864921875 0.9225003609375 0.7451658703125 0.9381046578125 0.7532224390625 0.884941475 0.6419926390625 0.8677340859375
25 0.53853679375 0.8493465171875 0.535754325 0.9026638703125001 0.6362862218750001 0.9212116390625 0.641396375 0.8656555234375001 0.53853679375 0.8493465171875
27 0.43444775468749997 0.834366896875 0.43397313437499996 0.886947634375 0.5357157109374999 0.9018243937499999 0.53540274375 0.8479238453125 0.43444775468749997 0.834366896875