11 0.8109375 0.11796875 0.125 0.1484375
10 0.71875 0.13671875 0.10625 0.1359375
9 0.6390625 0.15625 0.09375 0.1328125
8 0.5609375 0.1703125 0.109375 0.1328125
20 0.47734375 0.184375 0.0953125 0.1265625
20 0.39296875 0.19375 0.109375 0.1421875
19 0.3078125 0.2140625 0.0984375 0.125
19 0.22421875 0.22734375 0.1 0.125
2 0.83203125 0.27421875 0.0765625 0.090625
3 0.77109375 0.28359375 0.0703125 0.0890625
3 0.71015625 0.29375 0.075 0.090625
14 0.63671875 0.2921875 0.0984375 0.121875
14 0.55234375 0.3046875 0.1078125 0.13125
14 0.4671875 0.321875 0.0953125 0.1171875
13 0.38515625 0.3359375 0.1 0.1203125
13 0.30390625 0.346875 0.096875 0.11875
13 0.22578125 0.3609375 0.09375 0.1171875
0 0.67578125 0.403125 0.075 0.0859375
1 0.596875 0.42109375 0.1046875 0.078125
28 0.50234375 0.43125 0.078125 0.084375
29 0.42265625 0.44765625 0.10625 0.0765625
4 0.3421875 0.4546875 0.06875 0.08125
5 0.26328125 0.475 0.10625 0.0765625
45 0.26640625 0.56875 0.0453125 0.08125
18 0.30078125 0.5640625 0.04375 0.0796875
40 0.3328125 0.55859375 0.04375 0.0796875
18 0.365625 0.5546875 0.040625 0.078125
37 0.396875 0.54921875 0.04375 0.0796875
35 0.43125 0.54453125 0.0453125 0.0828125
33 0.4640625 0.5390625 0.046875 0.08125
18 0.50390625 0.53359375 0.05625 0.08125
36 0.5484375 0.52578125 0.0578125 0.0828125
18 0.64453125 0.5109375 0.1484375 0.096875
24 0.71171875 0.59921875 0.0734375 0.0859375
24 0.65078125 0.60703125 0.071875 0.0875
24 0.590625 0.61640625 0.071875 0.08125
26 0.53828125 0.63125 0.0546875 0.0671875
30 0.478125 0.63515625 0.075 0.0765625
12 0.41640625 0.64609375 0.0734375 0.0796875
16 0.35390625 0.6515625 0.071875 0.0828125
6 0.2953125 0.659375 0.071875 0.084375
5 0.250506790625 0.7513408515625 0.2640475953125 0.808843659375 0.35805759375 0.79378453125 0.34542083125 0.7371908640625 0.250506790625 0.7513408515625
5 0.2558134484375 0.8085283859375 0.26689946875000004 0.8643179515625 0.3638985125 0.8515994062500001 0.354480596875 0.79542320625 0.2558134484375 0.8085283859375
5 0.27280024531249997 0.8607692984374999 0.28168315625 0.9153404843749999 0.3770334078125 0.9017161124999999 0.3669872953125 0.8482937546875 0.27280024531249997 0.8607692984374999
17 0.3460193234375 0.7352181140625 0.3562975921875 0.7935148875 0.447397759375 0.7811356515625001 0.43782240625 0.7238392078125 0.3460193234375 0.7352181140625
17 0.35303317968750003 0.7904541078125 0.36348119843750004 0.8491161843749999 0.45890523437499997 0.8363729578125 0.44729166718749996 0.7793686453124999 0.35303317968750003 0.7904541078125
17 0.3675637703125 0.8483677281249999 0.3765683609375 0.9037974906249999 0.4706280203125 0.89224926875 0.4590889515625 0.83577491875 0.3675637703125 0.8483677281249999
31 0.4732769421875 0.8904085687500001 0.56635958125 0.878863325 0.555173740625 0.82233933125 0.46279313125000004 0.8339715109375 0.4732769421875 0.8904085687500001
31 0.4578753125 0.834634459375 0.5529798484375 0.8221072375 0.5422781375 0.7690279921875 0.4461609125 0.782266175 0.4578753125 0.834634459375
31 0.43824098125 0.723349928125 0.447642571875 0.782556603125 0.54242134375 0.7700469578125 0.5314206046875001 0.70971395625 0.43824098125 0.723349928125
25 0.537884309375 0.7090757562500001 0.54816093125 0.7678560484375 0.644945871875 0.753206146875 0.6331088703125001 0.6946119609375 0.537884309375 0.7090757562500001
25 0.5468099546875 0.7674588953125 0.5569360859375 0.8241318140624999 0.6530160796875 0.8106286515625 0.643837928125 0.7530118609375 0.5468099546875 0.7674588953125
25 0.55895966875 0.8231520968750001 0.5681034515625 0.877081571875 0.6638826453125 0.864880909375 0.6542214640624999 0.8089532828125 0.55895966875 0.8231520968750001
25 0.68828125 0.71640625 0.1046875 0.075
25 0.70078125 0.77578125 0.1046875 0.071875
25 0.71328125 0.8328125 0.109375 0.0734375
25 0.81328125 0.81640625 0.1078125 0.071875
25 0.803125 0.75859375 0.10625 0.0734375
27 0.903125 0.74921875 0.109375 0.071875
27 0.9140625 0.80625 0.109375 0.0671875