13 0.14921875 0.2765625 0.1640625 0.1984375
13 0.2796875 0.3 0.1640625 0.2
14 0.18203125 0.0796875 0.1578125 0.159375
19 0.3109375 0.09453125 0.175 0.1890625
13 0.44921875 0.09765625 0.1734375 0.1953125
8 0.4171875 0.3125 0.1671875 0.21875
9 0.546875 0.33828125 0.1609375 0.2109375
10 0.7015625 0.384375 0.1640625 0.19375
11 0.82734375 0.40859375 0.1625 0.1875
1 0.7875 0.60859375 0.1671875 0.121875
29 0.546875 0.559375 0.1625 0.115625
5 0.315625 0.51328125 0.165625 0.121875
0 0.6671875 0.57734375 0.1109375 0.1234375
28 0.4328125 0.52578125 0.1109375 0.128125
4 0.2046875 0.47578125 0.1046875 0.1328125
12 0.125 0.45859375 0.0984375 0.11875
16 0.79453125 0.7546875 0.1140625 0.1390625
6 0.703125 0.734375 0.1125 0.1328125
6 0.6125 0.7171875 0.1140625 0.1296875
30 0.52109375 0.70078125 0.115625 0.13125
24 0.4296875 0.68203125 0.1078125 0.125
24 0.3421875 0.665625 0.1109375 0.1296875
24 0.25546875 0.64375 0.1046875 0.13125
3 0.17890625 0.621875 0.1015625 0.1265625
2 0.09921875 0.60625 0.0953125 0.125
17 0.73125 0.959375 0.175 0.08125
17 0.678907728125 0.9045887499999999 0.8238750453125 0.9322048625000001 0.7995588609375 0.8789152078125 0.6674898453125 0.851060225 0.678907728125 0.9045887499999999
7 0.58125 0.94140625 0.16875 0.1171875
7 0.565625 0.984375 0.1625 0.03125
7 0.5232498671875 0.8753955609374999 0.6663803125000001 0.905406396875 0.6608914 0.8475719312500001 0.5335985921875 0.8201006828124999 0.5232498671875 0.8753955609374999
31 0.4375 0.91328125 0.165625 0.115625
31 0.381842184375 0.8386351124999999 0.526732625 0.8678906453125 0.526719559375 0.8193082015625001 0.3976587859375 0.7909462781250001 0.381842184375 0.8386351124999999
31 0.4234375 0.96796875 0.153125 0.0640625
25 0.267425321875 0.762592928125 0.23165594375 0.808982403125 0.37455719374999996 0.8373270640625 0.39426389687499996 0.7889502640625 0.267425321875 0.762592928125
25 0.28515625 0.9421875 0.153125 0.0765625
25 0.146875 0.9109375 0.153125 0.084375
25 0.1578125 0.84921875 0.1671875 0.1125
25 0.098778728125 0.77924641875 0.23264714375 0.809084778125 0.269696471875 0.7644314828125001 0.13892381250000002 0.73737824375 0.098778728125 0.77924641875
27 0.05078125 0.81875 0.1015625 0.13125
25 0.29765625 0.87890625 0.1609375 0.1125
19 0.8984375 0.18359375 0.175 0.215625
20 0.75703125 0.159375 0.1859375 0.2109375