13 0.1953125 0.15 0.134375 0.1546875
13 0.29453125 0.171875 0.1234375 0.1515625
14 0.390625 0.18046875 0.134375 0.171875
14 0.49296875 0.20234375 0.128125 0.1734375
14 0.5953125 0.22734375 0.13125 0.1625
19 0.6953125 0.246875 0.1265625 0.1609375
19 0.80234375 0.265625 0.140625 0.1703125
20 0.91640625 0.28671875 0.1453125 0.1796875
8 0.17265625 0.30390625 0.134375 0.15
9 0.27265625 0.33125 0.1203125 0.146875
10 0.37421875 0.35 0.128125 0.140625
11 0.475 0.375 0.1125 0.134375
3 0.55 0.40546875 0.0796875 0.1
3 0.61484375 0.41953125 0.0796875 0.0984375
2 0.67578125 0.43203125 0.075 0.0953125
0 0.62734375 0.53515625 0.08125 0.0921875
1 0.53828125 0.528125 0.11875 0.0796875
28 0.4453125 0.49765625 0.0875 0.0921875
29 0.35546875 0.4859375 0.1203125 0.0859375
4 0.26484375 0.4609375 0.0875 0.0890625
5 0.16484375 0.446875 0.1265625 0.0859375
15 0.5953125 0.6390625 0.1 0.1015625
23 0.515625 0.62265625 0.09375 0.1
24 0.57421875 0.7328125 0.0765625 0.06875
24 0.51015625 0.71875 0.071875 0.0703125
24 0.44765625 0.70625 0.0765625 0.071875
26 0.3953125 0.6953125 0.0484375 0.0609375
30 0.34375 0.6828125 0.071875 0.06875
12 0.2796875 0.6703125 0.0734375 0.0703125
16 0.209375 0.6578125 0.0828125 0.0765625
6 0.14609375 0.64375 0.071875 0.06875
27 0.69609375 0.93203125 0.1140625 0.0703125
25 0.596875 0.90703125 0.109375 0.075
25 0.49921875 0.8875 0.1078125 0.0734375
25 0.40234375 0.8640625 0.1046875 0.0734375
31 0.3046875 0.8484375 0.10625 0.071875
31 0.325 0.76015625 0.103125 0.0671875
17 0.20859375 0.82265625 0.1078125 0.0703125
7 0.1078125 0.8015625 0.115625 0.0765625
36 0.4515625 0.61171875 0.0640625 0.0875
34 0.3984375 0.6015625 0.065625 0.0890625
33 0.3606496203125 0.6343160921875 0.3730220328125 0.55390226875 0.3413189671875 0.5471635734375 0.3255280671875 0.6268507750000001 0.3606496203125 0.6343160921875
37 0.28483126406250003 0.6186306796875 0.302762271875 0.5389680953125 0.26732194374999996 0.5310047421874999 0.25144353750000004 0.611103621875 0.28483126406250003 0.6186306796875
39 0.246878334375 0.6109938140625 0.2631775265625 0.5335660453125 0.22994153125 0.5260712375 0.21403938125000002 0.6035834015625 0.246878334375 0.6109938140625
38 0.21276682187499998 0.6041734671875 0.221723309375 0.5234638453125 0.189045975 0.5160877859374999 0.1761739546875 0.59553485625 0.21276682187499998 0.6041734671875
41 0.173342578125 0.59536330625 0.186307040625 0.51464505 0.151816828125 0.5077442078125001 0.140877390625 0.588892896875 0.173342578125 0.59536330625
18 0.3140625 0.5765625 0.0484375 0.0734375
18 0.13046875 0.5390625 0.0421875 0.0734375