2 0.06875 0.7109375 0.1171875 0.25625
4 0.1003895390625 0.510426 0.22159931875 0.5012440609375 0.1895321796875 0.2072677484375 0.062170146875 0.2129526296875 0.1003895390625 0.510426
28 0.4030334296875 0.482634521875 0.5208096656250001 0.4704186359375 0.5087640765625 0.2203814125 0.38521414374999996 0.2254325125 0.4030334296875 0.482634521875
29 0.5198090828125 0.4734001390625 0.7049412859374999 0.4603054140625 0.69990264375 0.25274866875 0.509702578125 0.26307380468749997 0.5198090828125 0.4734001390625
5 0.21915873593750002 0.500105178125 0.40308481562500004 0.48410600937500003 0.38796183281249996 0.272481571875 0.19888374375 0.288709528125 0.21915873593750002 0.500105178125
3 0.171875 0.7078125 0.1203125 0.2671875
24 0.27734375 0.70703125 0.128125 0.2578125
24 0.39453125 0.7046875 0.1328125 0.2625
24 0.50625 0.68828125 0.134375 0.2609375
0 0.701066746875 0.4611009390625 0.8255052718749999 0.4512767703125 0.8198403296875 0.20082499843749999 0.69641549375 0.19884674687499998 0.701066746875 0.4611009390625
1 0.992095421875 0.442719975 0.9859905921875001 0.223785971875 0.8256505328125 0.23486384999999999 0.8370312468750001 0.453150746875 0.992095421875 0.442719975
30 0.62578125 0.68515625 0.128125 0.24375
6 0.74140625 0.66796875 0.1265625 0.25
6 0.85625 0.6640625 0.13125 0.25625
16 1 0.536903740625 0.90961955625 0.5359983109375 0.9102559265625001 0.78819040625 1 0.7818198421875 1 0.536903740625
12 0.05 0.38515625 0.1 0.2765625