19 0.13984375 0.203125 0.121875 0.125
19 0.2671875 0.2046875 0.1234375 0.125
22 0.45703125 0.20546875 0.1078125 0.1203125
8 0.5703125 0.2015625 0.1109375 0.125
9 0.68515625 0.2046875 0.115625 0.115625
10 0.79375 0.20546875 0.1140625 0.1125
11 0.9046875 0.20234375 0.1140625 0.1125
13 0.13203125 0.340625 0.115625 0.1171875
13 0.2640625 0.3421875 0.11875 0.1171875
13 0.37890625 0.3421875 0.10625 0.1171875
14 0.4859375 0.3375 0.1046875 0.1140625
14 0.5890625 0.3390625 0.1078125 0.1078125
14 0.69609375 0.3375 0.1078125 0.1046875
3 0.7875 0.34921875 0.0796875 0.075
3 0.86171875 0.3453125 0.06875 0.078125
2 0.934375 0.34765625 0.0734375 0.075
4 0.275 0.459375 0.0828125 0.0796875
28 0.48671875 0.45390625 0.0859375 0.078125
1 0.59296875 0.45859375 0.125 0.0640625
0 0.7078125 0.45 0.0875 0.0734375
18 0.378125 0.459375 0.1234375 0.06875
18 0.1640625 0.46328125 0.1359375 0.0765625
15 0.703125 0.56171875 0.0984375 0.0828125
23 0.60078125 0.565625 0.103125 0.0890625
24 0.70859375 0.65625 0.0796875 0.071875
24 0.63203125 0.659375 0.078125 0.071875
24 0.5546875 0.6640625 0.075 0.075
26 0.4890625 0.67109375 0.05625 0.065625
30 0.41953125 0.6734375 0.084375 0.0765625
12 0.3375 0.67734375 0.0796875 0.0703125
16 0.2578125 0.675 0.075 0.0734375
6 0.16328125 0.68046875 0.090625 0.0796875
7 0.14453125 0.78671875 0.1265625 0.0609375
7 0.14921875 0.8515625 0.128125 0.0609375
7 0.1578125 0.909375 0.1328125 0.05625
27 0.9171875 0.8171875 0.121875 0.0609375
27 0.91796875 0.871875 0.121875 0.05625
25 0.796875 0.87890625 0.1234375 0.0578125
25 0.79453125 0.82421875 0.1234375 0.059375
25 0.671875 0.88125 0.1171875 0.0578125
25 0.5484375 0.88671875 0.125 0.0625
31 0.4125 0.78125 0.1296875 0.0625
31 0.41640625 0.8375 0.1265625 0.0578125
31 0.421875 0.8953125 0.1234375 0.0625
17 0.28359375 0.9046875 0.1203125 0.059375
17 0.3446624125 0.8191413890625 0.22158024687500003 0.8246832312500001 0.22452891406250003 0.8776618453125 0.35597604843749997 0.8713759109374999 0.3446624125 0.8191413890625
17 0.34102611875 0.755804890625 0.2224493375 0.7585230265625 0.22431662343749997 0.8075289890624999 0.34777004375 0.8070847453125 0.34102611875 0.755804890625
42 0.13125 0.58359375 0.040625 0.0765625
41 0.178125 0.58203125 0.04375 0.078125
38 0.225 0.58046875 0.0484375 0.0796875
18 0.2703125 0.57265625 0.0421875 0.065625
37 0.3140625 0.5765625 0.04375 0.078125
35 0.36015625 0.57578125 0.0453125 0.078125
18 0.40703125 0.5671875 0.046875 0.0671875
18 0.51953125 0.5625 0.05625 0.071875
34 0.46171875 0.5734375 0.0640625 0.0765625