20 0.66484375 0.35859375 0.1 0.121875
21 0.57265625 0.34453125 0.09375 0.1125
19 0.49921875 0.32734375 0.090625 0.1125
14 0.42421875 0.30625 0.096875 0.125
14 0.34765625 0.2953125 0.090625 0.1078125
13 0.2703125 0.278125 0.1 0.1171875
13 0.1984375 0.265625 0.084375 0.103125
23 0.1859375 0.390625 0.0765625 0.0859375
15 0.246875 0.40703125 0.08125 0.084375
8 0.32578125 0.409375 0.1046875 0.1203125
14 0.39921875 0.43125 0.0828125 0.1015625
10 0.471875 0.44609375 0.090625 0.10625
11 0.546875 0.45703125 0.0859375 0.1125
3 0.603125 0.48515625 0.065625 0.0765625
2 0.6578125 0.50078125 0.06875 0.075
5 0.17890625 0.4890625 0.103125 0.0734375
4 0.25546875 0.49921875 0.075 0.08125
29 0.3359375 0.52265625 0.1 0.0765625
28 0.4109375 0.534375 0.0703125 0.0828125
0 0.4828125 0.55625 0.096875 0.0765625
12 0.15546875 0.57109375 0.0640625 0.075
6 0.13671875 0.653125 0.05625 0.065625
16 0.18515625 0.66484375 0.065625 0.075
30 0.24375 0.67265625 0.0671875 0.075
26 0.28828125 0.68828125 0.05 0.0625
24 0.33828125 0.69609375 0.065625 0.06875
24 0.39296875 0.7046875 0.065625 0.071875
24 0.45078125 0.71875 0.0671875 0.0703125
7 0.1140625 0.84765625 0.09375 0.0625
7 0.11796875 0.8015625 0.096875 0.0640625
7 0.1265625 0.746875 0.096875 0.0703125
16 0.2 0.8703125 0.0953125 0.0625
16 0.21015625 0.82421875 0.0953125 0.0671875
16 0.21953125 0.77421875 0.1 0.0640625
31 0.2875 0.88203125 0.09375 0.0640625
31 0.29609375 0.83515625 0.0921875 0.065625
31 0.33359375 0.86796875 0.0015625 0.0015625
31 0.309375 0.7875 0.0953125 0.0625
24 0.37265625 0.8984375 0.090625 0.0609375
24 0.38125 0.853125 0.09375 0.0671875
24 0.39453125 0.8015625 0.09375 0.065625
24 0.45859375 0.921875 0.0921875 0.065625
27 0.54375 0.9375 0.0921875 0.065625
27 0.5484375 0.88828125 0.0953125 0.0671875
36 0.48046875 0.640625 0.0546875 0.075
34 0.43671875 0.63125 0.0546875 0.0734375
33 0.4015625 0.6234375 0.0421875 0.0703125
35 0.3734375 0.6171875 0.0421875 0.0703125
37 0.34296875 0.61015625 0.04375 0.071875
39 0.31328125 0.60390625 0.0421875 0.0734375
38 0.28359375 0.596875 0.04375 0.075
41 0.26225718124999997 0.626617815625 0.2720399265625 0.5593917046875 0.24419264375 0.554824884375 0.2342304953125 0.620660559375 0.26225718124999997 0.626617815625
42 0.233230628125 0.62112418125 0.2428758640625 0.55454499375 0.215365503125 0.5483594109375 0.20470400781250003 0.6153987375 0.233230628125 0.62112418125
40 0.20463525312500003 0.6157221984375 0.21362439218749998 0.5479893265625 0.187763453125 0.5424924140625 0.1753150265625 0.6094899921875 0.20463525312500003 0.6157221984375