10 0.76796875 0.090625 0.125 0.171875
8 0.55546875 0.09140625 0.134375 0.18125
20 0.434375 0.09375 0.115625 0.16875
20 0.32421875 0.08828125 0.115625 0.175
19 0.2078125 0.09296875 0.140625 0.171875
13 0.121875 0.29453125 0.10625 0.1375
13 0.268019653125 0.2016971640625 0.13425065 0.2024752109375 0.1767663484375 0.3627515625 0.2919649125 0.3626671890625 0.268019653125 0.2016971640625
13 0.38104930625 0.2086995296875 0.270093559375 0.2071434546875 0.29274275 0.363833946875 0.39867774843750003 0.36119550624999996 0.38104930625 0.2086995296875
14 0.492004959375 0.2203701375 0.38623412031250004 0.2203701375 0.39867774843750003 0.365085684375 0.4910915625 0.3650007046875 0.492004959375 0.2203701375
14 0.546875 0.284375 0.11875 0.1640625
14 0.659375 0.284375 0.1125 0.1625
3 0.7484375 0.31171875 0.06875 0.1125
3 0.82109375 0.31171875 0.078125 0.103125
2 0.89375 0.31328125 0.065625 0.090625
5 0.1625 0.44765625 0.128125 0.075
4 0.2625 0.4375 0.0796875 0.096875
29 0.359375 0.44765625 0.121875 0.078125
28 0.45859375 0.4421875 0.078125 0.090625
1 0.5546875 0.446875 0.11875 0.075
0 0.65234375 0.43984375 0.078125 0.090625
15 0.65703125 0.55078125 0.1046875 0.0921875
23 0.56796875 0.55390625 0.084375 0.0875
25 0.61796875 0.8296875 0.121875 0.065625
25 0.61015625 0.89140625 0.1171875 0.0625
25 0.60390625 0.94140625 0.109375 0.05
25 0.71484375 0.9265625 0.10625 0.053125
25 0.49765625 0.92578125 0.1125 0.0578125
25 0.496875 0.8703125 0.1125 0.053125
25 0.49765625 0.81484375 0.121875 0.059375
31 0.38984375 0.9296875 0.1125 0.0609375
31 0.3875 0.86953125 0.1125 0.0609375
31 0.38125 0.8109375 0.11875 0.05625
26 0.459375 0.67109375 0.053125 0.078125
24 0.6332102640625 0.6373920546875 0.6288818171874999 0.7036444125 0.691153503125 0.704073146875 0.7033315265625 0.6380415921875 0.6332102640625 0.6373920546875
24 0.6306131796875001 0.6289481359375 0.55876055625 0.6276490609375001 0.5561634718749999 0.7120883609375 0.628165175 0.7113784937500001 0.6306131796875001 0.6289481359375
24 0.5535663890625 0.6276490609375001 0.48777357343750005 0.62635 0.48690793125000004 0.714036959375 0.5567351109375 0.7143006328125 0.5535663890625 0.6276490609375001
30 0.43150345156250003 0.63869113125 0.35878510625 0.6380415921875 0.3613821890625 0.714036959375 0.4333559109375 0.7133265859375 0.43150345156250003 0.63869113125
12 0.35965082656249997 0.639340653125 0.2860667609375 0.6373920546875 0.29645509531249997 0.7081911625 0.3632245765625 0.7123525390625 0.35965082656249997 0.639340653125
16 0.2852010390625 0.6380415921875 0.21248269375 0.640639728125 0.2271995546875 0.7159855578125 0.2969894265625 0.7133265859375 0.2852010390625 0.6380415921875
6 0.21854258125 0.63609299375 0.144092834375 0.63869113125 0.15101840312499998 0.7146864828124999 0.226858090625 0.7113784937500001 0.21854258125 0.63609299375
45 0.15967533750000001 0.5094745640625 0.11465923125 0.5094745640625 0.1293760125 0.5971615234375001 0.16711658437500002 0.5969280515625 0.15967533750000001 0.5094745640625
44 0.15707825312499998 0.50103063125 0.16919799062500002 0.5965119718749999 0.2106239859375 0.59546698125 0.20122871718750002 0.5003811078125 0.15707825312499998 0.50103063125
18 0.2038258 0.510773625 0.20988560937499998 0.595212925 0.25143895 0.595212925 0.24537914062500002 0.5101241015625 0.2038258 0.510773625
41 0.24537914062500002 0.5101241015625 0.250573309375 0.5965119718749999 0.2917945125 0.5949799578125 0.284335396875 0.508175503125 0.24537914062500002 0.5101241015625
37 0.3232916546875 0.5055773671875 0.2808725921875 0.5062269046875 0.28866384375 0.5971615234375001 0.3301070015625 0.5969280515625 0.3232916546875 0.5055773671875
27 0.7639301734374999 0.8262583140625 0.750079034375 0.8743237609375001 0.856741378125 0.8745312515625001 0.873007771875 0.8269078375 0.7639301734374999 0.8262583140625
27 0.75873600625 0.8951087937500001 0.7682586203125 0.9451228687500001 0.8632350203125 0.946610678125 0.8764704968749999 0.8918611484375001 0.75873600625 0.8951087937500001
17 0.33454563125000003 0.8958990828125 0.228065196875 0.8946000062499999 0.2393192515625 0.949160771875 0.3385487359375 0.9500198421875 0.33454563125000003 0.8958990828125
17 0.331948546875 0.8367915968749999 0.22027394375 0.8367915968749999 0.2297966375 0.895249559375 0.33335382187499996 0.89644729375 0.331948546875 0.8367915968749999
17 0.3241572953125 0.78028223125 0.2116170515625 0.7783336328125 0.22027394375 0.8367915968749999 0.3258887375 0.8367915968749999 0.3241572953125 0.78028223125
7 0.2297966375 0.8920018859375001 0.11379350937499999 0.8926514078125001 0.1285103328125 0.9530579703125 0.23919601093749998 0.9495328187500001 0.2297966375 0.8920018859375001
7 0.22373674999999998 0.8374411187499999 0.112062146875 0.8367915968749999 0.12331616406250001 0.8926514078125001 0.23140364062500002 0.8915770625 0.22373674999999998 0.8374411187499999
35 0.3210227203125 0.50552948125 0.32718026093749997 0.5969031578124999 0.37165135625 0.5974165078125 0.365493815625 0.5050161421875 0.3210227203125 0.50552948125
33 0.3668622 0.5050161421875 0.370283034375 0.5969031578124999 0.412796140625 0.5968538890625 0.40722826875000007 0.503989475 0.3668622 0.5050161421875
34 0.40654407656249997 0.5075828140625 0.41407 0.5948498234375 0.46924835781249996 0.5926199734375001 0.4640144421875 0.50552948125 0.40654407656249997 0.5075828140625
36 0.465382825 0.50552948125 0.47154036406250005 0.5948498234375 0.5255898328125 0.594336496875 0.522168996875 0.50552948125 0.465382825 0.50552948125