11 0.8390625 0.25 0.1140625 0.13125
10 0.75234375 0.23515625 0.1078125 0.1359375
9 0.6671875 0.2296875 0.0953125 0.1234375
8 0.58359375 0.2109375 0.10625 0.1375
22 0.5 0.2078125 0.084375 0.121875
22 0.42734375 0.1953125 0.090625 0.11875
19 0.33828125 0.17421875 0.1015625 0.134375
19 0.25703125 0.165625 0.0921875 0.1265625
3 0.696875 0.38046875 0.0671875 0.0875
3 0.75625 0.38828125 0.0671875 0.0859375
2 0.8125 0.40546875 0.0640625 0.06875
14 0.63359375 0.36171875 0.0875 0.1109375
14 0.5578125 0.35 0.0890625 0.1125
14 0.47890625 0.33515625 0.09375 0.1171875
13 0.4 0.321875 0.09375 0.125
13 0.3234375 0.3125 0.0875 0.11875
13 0.2453125 0.29765625 0.0953125 0.1203125
0 0.6359375 0.47421875 0.06875 0.0734375
1 0.5578125 0.465625 0.1 0.071875
28 0.48203125 0.44765625 0.065625 0.0796875
29 0.40703125 0.44296875 0.1 0.071875
4 0.328125 0.4234375 0.06875 0.0796875
5 0.24765625 0.41796875 0.1 0.0734375
15 0.61328125 0.56640625 0.0875 0.0921875
23 0.54140625 0.55 0.078125 0.090625
24 0.6046875 0.6546875 0.0703125 0.075
24 0.54375 0.6453125 0.0640625 0.0734375
24 0.484375 0.63828125 0.0671875 0.0734375
26 0.434375 0.6359375 0.04375 0.059375
30 0.3859375 0.621875 0.0671875 0.071875
12 0.328125 0.61484375 0.059375 0.06875
16 0.26875 0.60703125 0.06875 0.0765625
6 0.20703125 0.596875 0.0609375 0.0734375
27 0.73671875 0.89921875 0.1 0.0703125
27 0.740625 0.8453125 0.1 0.0671875
25 0.63828125 0.88359375 0.1 0.0640625
25 0.64765625 0.8296875 0.1015625 0.0671875
25 0.5484375 0.86171875 0.0953125 0.0625
25 0.4609375 0.8484375 0.096875 0.065625
31 0.3734375 0.83515625 0.0921875 0.0640625
31 0.37421875 0.78359375 0.096875 0.0671875
31 0.38828125 0.721875 0.0921875 0.0640625
17 0.2828125 0.82265625 0.09375 0.0671875
17 0.2859375 0.76640625 0.096875 0.071875
7 0.19375 0.8125 0.096875 0.065625
7 0.19453125 0.76015625 0.1015625 0.0703125
41 0.24140625 0.509375 0.0421875 0.0765625
38 0.2734375 0.51328125 0.040625 0.0765625
39 0.3046875 0.51875 0.0421875 0.0765625
37 0.33671875 0.52421875 0.040625 0.0765625
35 0.36796875 0.528125 0.040625 0.075
36 0.48359375 0.54765625 0.053125 0.078125
34 0.43828125 0.540625 0.053125 0.078125
33 0.4 0.53515625 0.0421875 0.0765625