13 0.75234375 0.34453125 0.078125 0.10625
13 0.67578125 0.346875 0.075 0.103125
14 0.59765625 0.3484375 0.075 0.10625
14 0.51953125 0.3515625 0.0765625 0.103125
21 0.43828125 0.35078125 0.06875 0.103125
21 0.36484375 0.35078125 0.0671875 0.1
22 0.29375 0.34921875 0.06875 0.103125
23 0.75 0.46875 0.0703125 0.078125
15 0.6828125 0.47265625 0.065625 0.0734375
8 0.6109375 0.46171875 0.071875 0.1
9 0.5453125 0.46171875 0.0609375 0.09375
10 0.47734375 0.46171875 0.06875 0.0953125
11 0.40703125 0.4609375 0.06875 0.096875
3 0.34609375 0.47265625 0.0484375 0.06875
2 0.2875 0.4703125 0.05 0.06875
1 0.44453125 0.54765625 0.08125 0.05
28 0.51796875 0.54921875 0.053125 0.053125
29 0.590625 0.55234375 0.0875 0.0515625
4 0.6625 0.5515625 0.053125 0.053125
5 0.73359375 0.5546875 0.0875 0.0515625
12 0.74921875 0.640625 0.0609375 0.065625
6 0.74609375 0.7171875 0.05625 0.059375
16 0.6953125 0.71640625 0.053125 0.053125
30 0.640625 0.71171875 0.0546875 0.0609375
26 0.59609375 0.7140625 0.0375 0.053125
24 0.5515625 0.70859375 0.0515625 0.0609375
24 0.4984375 0.70625 0.053125 0.059375
24 0.44296875 0.70546875 0.0515625 0.059375
7 0.721875 0.80703125 0.0796875 0.0421875
7 0.72421875 0.85859375 0.084375 0.04375
7 0.725 0.90390625 0.0828125 0.0421875
17 0.64140625 0.8984375 0.0796875 0.0375
25 0.47734375 0.89140625 0.078125 0.046875
25 0.4 0.88515625 0.071875 0.040625
25 0.39921875 0.84296875 0.075 0.040625
25 0.47734375 0.7953125 0.078125 0.040625
25 0.47734375 0.84453125 0.0796875 0.046875
31 0.56171875 0.89609375 0.078125 0.040625
31 0.5578125 0.80078125 0.0796875 0.0453125
31 0.559375 0.85390625 0.078125 0.046875
27 0.32421875 0.87890625 0.075 0.040625
27 0.32421875 0.83359375 0.071875 0.04375
42 0.675 0.634375 0.028125 0.065625
41 0.6453125 0.634375 0.028125 0.065625
38 0.61484375 0.6328125 0.028125 0.065625
18 0.7046875 0.6296875 0.0296875 0.05625
18 0.5 0.62265625 0.025 0.053125
39 0.5978830562499999 0.663651521875 0.5991589578125 0.598703703125 0.573693265625 0.5995405015624999 0.570237596875 0.66216918125 0.5978830562499999 0.663651521875
37 0.5692502359375 0.6606868671874999 0.5701466125 0.598703703125 0.5420984375 0.5991699234375 0.5420984375 0.6592045265625 0.5692502359375 0.6606868671874999
35 0.5401237921875001 0.6606868671874999 0.5411342671875 0.5973148140625 0.5149466406250001 0.5973170046875 0.5139593171875 0.6606868671874999 0.5401237921875001 0.6606868671874999
34 0.48236449062500003 0.6592045265625 0.4855787109375 0.5963888890625 0.4473139578125 0.59398174375 0.44385828906249997 0.658463340625 0.48236449062500003 0.6592045265625
36 0.44188364375000005 0.6580927625 0.4442206859375 0.595 0.40683310937500006 0.5936111640624999 0.40485846406250003 0.6569810281249999 0.44188364375000005 0.6580927625