31 0.20239443281249997 0.67709019375 0.2829916953125 0.710969275 0.2993420515625 0.6567292625000001 0.216515390625 0.6212340265625 0.20239443281249997 0.67709019375
31 0.1926112515625 0.7276660765625 0.2751232015625 0.76520345 0.289645096875 0.7126281546875 0.20815037812499998 0.6774650078125 0.1926112515625 0.7276660765625
31 0.1814973890625 0.7779101828125 0.26085020000000003 0.8167804984375 0.2767027734375 0.7645369796875 0.19279495156249998 0.7277118781249999 0.1814973890625 0.7779101828125
25 0.2885633078125 0.71129813125 0.371075259375 0.748835503125 0.38950296562500003 0.6919325265625 0.30112551249999997 0.6561136265624999 0.2885633078125 0.71129813125
25 0.27562098437500004 0.76320695625 0.36029651406249996 0.8034043750000001 0.37323883750000003 0.75149555 0.28826973125 0.7133455390625 0.27562098437500004 0.76320695625
25 0.26109909062500003 0.815782253125 0.3428643671875 0.8563143656250001 0.3587169421875 0.804070846875 0.27690729375 0.7645879718749999 0.26109909062500003 0.815782253125
25 0.3703285859375 0.75183024375 0.4662335625 0.7980083859375 0.48565683593750003 0.7371124203125 0.3881487359375 0.6926551812499999 0.3703285859375 0.75183024375
25 0.35555780000000003 0.8054037875000001 0.4503809890625 0.8502519046874999 0.4678131328125 0.7973419140625 0.3737130671875 0.7505534859375 0.35555780000000003 0.8054037875000001
25 0.341284796875 0.8569808359375 0.43269995000000006 0.9041601421875001 0.4514627765625 0.8515819265625 0.3600240703125 0.8054570515625 0.341284796875 0.8569808359375
27 0.4677269078125 0.7920189046874999 0.567623925 0.8391923734375 0.583141384375 0.7826240906249999 0.48615535625 0.7361764140625 0.4677269078125 0.7920189046874999
27 0.4514627765625 0.8515819265625 0.551110903125 0.899753640625 0.573530653125 0.8438459921874999 0.4765458859375 0.7973986296875 0.4514627765625 0.8515819265625
27 0.4353613125 0.90482369375 0.5305196171875 0.9539965734375 0.551110903125 0.899753640625 0.4541242453125 0.8533058078125 0.4353613125 0.90482369375
17 0.5547678296874999 0.8964242062500001 0.658159103125 0.9465894953125 0.685068675 0.8896806796875 0.5779611703125 0.83858883125 0.5547678296874999 0.8964242062500001
17 0.636122646875 1 0.6560817515624999 0.949252459375 0.5561238515625 0.897822603125 0.531850296875 0.9543283499999999 0.6176037234375 1 0.636122646875 1
7 0.7719609468749999 1 0.7951995765625 0.9468278546875 0.68279585 0.8944155125 0.65558396875 0.9512489515624999 0.7545373703125 1 0.7719609468749999 1
7 0.7537191015625 1 0.655050225 0.9489952718750001 0.6369424234375 1 0.7537191015625 1
6 0.5981512718750001 0.7110850281250001 0.6665235234375 0.742976375 0.699157584375 0.6631078859375 0.6218310328125 0.6342854921875001 0.5981512718750001 0.7110850281250001
16 0.5242936359375 0.6841878343750001 0.5925796625 0.7107561718750001 0.620063453125 0.6402066 0.5493729515625 0.613038759375 0.5242936359375 0.6841878343750001
26 0.481041640625 0.664921484375 0.5309470359375 0.6858467140625 0.5511169812500001 0.6219560093750001 0.5038702140625 0.602753953125 0.481041640625 0.664921484375
24 0.40876357499999993 0.63735781875 0.4731437859375 0.6682538375 0.5016231421875 0.593711278125 0.439971696875 0.5698574296875 0.40876357499999993 0.63735781875
24 0.3577763875 0.61510256875 0.410927153125 0.6400178640624999 0.44107230468749997 0.5701318421875 0.3778261484375 0.546940690625 0.3577763875 0.61510256875
30 0.302548271875 0.5928502359375 0.357029715625 0.6180973078124999 0.383182828125 0.5472159578125 0.3244997859375 0.528343425 0.302548271875 0.5928502359375
12 0.2494837359375 0.573257946875 0.3009687015625 0.59351670625 0.3224693265625 0.529957778125 0.2717577484375 0.513072753125 0.2494837359375 0.573257946875
5 0.28570621093750004 0.37128910937500004 0.38002183125 0.401166446875 0.40251801875000004 0.33361453281250003 0.306808421875 0.30444994062499997 0.28570621093750004 0.37128910937500004
29 0.379772940625 0.40216469374999997 0.47541924062499996 0.4323738078125 0.4964985234375 0.3591671078125 0.40006465 0.3330028390625 0.379772940625 0.40216469374999997
28 0.48074195937499997 0.43370091093749996 0.5409576796875 0.4529555828125 0.5667756749999999 0.37774947187499996 0.502053521875 0.360552125 0.48074195937499997 0.43370091093749996
1 0.5401247812500001 0.4506273140625 0.650159671875 0.48548420937500003 0.673565196875 0.4086162984375 0.5705186171875 0.38080329687500003 0.5401247812500001 0.4506273140625
0 0.655482390625 0.4868113125 0.737573 0.5147009140625001 0.77178663125 0.4341659546875 0.684735340625 0.41034102656250004 0.655482390625 0.4868113125
12 0.268527234375 0.48173059531250007 0.3235197890625 0.499258865625 0.34502983125000003 0.423190721875 0.293025234375 0.40767979375 0.268527234375 0.48173059531250007
40 0.31987815468749997 0.5002594499999999 0.3502693953125 0.51101774375 0.37312344531249997 0.4295590640625 0.3450833953125 0.42002317187499993 0.31987815468749997 0.5002594499999999
42 0.3477248359375 0.51101949375 0.38210811875 0.522773115625 0.400671459375 0.4415170078125 0.371839625 0.431783696875 0.3477248359375 0.51101949375
41 0.37971289375 0.52217591875 0.41664073281249997 0.5339277874999999 0.43914438125000005 0.45047320312499994 0.404432778125 0.440546265625 0.37971289375 0.52217591875
38 0.414245509375 0.533330590625 0.448778125 0.544485265625 0.4752738109375 0.46202600625 0.4375258625 0.4507058421875 0.414245509375 0.533330590625
18 0.4481290515625 0.5436872515625 0.4836094109375 0.5544420421875 0.510403765625 0.4707848890625 0.47600786875 0.459664303125 0.4481290515625 0.5436872515625
37 0.4826616671875 0.5548419250000001 0.517694021875 0.5673935593749999 0.5446377124999999 0.48313745625 0.5110487406249999 0.4722180609375 0.4826616671875 0.5548419250000001
35 0.517395353125 0.5685914546874999 0.5529274453124999 0.5825400515625 0.5806178109375 0.495289209375 0.543843153125 0.48357553124999997 0.517395353125 0.5685914546874999
33 0.554024525 0.5815412203125 0.591153434375 0.5958879484375 0.617097646875 0.5088379234375 0.5806305546874999 0.49592856875 0.554024525 0.5815412203125
34 0.591153434375 0.5958879484375 0.6442505046875 0.614215984375 0.671090721875 0.5235722703125 0.616918028125 0.5068845953125 0.591153434375 0.5958879484375
36 0.64524998125 0.6170099078125 0.7001449390625 0.63833093125 0.734417765625 0.5450871078125 0.6762674125 0.5274076890625 0.64524998125 0.6170099078125
23 0.2991914296875 0.2737105921875 0.38147919375 0.29740814375 0.41210450937500004 0.1949845359375 0.332001946875 0.173104178125 0.2991914296875 0.2737105921875
15 0.382777340625 0.29900417031250004 0.45982665312500004 0.3233041703125 0.4856156578125 0.22667272968750002 0.40872565312500003 0.2055933546875 0.382777340625 0.29900417031250004
8 0.4567823546875 0.3219089625 0.5458077875 0.34919494375000004 0.581952609375 0.21442989687499997 0.493954984375 0.1937619875 0.4567823546875 0.3219089625
9 0.5443085703125 0.34500406093749997 0.6387217890625 0.3710886453125 0.6782613109375 0.23971471718749998 0.5805021625 0.214068259375 0.5443085703125 0.34500406093749997
10 0.6368263046875 0.371888409375 0.736380375 0.40116329687499996 0.7825023609375 0.2637963859375 0.6737887140625001 0.237963390625 0.6368263046875 0.371888409375
11 0.7351798281249999 0.395774515625 0.8479564312500001 0.42643760625000005 0.89717445 0.2936597109375 0.78364455 0.263444984375 0.7351798281249999 0.395774515625
3 0.84092009375 0.4240470703125 0.9276996359374999 0.45013690781250004 0.9765331312500001 0.342710390625 0.8881307796875 0.320669209375 0.84092009375 0.4240470703125
13 0.357392615625 0 0.326697225 0.1259765140625 0.42455101093750003 0.148465659375 0.4554056453125 0.011109257812499999 0.3988352625 0 0.357392615625 0
14 0.48837191718749995 0.1611970921875 0.5959559328124999 0.1854760734375 0.6305380578124999 0.0229656109375 0.5259713406250001 0.0007112875000000001 0.48837191718749995 0.1611970921875
14 0.591165484375 0.18428168125 0.7058834375 0.20715844843750003 0.7461061546875001 0.049235246875 0.6302369921875 0.024799090625 0.591165484375 0.18428168125
19 0.708927734375 0.208553659375 0.8223992750000001 0.233028203125 0.8688599218749999 0.077296475 0.75361705625 0.0504717453125 0.708927734375 0.208553659375
19 0.9518331046874999 0.25130369375 0.9983513593750001 0.108946134375 0.8724067968749999 0.077544628125 0.8182061640624999 0.22943801718749998 0.9518331046874999 0.25130369375
18 0.42360326718749997 0.1488655421875 0.5019448546875 0.16458120468749998 0.5264580890625 0.0186457234375 0.45670751249999997 0.0063444 0.42360326718749997 0.1488655421875
20 1 0.1093822109375 0.9985851703125 0.10900442968749999 0.9519824390625 0.250704746875 1 0.26111649375 1 0.1093822109375
2 1 0.35046988125 0.9835144546875 0.3463595734375 0.932139678125 0.4493353921875 1 0.469319078125 1 0.35046988125