14 0.33984375 0.18203125 0.1390625 0.178125
13 0.2296875 0.1734375 0.1375 0.175
41 0.46328125 0.38984375 0.05625 0.109375
40 0.41796875 0.38359375 0.0578125 0.109375
43 0.347090609375 0.43110538125 0.39135873125 0.434433321875 0.39495530156249997 0.33008169062500003 0.35016183437500004 0.3256741453125 0.347090609375 0.43110538125
21 0.45 0.19296875 0.14375 0.18125
44 0.3499681578125 0.3238222125 0.30630375625 0.3192329 0.30208985625 0.42653003125 0.346337009375 0.4305382875 0.3499681578125 0.3238222125
45 0.3021357578125 0.42609330312499993 0.305675671875 0.3196084453125 0.2602187921875 0.3152722859375 0.2573528671875 0.42094486093750005 0.3021357578125 0.42609330312499993
18 0.25936116875000004 0.317831490625 0.21390428749999998 0.313495340625 0.21489875937499997 0.4160412046875 0.2582885265625 0.41995985625000004 0.25936116875000004 0.317831490625
33 0.217626953125 0.3116788234375 0.1698413140625 0.30709790312499996 0.168951503125 0.4107704015625 0.21419545625 0.4153254875 0.217626953125 0.3116788234375
37 0.1680488359375 0.307351065625 0.12151936875 0.30201906093750003 0.1223302296875 0.40631186093749994 0.16933249687500002 0.409617078125 0.1680488359375 0.307351065625
32 0.12452214218749999 0.30145155468749996 0.07548030624999999 0.297621721875 0.076873353125 0.40197570000000005 0.123056603125 0.4047532859375 0.12452214218749999 0.30145155468749996
5 0.15625 0.51328125 0.134375 0.084375
29 0.28359375 0.52421875 0.1359375 0.0875
5 0.4078125 0.5359375 0.13125 0.0890625
15 0.14453125 0.6234375 0.11875 0.1140625
18 0.23125 0.63828125 0.0796875 0.0953125
24 0.303125 0.64453125 0.0953125 0.1046875
31 0.4015625 0.665625 0.125 0.0828125
27 0.3875 0.86171875 0.128125 0.08125
25 0.253125 0.85 0.128125 0.075
25 0.1390625 0.8375 0.1265625 0.0765625