35 0.2206251125 0 0.18970622343750002 0.19714697812499998 0.30414120312500004 0.2175675109375 0.3360719109375 0 0.2206251125 0
35 0.3411411828125 0 0.30477957031249997 0.218907178125 0.41664713750000004 0.2394364484375 0.46091899999999997 0 0.3411411828125 0
35 0.46366002812499996 0 0.4228765359375 0.244901859375 0.5291653703125 0.26495452343750003 0.589518459375 0.008650070312499999 0.54459175 0 0.46366002812499996 0
36 0.5861679828125 0.0092143859375 0.543900990625 0.26417209218750004 0.696455975 0.293217984375 0.74186850625 0.037656128125 0.5861679828125 0.0092143859375
33 0.1733090984375 0.2863584 0.13082671875000002 0.5430340828125 0.232583009375 0.5633840234374999 0.2818734984375 0.3086977375 0.1733090984375 0.2863584
33 0.31484375 0.446875 0.1640625 0.2796875
37 0.425 0.47109375 0.165625 0.2796875
34 0.6668606171875 0.3834724671875 0.52046035625 0.3532194921875 0.45809342500000005 0.6129240421875 0.6070279375000001 0.644156071875 0.6668606171875 0.3834724671875
43 0.056594964062499996 0.6024873515625 0.0370946796875 0.85243803125 0.1396906578125 0.8723806703125 0.1643275484375 0.6204341296875 0.056594964062499996 0.6024873515625
44 0.16754603437499999 0.639743746875 0.1444355921875 0.8760123468750001 0.2415875671875 0.8931852078125001 0.27005035 0.6562454265625 0.16754603437499999 0.639743746875
45 0.2726205546875 0.6574622921875 0.245046809375 0.8944281390625 0.3430474234375 0.9151890984375 0.3746167984375 0.6754335218749999 0.2726205546875 0.6574622921875
41 0.3800269 0.6857592968749999 0.34385658750000003 0.9181990000000001 0.44450727656250005 0.9371929906249999 0.484968059375 0.7055395156250001 0.3800269 0.6857592968749999
40 0.48587799687500005 0.7050981109375 0.444986909375 0.9378567437499999 0.5498458640624999 0.9588097828125001 0.5929699390625001 0.726532953125 0.48587799687500005 0.7050981109375