9 0.15859375 0.30859375 0.1296875 0.165625
19 0.45078125 0.30625 0.1140625 0.1625
18 0.3078125 0.30625 0.175 0.1609375
5 0.21796875 0.60703125 0.1125 0.0640625
29 0.3359375 0.5984375 0.109375 0.0640625
7 0.44453125 0.59921875 0.1109375 0.0640625
23 0.290625 0.6890625 0.078125 0.0765625
24 0.365625 0.6890625 0.0703125 0.0734375
31 0.45 0.68984375 0.103125 0.059375
27 0.4578125 0.7984375 0.0984375 0.0484375
27 0.45703125 0.84296875 0.0953125 0.0484375
25 0.35234375 0.80546875 0.1 0.0515625
25 0.35546875 0.8484375 0.0984375 0.04375
25 0.24921875 0.80546875 0.1015625 0.053125
25 0.259375 0.8515625 0.1 0.0484375
32 0.48828125 0.475 0.0390625 0.084375
38 0.44453125 0.4765625 0.0421875 0.0875
40 0.4046875 0.47734375 0.040625 0.0875
41 0.388477915625 0.5205712625000001 0.3797054671875 0.4344051734375 0.3419891859375 0.43572225624999994 0.3514722125 0.52186353125 0.388477915625 0.5205712625000001
42 0.3473604671875 0.522007115625 0.3376794984375 0.43340211249999994 0.29917381875000004 0.43598207968749997 0.31119865625 0.523887575 0.3473604671875 0.522007115625
33 0.26841496875000004 0.524763953125 0.25390761875 0.439415790625 0.216962515625 0.4400882828125 0.23221007187499998 0.5254105953125 0.26841496875000004 0.524763953125
37 0.2280983265625 0.52555418125 0.2127901734375 0.44085164375 0.173410775 0.4428444625 0.19024873281250002 0.5262582578125 0.2280983265625 0.52555418125
32 0.1861154453125 0.5257849343750001 0.16093910312499998 0.441427003125 0.11827879062499999 0.444152053125 0.1491097421875 0.5270772015625 0.1861154453125 0.5257849343750001
18 0.3049036421875 0.5086658953125001 0.2957827875 0.43610049687499997 0.256466165625 0.43932644375 0.26960726562500004 0.5117514515625 0.3049036421875 0.5086658953125001
18 0.215625 0.69140625 0.0703125 0.075