19 0.203125 0.15078125 0.125 0.146875
19 0.3125 0.1453125 0.1140625 0.140625
8 0.58984375 0.1265625 0.0984375 0.1421875
9 0.67265625 0.11796875 0.096875 0.1390625
10 0.753125 0.11640625 0.0875 0.1328125
11 0.82421875 0.11171875 0.084375 0.1265625
13 0.25859375 0.309375 0.1125 0.14375
13 0.35 0.2984375 0.0984375 0.14375
13 0.4328125 0.29375 0.096875 0.1296875
14 0.51640625 0.28359375 0.0984375 0.1265625
14 0.59609375 0.27890625 0.0875 0.125
14 0.67734375 0.26796875 0.09375 0.128125
3 0.74140625 0.27578125 0.0640625 0.090625
3 0.79375 0.27265625 0.065625 0.0875
2 0.8484375 0.2625 0.06875 0.09375
29 0.4625 0.415625 0.115625 0.0796875
28 0.5484375 0.40234375 0.075 0.0890625
1 0.6296875 0.39765625 0.10625 0.0828125
0 0.70625 0.38125 0.0671875 0.0875
15 0.69921875 0.4859375 0.0828125 0.1015625
24 0.72109375 0.5828125 0.0640625 0.0828125
24 0.65859375 0.59296875 0.065625 0.078125
24 0.6015625 0.60546875 0.0640625 0.0796875
26 0.553125 0.62109375 0.0515625 0.0703125
30 0.49765625 0.62578125 0.0734375 0.0875
12 0.434375 0.6375 0.0703125 0.0890625
16 0.3671875 0.65390625 0.0796875 0.0890625
6 0.290625 0.66328125 0.0859375 0.1015625
27 0.90859375 0.71796875 0.09375 0.078125
27 0.909375 0.775 0.0890625 0.0734375
25 0.8171875 0.740625 0.09375 0.075
7 0.32109375 0.7921875 0.11875 0.0859375
7 0.33359375 0.8640625 0.11875 0.0890625
7 0.3421875 0.92734375 0.1203125 0.0890625
25 0.760280909375 0.7220151578125 0.6717334015625 0.7396103968750001 0.682582415625 0.7992367078125 0.7711556453124999 0.7773153515625 0.760280909375 0.7220151578125
25 0.77575605 0.778398746875 0.6842122421875 0.8002119499999999 0.6941867421875 0.8587836093749999 0.7874707296875 0.8380869578125001 0.77575605 0.778398746875
25 0.8672713359375 0.75875366875 0.77592599375 0.7791070546875 0.7865366234375 0.8364653109375 0.8742949421875 0.8140563437500001 0.8672713359375 0.75875366875
25 0.6756002296875 0.7430904140625 0.5908922578125 0.76243888125 0.60458381875 0.820046625 0.68484836875 0.7989985468749999 0.6756002296875 0.7430904140625
25 0.6857063812499999 0.8029030031250001 0.59814340625 0.8241631921874999 0.606726459375 0.8840276218750001 0.694365528125 0.8604846437499999 0.6857063812499999 0.8029030031250001
31 0.579594525 0.7109267546875 0.48073601093749996 0.731594834375 0.48822553125 0.7955871109375 0.59299884375 0.7679501671875 0.579594525 0.7109267546875
31 0.588681759375 0.7701302625 0.492757503125 0.7951107828125 0.5027916046875001 0.8542495062500001 0.6046032328125001 0.8274970859374999 0.588681759375 0.7701302625
31 0.595954515625 0.830240653125 0.5012809671875 0.8544082796874999 0.5111362765624999 0.9118459015625 0.6070244328125 0.8868626515625 0.595954515625 0.830240653125
17 0.4746333734375 0.7298365296875 0.37228582499999996 0.75331225625 0.385698765625 0.8155354140625001 0.487689178125 0.79048405 0.4746333734375 0.7298365296875
17 0.49028080625000003 0.7969446203125 0.38780535 0.8210466999999999 0.396567190625 0.8826122062499999 0.49947229843749996 0.8517320312500001 0.49028080625000003 0.7969446203125
17 0.4992191390625 0.85473143125 0.3980778296875 0.8824534312500001 0.4090460828125 0.943213709375 0.510500146875 0.913059284375 0.4992191390625 0.85473143125
42 0.271150184375 0.599949965625 0.25081194687499997 0.5133632484375 0.2107039453125 0.5181151546875 0.23326532656249999 0.606830009375 0.271150184375 0.599949965625
41 0.3090526546875 0.593237484375 0.290626503125 0.5050406749999999 0.25587030781250003 0.5122953265625 0.27494335468750003 0.5993066953125 0.3090526546875 0.593237484375
38 0.3504688046875 0.5884704515625 0.3327562484375 0.49906094999999995 0.29397036875000004 0.5074627890625 0.3119523984375 0.594588828125 0.3504688046875 0.5884704515625
39 0.3724263875 0.49592592343749997 0.3357599046875 0.5010003937499999 0.35193320625 0.5866604171875001 0.3881814984375 0.57995236875 0.3724263875 0.49592592343749997
37 0.40909922343750005 0.49051974375 0.3737510625 0.49513170625 0.389335859375 0.5804395953125 0.42499555781250004 0.5733793546875 0.40909922343750005 0.49051974375
35 0.44482109531249997 0.4826273296875 0.41004247656250004 0.4888331609375 0.427349834375 0.5747880140625 0.46132993125 0.56749031875 0.44482109531249997 0.4826273296875
33 0.49648724843750003 0.5608969375 0.48160146875 0.4782443203125 0.447008396875 0.4837057890625 0.46242103125 0.5673756390625 0.49648724843750003 0.5608969375
34 0.5446508421875 0.55210848125 0.5339091515625001 0.4706776140625 0.48879797500000005 0.47724338906249997 0.49858324062500003 0.5598485796875 0.5446508421875 0.55210848125
36 0.5933309265625 0.5482340953125 0.581710884375 0.46617068437500003 0.538396953125 0.47161630312499997 0.547765790625 0.5555073453125 0.5933309265625 0.5482340953125
18 0.6265625 0.49921875 0.08125 0.0984375