20 0.7 0.27734375 0.1375 0.1640625
19 0.59609375 0.2703125 0.128125 0.14375
19 0.5046875 0.265625 0.11875 0.146875
14 0.4171875 0.25625 0.115625 0.146875
14 0.334375 0.25078125 0.109375 0.1390625
13 0.2515625 0.23984375 0.11875 0.1421875
13 0.17421875 0.23828125 0.1203125 0.1375
10 0.47421875 0.4078125 0.1078125 0.121875
9 0.3488882015625 0.44642825156250004 0.43462981718749993 0.45691714843750003 0.434439825 0.3449970203125 0.3534865609375 0.335348778125 0.3488882015625 0.44642825156250004
8 0.2752435921875 0.43485880000000005 0.349769278125 0.446599515625 0.35183681875 0.337177403125 0.2826330546875 0.329293803125 0.2752435921875 0.43485880000000005
15 0.2785107625 0.43686668125 0.2841557890625 0.34667275468750003 0.22164981250000002 0.33716249062500003 0.209014471875 0.42747635781250004 0.2785107625 0.43686668125
23 0.207876265625 0.42862792031249997 0.20492970625 0.345000765625 0.11928327812499999 0.334414565625 0.11657205156249999 0.42323537343749995 0.207876265625 0.42862792031249997
18 0.615052575 0.47894616718750005 0.6251785 0.3704040296875 0.5315275515625 0.3605238796875 0.5113034828125 0.46701619218749996 0.615052575 0.47894616718750005
3 0.681648509375 0.4891455203125 0.693737146875 0.39402648125 0.6254718890625 0.38307233749999997 0.6120235875 0.4804165875 0.681648509375 0.4891455203125
2 0.7427196765625 0.4948389421875 0.75102674375 0.400357659375 0.6937781578125 0.39634973125 0.6788766515625 0.48929311562500005 0.7427196765625 0.4948389421875
28 0.440625 0.51796875 0.0875 0.08125
4 0.2921875 0.496875 0.090625 0.0875
18 0.5359375 0.53046875 0.109375 0.08125
18 0.37265625 0.50546875 0.090625 0.078125
5 0.2078125 0.4890625 0.1109375 0.0734375
25 0.4609375 0.8 0.1078125 0.06875
25 0.54453125 0.87265625 0.1046875 0.0671875
27 0.64609375 0.896875 0.109375 0.0734375
27 0.640625 0.94921875 0.1140625 0.075
25 0.5453125 0.92734375 0.1015625 0.0671875
25 0.459375 0.90546875 0.1 0.06875
25 0.4578125 0.8546875 0.1 0.0671875
31 0.36796875 0.790625 0.1015625 0.065625
31 0.3703125 0.84375 0.1 0.06875
31 0.3734375 0.88984375 0.0984375 0.0625
7 0.2140625 0.75390625 0.0875 0.059375
7 0.2109375 0.8046875 0.0921875 0.0625
7 0.21875 0.8484375 0.09375 0.0625
17 0.290625 0.77109375 0.0984375 0.065625
17 0.28984375 0.82109375 0.0875 0.0671875
17 0.29609375 0.86796875 0.0890625 0.059375
24 0.52734375 0.721875 0.0734375 0.0765625
24 0.46875 0.709375 0.06875 0.0734375
24 0.41171875 0.70078125 0.0734375 0.075
26 0.36640625 0.69296875 0.05 0.0671875
30 0.3171875 0.68203125 0.0703125 0.0734375
16 0.259375 0.671875 0.075 0.0703125
6 0.203125 0.6609375 0.075 0.0671875
12 0.20078125 0.58203125 0.0734375 0.0734375
36 0.5158854921875 0.6605605296875 0.5601050203125 0.670488371875 0.559340921875 0.5952799703125 0.5159558296875 0.588660384375 0.5158854921875 0.6605605296875
34 0.511965709375 0.6624634578124999 0.5133157046875 0.58855428125 0.46951510937499996 0.5801880796875001 0.469206934375 0.65415199375 0.511965709375 0.6624634578124999
33 0.46521613593750005 0.6533762609375 0.467373634375 0.58140061875 0.43804473593750004 0.5746257156250001 0.43662712656249997 0.64826325625 0.46521613593750005 0.6533762609375
35 0.434346653125 0.6478199765625 0.4388678125 0.5758596484375 0.4070793828125 0.5702712296875 0.40502115781250003 0.6434520984375001 0.434346653125 0.6478199765625
39 0.37284503125 0.6385301296875 0.3753231140625 0.567949221875 0.34546045937500003 0.5599582953125 0.3438522953125 0.6324503609375001 0.37284503125 0.6385301296875
38 0.3418924046875 0.6334018171875 0.344703196875 0.561109028125 0.316529803125 0.556554171875 0.3150969078125 0.6281933000000001 0.3418924046875 0.6334018171875
41 0.31289962031249996 0.6273220562499999 0.310733565625 0.5562825546875 0.28271295625000004 0.5516454109375 0.285534059375 0.6220027296875 0.31289962031249996 0.6273220562499999
18 0.261875359375 0.6067445484375 0.285000553125 0.61257206875 0.280574334375 0.55122970625 0.2603969234375 0.5473863875 0.261875359375 0.6067445484375
18 0.233672440625 0.5448565328125 0.23295359218749997 0.6033434328125 0.2580387234375 0.6082194890625 0.2570495015625 0.5466569406249999 0.233672440625 0.5448565328125
18 0.40637115 0.5695429375 0.37525210000000003 0.5652705609375 0.37812279531250004 0.6278962921875 0.404333490625 0.6317707640625 0.40637115 0.5695429375