13 0.62265625 0.28046875 0.0953125 0.115625
13 0.55625 0.2953125 0.090625 0.109375
14 0.49375 0.31171875 0.0890625 0.103125
14 0.42890625 0.3265625 0.0859375 0.1046875
21 0.35546875 0.3453125 0.0890625 0.1
21 0.2921875 0.35859375 0.0796875 0.096875
20 0.22734375 0.3671875 0.0921875 0.1140625
23 0.64921875 0.3875 0.0828125 0.084375
15 0.58828125 0.40234375 0.0765625 0.0796875
8 0.525 0.4078125 0.0875 0.1
9 0.46171875 0.4234375 0.084375 0.0984375
10 0.4 0.43984375 0.0796875 0.0921875
11 0.3359375 0.45 0.0859375 0.1015625
3 0.2875 0.47265625 0.053125 0.0703125
2 0.24609375 0.48359375 0.059375 0.06875
1 0.40625 0.53203125 0.084375 0.0640625
28 0.47421875 0.51171875 0.0625 0.0671875
29 0.5359375 0.503125 0.084375 0.0625
4 0.5984375 0.48359375 0.0640625 0.0703125
5 0.66015625 0.475 0.0859375 0.0640625
12 0.68984375 0.54765625 0.0640625 0.0703125
43 0.65234375 0.553125 0.0421875 0.0703125
45 0.619876090625 0.5923055109375001 0.64667879375 0.586153459375 0.634338834375 0.5250047171875 0.6093067140625 0.5305171796875 0.619876090625 0.5923055109375001
44 0.5825871625000001 0.53641921875 0.5947447765625 0.59890719375 0.61979710625 0.5928928921875001 0.609644190625 0.5304392671875 0.5825871625000001 0.53641921875
40 0.5558091625 0.542068090625 0.5686691453125 0.6037277343749999 0.5954399421875001 0.5982495343750001 0.582528715625 0.53616605625 0.5558091625 0.542068090625
35 0.478302409375 0.5610408484375 0.49189931875 0.62087244375 0.517997859375 0.6159904609375 0.504647546875 0.55495859375 0.478302409375 0.5610408484375
33 0.4535919328125 0.5661906109375 0.46657719843749995 0.627758928125 0.49311863906250003 0.6220118265625 0.47917370937500003 0.56000704375 0.4535919328125 0.5661906109375
34 0.4168775125 0.573834153125 0.4298375015625 0.6368652015625 0.46830025624999994 0.6282967046875 0.4546457359375 0.565947321875 0.4168775125 0.573834153125
36 0.3740227328125 0.5837279578125 0.3861832015625 0.64486276875 0.42425626875000005 0.6362446578125 0.41249351562500003 0.575678928125 0.3740227328125 0.5837279578125
6 0.70078125 0.61953125 0.0625 0.0671875
16 0.65546875 0.62890625 0.05625 0.0640625
30 0.61171875 0.6390625 0.0609375 0.0703125
26 0.57265625 0.653125 0.046875 0.059375
24 0.53359375 0.65625 0.0625 0.071875
24 0.4875 0.66796875 0.059375 0.071875
24 0.44296875 0.67734375 0.0578125 0.06875
7 0.73359375 0.75390625 0.0890625 0.0640625
7 0.74140625 0.7984375 0.0890625 0.0609375
17 0.65859375 0.77109375 0.0875 0.0625
17 0.665625 0.815625 0.0859375 0.0625
31 0.59140625 0.83359375 0.0859375 0.0625
31 0.584375 0.7890625 0.0875 0.0625
31 0.57265625 0.7421875 0.0921875 0.065625
25 0.4921875 0.759375 0.0890625 0.0671875
25 0.50390625 0.80625 0.0921875 0.06875
25 0.5171875 0.8515625 0.0875 0.0671875
25 0.44296875 0.86640625 0.090625 0.0671875
25 0.428125 0.821875 0.0875 0.0671875
27 0.3359375 0.84609375 0.0890625 0.065625
27 0.36484375 0.88359375 0.0921875 0.071875