13 0.0921875 0.18359375 0.184375 0.2171875
14 0.31796875 0.16953125 0.1375 0.18125
14 0.421875 0.1578125 0.1171875 0.1828125
14 0.5015625 0.15546875 0.090625 0.1609375
19 0.571875 0.15078125 0.096875 0.15625
19 0.63984375 0.14921875 0.090625 0.1421875
22 0.70625 0.140625 0.08125 0.134375
8 0.12109375 0.3875 0.1578125 0.1796875
9 0.22734375 0.3703125 0.1359375 0.1609375
10 0.3328125 0.36015625 0.13125 0.1546875
11 0.4234375 0.33984375 0.1171875 0.1515625
3 0.49296875 0.3421875 0.065625 0.09375
3 0.5390625 0.33359375 0.05625 0.090625
2 0.58671875 0.321875 0.075 0.0953125
5 0.2698278984375 0.5717164171875 0.25009628125 0.494125128125 0.1339129609375 0.5252180171874999 0.15450740937500002 0.6082568109375 0.2698278984375 0.5717164171875
4 0.2561206984375 0.472357271875 0.273788040625 0.5710891921875 0.3500689265625 0.5502819953125 0.3353885515625 0.4516800734375 0.2561206984375 0.472357271875
29 0.42983121406249997 0.44992075 0.3391210046875 0.47951735468749995 0.3512977984375 0.5435833109375 0.44660899687500005 0.5125338453125 0.42983121406249997 0.44992075
28 0.425779246875 0.44142480781250004 0.4468634390625 0.5147406343750001 0.49561418125 0.498301321875 0.476901440625 0.4267283734375 0.425779246875 0.44142480781250004
1 0.5703760859375 0.4017704484375 0.5003485390625 0.4209841234375 0.5087679484375001 0.49122935625 0.5850902421875 0.4704267015625 0.5703760859375 0.4017704484375
0 0.570722321875 0.399684990625 0.5825203265625001 0.4699027734375 0.621399290625 0.459346965625 0.6084546468750001 0.39015523281250003 0.570722321875 0.399684990625
45 0.148543115625 0.63467616875 0.1822404125 0.7278232703125 0.22085469687499998 0.711046703125 0.186667590625 0.6276225359375001 0.148543115625 0.63467616875
44 0.19295410156249998 0.62459625625 0.2248148359375 0.7104194781250001 0.2649029953125 0.6950914312500001 0.23420843750000003 0.6074015484374999 0.19295410156249998 0.62459625625
40 0.23568539843749997 0.60818293125 0.26529820000000004 0.696900428125 0.303016003125 0.682584059375 0.2735286484375 0.59508203125 0.23568539843749997 0.60818293125
41 0.2761687625 0.594663878125 0.30309556875 0.6792379421875 0.3370752 0.6669123578125 0.31211038125 0.5823718343750001 0.2761687625 0.594663878125
33 0.3825167140625 0.5570063359375 0.406097540625 0.63754149375 0.436630290625 0.6257677765625 0.41605359062499997 0.54661811875 0.3825167140625 0.5570063359375
35 0.38341206875 0.558387478125 0.3513521546875 0.5695570765625 0.3745082484375 0.6516824796875 0.406948346875 0.6402393359375 0.38341206875 0.558387478125
36 0.5020664390625 0.5197244078125001 0.45966372343749995 0.5344316015625 0.4812965171875 0.608254184375 0.5243745890625 0.5937563859375 0.5020664390625 0.5197244078125001
23 0.5829586890625 0.5687114515625 0.5683828953125001 0.499098653125 0.5109886968749999 0.5177785171875 0.5258716046874999 0.593119821875 0.5829586890625 0.5687114515625
18 0.6111148671875 0.4864703046875 0.5692402000000001 0.5000283546875 0.5827940593750001 0.5676720171875 0.6259247953125 0.548911334375 0.6111148671875 0.4864703046875
6 0.17097661718749999 0.760452521875 0.20535230312500002 0.8519686312499999 0.2838349890625 0.8136081578125 0.25825760625 0.72425303125 0.17097661718749999 0.760452521875
16 0.2773508265625 0.737211490625 0.28676273124999996 0.8145679484375 0.3501256484375 0.7815379390625 0.3473976046875 0.7042743984375 0.2773508265625 0.737211490625
30 0.374911259375 0.6807376296875 0.40685160781249996 0.7523949125 0.4676133734375 0.7229837671875 0.4423520765625 0.6492787671875 0.374911259375 0.6807376296875
26 0.46679386718749993 0.6422110609375 0.4413782890625 0.6520967375 0.4617764328125 0.7181236281250001 0.48747304687500004 0.7055296531249999 0.46679386718749993 0.6422110609375
24 0.5358486874999999 0.6792214375000001 0.5198193359375 0.618362865625 0.4736722484375 0.636326875 0.49008435156249996 0.7034463375 0.5358486874999999 0.6792214375000001
24 0.5690181187500001 0.5972517671875 0.527884284375 0.6154872499999999 0.54232955 0.679793221875 0.5852144546875 0.658419753125 0.5690181187500001 0.5972517671875
24 0.6174419734375001 0.5757306609375 0.5770007515625 0.5938564328125 0.5957324921875 0.662810996875 0.6337978859375 0.6423362453125 0.6174419734375001 0.5757306609375
7 0.339591796875 0.8387922937500001 0.22494782343750003 0.8905134234375 0.24852815781249998 0.9587000453125001 0.354278571875 0.9019163875 0.339591796875 0.8387922937500001
7 0.311360840625 1 0.3766236375 0.9622907859375 0.36422813593750003 0.9046806625 0.257697296875 0.9583133046875 0.2700204734375 1 0.311360840625 1
17 0.3513347375 0.8950022640625 0.444142909375 0.8488705781249999 0.43492368125 0.7906626625000001 0.3434517734375 0.836921459375 0.3513347375 0.8950022640625
17 0.37730821406250004 0.95588406875 0.4620856046875 0.9083605953125 0.45209138125 0.8497426609375 0.36057523593749996 0.9013185546875 0.37730821406250004 0.95588406875
31 0.44871042968749997 0.8508109171875 0.46427999218749993 0.9042837921875 0.545148375 0.8589776718750001 0.534427375 0.8047368625000001 0.44871042968749997 0.8508109171875
25 0.6121616890625 0.762058153125 0.5336182859374999 0.8085942812500001 0.5440923421875 0.8612759531249999 0.6156609953125 0.8110497562500001 0.6121616890625 0.762058153125
25 0.6767837015625 0.726250984375 0.6082526859375 0.7642755296875 0.6180341281249999 0.8170669 0.6818329953125 0.7760626046875 0.6767837015625 0.726250984375
18 0.6953400890625 0.6882642 0.651972284375 0.71632771875 0.7172317859375 0.749781875 0.77584164375 0.71627313125 0.6953400890625 0.6882642