11 0.73203125 0.14296875 0.1390625 0.1796875
10 0.61640625 0.140625 0.1140625 0.159375
9 0.5078125 0.13125 0.1109375 0.165625
8 0.39453125 0.12265625 0.121875 0.1671875
20 0.278125 0.10703125 0.1171875 0.175
19 0.16015625 0.1 0.1203125 0.171875
13 0.17421875 0.3 0.109375 0.1375
13 0.2734375 0.30234375 0.10625 0.1453125
13 0.37265625 0.315625 0.1078125 0.1359375
14 0.48046875 0.3203125 0.109375 0.1421875
14 0.58515625 0.3265625 0.109375 0.14375
14 0.68125 0.33203125 0.1046875 0.1421875
3 0.80234375 0.30546875 0.0859375 0.0984375
2 0.87265625 0.309375 0.0859375 0.10625
5 0.20625 0.446875 0.128125 0.08125
4 0.3046875 0.44453125 0.078125 0.096875
29 0.39765625 0.4609375 0.115625 0.078125
28 0.49140625 0.459375 0.075 0.0875
1 0.58125 0.471875 0.11875 0.078125
0 0.678125 0.471875 0.078125 0.08125
23 0.58046875 0.57578125 0.0890625 0.0984375
15 0.66328125 0.578125 0.084375 0.1015625
36 0.503125 0.571875 0.05625 0.0890625
24 0.64921875 0.6875 0.075 0.08125
24 0.578125 0.68125 0.071875 0.0828125
24 0.51328125 0.675 0.0703125 0.0828125
30 0.4 0.67109375 0.0703125 0.08125
26 0.45703125 0.6765625 0.0484375 0.071875
12 0.3296875 0.6703125 0.0703125 0.0765625
16 0.2625 0.6640625 0.0703125 0.08125
6 0.18984375 0.659375 0.075 0.0828125
27 0.8125 0.896875 0.1109375 0.0609375
27 0.82578125 0.84296875 0.1140625 0.065625
25 0.7171875 0.83984375 0.1109375 0.06875
25 0.70859375 0.89453125 0.1046875 0.0578125
25 0.60625 0.8859375 0.10625 0.065625
25 0.60859375 0.83046875 0.10625 0.0640625
25 0.5015625 0.87890625 0.1078125 0.0671875
25 0.503125 0.821875 0.109375 0.0671875
31 0.39609375 0.88125 0.109375 0.0671875
31 0.39765625 0.82265625 0.1078125 0.06875
17 0.29140625 0.87109375 0.1046875 0.065625
17 0.28984375 0.81328125 0.1109375 0.071875
7 0.18671875 0.86953125 0.109375 0.0671875
7 0.178125 0.8109375 0.115625 0.0671875
33 0.40078125 0.56640625 0.0421875 0.0875
35 0.3625 0.56484375 0.0421875 0.0875
37 0.3389788625 0.6056074796875001 0.3441235671875 0.5220085046875 0.3062041984375 0.5193569234375001 0.3042501140625 0.6036009124999999 0.3389788625 0.6056074796875001
39 0.3013637 0.6046647843749999 0.3049375484375 0.51926835 0.2675871359375 0.51665655625 0.2649853078125 0.602120959375 0.3013637 0.6046647843749999
38 0.26333566249999996 0.6015837 0.2674602921875 0.5162257828125 0.229529740625 0.5139953234375 0.2275169375 0.5990790109375 0.26333566249999996 0.6015837
41 0.22407085625 0.600103746875 0.227626396875 0.514706034375 0.192002653125 0.5117930765625001 0.1876924640625 0.5975599218750001 0.22407085625 0.600103746875
42 0.18539507500000002 0.5982430796875 0.1856413796875 0.51177015625 0.15005694375 0.50843804375 0.1485157328125 0.59482041875 0.18539507500000002 0.5982430796875
18 0.44921875 0.56328125 0.0609375 0.078125