20 0.53984375 0.3890625 0.075 0.0765625
19 0.6109375 0.396875 0.08125 0.0828125
19 0.67734375 0.40234375 0.0734375 0.0734375
14 0.7484375 0.4109375 0.0734375 0.0765625
14 0.8140625 0.41796875 0.06875 0.0703125
13 0.88203125 0.42109375 0.078125 0.0765625
13 0.953125 0.42578125 0.078125 0.075
23 0.94765625 0.509375 0.0734375 0.0609375
18 0.8828125 0.50078125 0.0546875 0.0625
8 0.8265625 0.49296875 0.090625 0.075
9 0.75625 0.4921875 0.071875 0.06875
10 0.69140625 0.4859375 0.071875 0.06875
11 0.62578125 0.478125 0.071875 0.0734375
3 0.56796875 0.48359375 0.05625 0.053125
3 0.51796875 0.4796875 0.053125 0.05625
1 0.64765625 0.54453125 0.08125 0.04375
28 0.7265625 0.55078125 0.0546875 0.04375
29 0.78828125 0.5546875 0.0765625 0.040625
4 0.85625 0.559375 0.05625 0.0421875
5 0.9171875 0.5640625 0.075 0.040625
18 0.63203125 0.6625 0.05625 0.053125
24 0.68671875 0.6671875 0.053125 0.046875
24 0.7359375 0.67109375 0.0546875 0.0515625
26 0.77890625 0.6765625 0.0390625 0.04375
30 0.82265625 0.67578125 0.0515625 0.046875
16 0.8671875 0.678125 0.046875 0.046875
6 0.9171875 0.6828125 0.0578125 0.0484375
27 0.5109375 0.765625 0.0859375 0.04375
27 0.51015625 0.80234375 0.08125 0.0421875
25 0.59296875 0.76953125 0.0828125 0.04375
25 0.590625 0.80625 0.0828125 0.04375
25 0.6703125 0.775 0.08125 0.04375
25 0.66875 0.8109375 0.0796875 0.0390625
31 0.753125 0.740625 0.084375 0.04375
31 0.75 0.7796875 0.0828125 0.04375
31 0.746875 0.815625 0.084375 0.040625
7 0.903125 0.82109375 0.0828125 0.0421875
18 0.903125 0.7609375 0.078125 0.0921875
17 0.82734375 0.78125 0.0828125 0.0421875
17 0.82421875 0.81640625 0.0796875 0.0421875
18 0.92421875 0.621875 0.04375 0.0546875
36 0.63046875 0.6046875 0.040625 0.0515625
34 0.671875 0.60703125 0.040625 0.0515625
33 0.703125 0.60859375 0.0296875 0.05
35 0.73046875 0.6109375 0.0296875 0.05
37 0.7578125 0.61171875 0.028125 0.05
39 0.78359375 0.6140625 0.0296875 0.0515625
38 0.81015625 0.615625 0.0296875 0.0515625
41 0.83671875 0.61640625 0.028125 0.0515625
42 0.86171875 0.61953125 0.03125 0.05
40 0.88984375 0.621875 0.0328125 0.05