21 0.4265625 0.265625 0.1296875 0.1296875
14 0.31953125 0.26171875 0.1078125 0.1171875
13 0.215625 0.25234375 0.1265625 0.125
9 0.0984375 0.2390625 0.134375 0.1359375
7 0.40703125 0.5125 0.134375 0.065625
29 0.26875 0.5046875 0.1375 0.065625
5 0.1328125 0.49765625 0.140625 0.0671875
31 0.40859375 0.63984375 0.128125 0.0640625
24 0.30859375 0.62421875 0.084375 0.078125
23 0.2171875 0.61796875 0.103125 0.084375
15 0.1078125 0.61484375 0.1203125 0.084375
27 0.39765625 0.790625 0.1296875 0.0609375
25 0.1265625 0.77578125 0.1328125 0.0609375
39 0.4578125 0.3984375 0.0453125 0.08125
38 0.43299153281249997 0.43655236249999996 0.43161157031249997 0.35571891718750004 0.3897560578125 0.3531867109375 0.39012756249999997 0.433555021875 0.43299153281249997 0.43655236249999996
40 0.38662844375 0.43331033906250005 0.3807021984375 0.3546355796875 0.33926809062499996 0.3521314125 0.3463887609375 0.43049650625 0.38662844375 0.43331033906250005
41 0.3429241125 0.4297588859375 0.336963396875 0.3515770640625 0.295558340625 0.34845613750000004 0.299991140625 0.42774734218750005 0.3429241125 0.4297588859375
42 0.2956517234375 0.426948628125 0.295043121875 0.3476550734375 0.2540362328125 0.3449338375 0.25366245 0.4240124515625 0.2956517234375 0.426948628125
35 0.24841380625 0.42364543125000004 0.24948579531249998 0.345460034375 0.20809578125 0.34172136875 0.2072993609375 0.420770428125 0.24841380625 0.42364543125000004
33 0.20292547968750002 0.4204645765625 0.20056728750000002 0.34104867968749997 0.157823109375 0.3375871703125 0.1617420359375 0.41857535312499994 0.20292547968750002 0.4204645765625
37 0.1564933921875 0.41820833281249997 0.15238566874999998 0.3386701328125 0.10956584218750001 0.3360690671875 0.11194876093749999 0.414102865625 0.1564933921875 0.41820833281249997
32 0.10760935 0.413304075 0.1016486359375 0.335122253125 0.0592501109375 0.3325506484375 0.0629957875 0.410184390625 0.10760935 0.413304075