11 0.29375 0.12734375 0.128125 0.171875
10 0.40859375 0.13359375 0.103125 0.153125
9 0.51796875 0.13125 0.1 0.159375
8 0.63125 0.13125 0.1109375 0.159375
20 0.7484375 0.1234375 0.10625 0.16875
19 0.8671875 0.125 0.109375 0.165625
13 0.8390625 0.3234375 0.1 0.13125
13 0.73984375 0.31875 0.096875 0.1390625
13 0.63984375 0.325 0.0984375 0.1296875
14 0.53203125 0.321875 0.1 0.134375
14 0.42734375 0.32109375 0.1 0.1375
14 0.33125 0.31953125 0.096875 0.1359375
3 0.21171875 0.28515625 0.078125 0.09375
2 0.14140625 0.28359375 0.078125 0.1
5 0.796875 0.4671875 0.1234375 0.0734375
4 0.6984375 0.45859375 0.071875 0.090625
29 0.6046875 0.46796875 0.1125 0.0703125
28 0.51171875 0.46015625 0.06875 0.084375
1 0.42109375 0.46640625 0.115625 0.0703125
0 0.32421875 0.459375 0.071875 0.0765625
23 0.4140625 0.5703125 0.0828125 0.09375
15 0.33203125 0.56640625 0.078125 0.096875
36 0.4921875 0.571875 0.05 0.084375
24 0.33828125 0.6765625 0.06875 0.078125
24 0.409375 0.675 0.065625 0.078125
24 0.47421875 0.6734375 0.065625 0.078125
30 0.5875 0.67734375 0.065625 0.078125
26 0.53046875 0.67890625 0.04375 0.06875
12 0.6578125 0.68203125 0.065625 0.071875
16 0.72578125 0.68046875 0.065625 0.078125
6 0.7984375 0.68046875 0.0703125 0.078125
27 0.1609375 0.87421875 0.10625 0.053125
27 0.15078125 0.81953125 0.109375 0.0578125
25 0.259375 0.82421875 0.10625 0.0609375
25 0.2640625 0.87890625 0.1015625 0.05
25 0.3671875 0.87734375 0.103125 0.059375
25 0.36875 0.821875 0.103125 0.05625
25 0.471875 0.878125 0.103125 0.059375
25 0.47421875 0.82109375 0.1046875 0.059375
31 0.57734375 0.8875 0.1046875 0.059375
31 0.5796875 0.82890625 0.103125 0.0625
17 0.68203125 0.884375 0.1015625 0.059375
17 0.6875 0.82734375 0.10625 0.0640625
7 0.78671875 0.890625 0.10625 0.059375
7 0.79921875 0.8328125 0.1125 0.059375
33 0.59453125 0.5734375 0.0359375 0.0859375
35 0.6328125 0.57421875 0.0359375 0.0859375
37 0.6880462140625 0.6170033671875 0.6919734546874999 0.5328282828125 0.653961490625 0.5328282828125 0.6532620921875 0.6165824921875 0.6880462140625 0.6170033671875
39 0.7273186109374999 0.61826599375 0.730684815625 0.5328282828125 0.6932431968749999 0.5328282828125 0.6908513859375 0.61826599375 0.7273186109374999 0.61826599375
38 0.7649079046875 0.6178451171875 0.76883514375 0.5328282828125 0.7308414 0.5324074078125001 0.7290017140625 0.6178451171875 0.7649079046875 0.6178451171875
41 0.804741334375 0.61910774375 0.8064244374999999 0.5332491578125 0.7706842734375 0.5336700328124999 0.768274109375 0.61910774375 0.804741334375 0.61910774375
42 0.8440137312499999 0.61910774375 0.8485020046875 0.5328282828125 0.8127718140625 0.5336700328124999 0.8069854718749999 0.6199494953125 0.8440137312499999 0.61910774375
18 0.54609375 0.56640625 0.05625 0.075