11 0.8906820078125 0.0307620625 0.762611959375 0.0359539609375 0.749162953125 0.2105421375 0.8744130953125 0.20185751875000002 0.8906820078125 0.0307620625
8 0.7619722 0.0348583234375 0.6304298937499999 0.04712238125 0.637887590625 0.2163738328125 0.7489967109375 0.20737006562500002 0.7619722 0.0348583234375
10 0.6307783046875 0.05895327031249999 0.529402128125 0.0598388796875 0.532578825 0.228254440625 0.6338281375 0.21976736406250003 0.6307783046875 0.05895327031249999
9 0.5303869765625 0.06421455625 0.4241487765625 0.0727768125 0.431107746875 0.23251202656249997 0.5395661609375 0.2268279609375 0.5303869765625 0.06421455625
9 0.4270269640625 0.080227959375 0.3277346 0.09267338281250001 0.33701200937500003 0.242744696875 0.43121857500000005 0.234626753125 0.4270269640625 0.080227959375
19 0.33064272968749997 0.094551209375 0.2422010765625 0.10457784218749999 0.24529001875 0.24437085625 0.3353263046875 0.23753171874999998 0.33064272968749997 0.094551209375
20 0.2372964046875 0.0994432828125 0.1476618140625 0.1063516515625 0.15790455 0.24789028750000003 0.2438813828125 0.2444446796875 0.2372964046875 0.0994432828125
20 0.15127199687499998 0.109249896875 0.0691710421875 0.11788701718750001 0.07897024999999999 0.2509667703125 0.159312971875 0.24781647499999998 0.15127199687499998 0.109249896875
14 0.6336328250000001 0.24821669375000002 0.53238929375 0.2515901578125 0.54252109375 0.3910140703125 0.639766478125 0.38697794375 0.6336328250000001 0.24821669375000002
14 0.5348642921875 0.2507438 0.43936960156250005 0.2554048640625 0.4508545171875 0.393697575 0.5466912640625 0.38973527343750003 0.5348642921875 0.2507438
14 0.44158719687500003 0.2569568140625 0.34798009531249996 0.26337516875 0.356426296875 0.3975861 0.4508545171875 0.393697575 0.44158719687500003 0.2569568140625
14 0.3483101015625 0.26316982499999997 0.2550711265625 0.2693046109375 0.27484118281250003 0.40398233125000005 0.3550176609375 0.3976599234375 0.3483101015625 0.26316982499999997
14 0.25510223125000003 0.2707037765625 0.172022175 0.2747172703125 0.1883654078125 0.3979116921875 0.271636228125 0.39672843750000003 0.25510223125000003 0.2707037765625
13 0.17204650625 0.269758275 0.09985355781250001 0.27213789843749997 0.11782708125000001 0.39948791250000004 0.1883654078125 0.3979116921875 0.17204650625 0.269758275
3 0.7516061015625 0.2751481421875 0.663970859375 0.2828637984375 0.66658425625 0.38663273125000003 0.7581400046875 0.3818344984375 0.7516061015625 0.2751481421875
2 0.855519934375 0.2697022484375 0.7581220078124999 0.27368847343749997 0.7652381687500001 0.382522746875 0.8625389671875 0.3795439640625 0.855519934375 0.2697022484375
5 0.21077966875 0.43594831406249995 0.11678327031249999 0.4334710828125 0.134359846875 0.4993466578125 0.22343101875000002 0.5010401250000001 0.21077966875 0.43594831406249995
4 0.27708417343749997 0.42055234375 0.20507865 0.4203616109375 0.21920532499999998 0.501261584375 0.28270090468750003 0.500054459375 0.27708417343749997 0.42055234375
29 0.3819671890625 0.4335995890625 0.27932065625 0.4355555015625 0.285684203125 0.5030788953124999 0.3914916953125 0.500714584375 0.3819671890625 0.4335995890625
28 0.4536246765625 0.4192476453125 0.381646121875 0.42065045625 0.38878546406250003 0.502976909375 0.46214095625 0.5012530468749999 0.4536246765625 0.4192476453125
1 0.56541424375 0.429283803125 0.45284941874999995 0.431762565625 0.45937920625000006 0.5024580734375 0.5681146890625 0.502060809375 0.56541424375 0.429283803125
0 0.6459472140625 0.4157912828125 0.56514551875 0.4184555203125 0.56963404375 0.504101678125 0.6543132859375 0.5028446546875001 0.6459472140625 0.4157912828125
15 0.655342025 0.5232149749999999 0.5656200625000001 0.52328461875 0.566180978125 0.619739284375 0.653550059375 0.6232570078124999 0.655342025 0.5232149749999999
23 0.566534790625 0.522811728125 0.4820479046875 0.523616165625 0.48788111718750005 0.6177703718750001 0.5661104515625001 0.6183935468749999 0.566534790625 0.522811728125
24 0.6603887640625 0.6409573281250001 0.5888923453125 0.6414892812499999 0.59366765625 0.7154575203125 0.667662015625 0.7210256421875 0.6603887640625 0.6409573281250001
24 0.5916677578125 0.6378155953125 0.5196265125 0.6403963484374999 0.5276346000000001 0.707448028125 0.5979730890625 0.7118583140625 0.5916677578125 0.6378155953125
24 0.5151892828125 0.636766225 0.44577320625 0.6375196984375 0.458756734375 0.7137566796875 0.52332916875 0.711047234375 0.5151892828125 0.636766225
26 0.4533252140625 0.6357938546875 0.4106744203125 0.6366603109375 0.4159935703125 0.7038529109375 0.4574019734375 0.7050563578125 0.4533252140625 0.6357938546875
16 0.3448036375 0.6237802015625 0.290366815625 0.622049225 0.29589740937500003 0.6932790421874999 0.356340728125 0.6975331828125 0.3448036375 0.6237802015625
12 0.2806979765625 0.6229253078125 0.2184825 0.622442953125 0.2286006328125 0.6954564859375 0.29066030625 0.6962523468749999 0.2806979765625 0.6229253078125
6 0.2165923171875 0.6220704125000001 0.15731909375 0.6216001203125 0.167260909375 0.6912493234375 0.2266316421875 0.69218610625 0.2165923171875 0.6220704125000001
27 0.8530009859375 0.9064932156250001 0.74054323125 0.8940073312499999 0.7379156890624999 0.9467726937500001 0.8508410234375001 0.9577223703125 0.8530009859375 0.9064932156250001
27 0.8471910312500001 0.8385223140625 0.7424303125 0.8271117953125 0.7369021109375 0.8759808796874999 0.851796434375 0.8902009328125 0.8471910312500001 0.8385223140625
27 0.6293548640625 0.86474935 0.733467109375 0.8773556671874999 0.73967070625 0.8259069875 0.6411574875 0.8155514390624999 0.6293548640625 0.86474935
27 0.7330071203124999 0.8900233656250001 0.6292695859374999 0.8802722546874999 0.6311590578125 0.9334755953125 0.7368783 0.944128221875 0.7330071203124999 0.8900233656250001
25 0.62784793125 0.8778334984375 0.523444484375 0.8676010390625001 0.52798776875 0.9199905953125 0.6311590578125 0.9334755953125 0.62784793125 0.8778334984375
25 0.6315524453125 0.7984061890625 0.5376335640625001 0.79533775625 0.5292400390625 0.8409834625 0.6319529015625001 0.845721215625 0.6315524453125 0.7984061890625
25 0.5159639625 0.8659960625 0.42324438124999997 0.8593580296875001 0.42861347656250004 0.9103548765625 0.5271972234375 0.9220561625 0.5159639625 0.8659960625
25 0.6362948 0.7602268796875 0.5489277484375 0.75358833125 0.5374572468750001 0.7919734296875001 0.6346862328125 0.7949744421875 0.6362948 0.7602268796875
25 0.5460143390625001 0.7531575953125 0.461452875 0.7480519890624999 0.4472933671875 0.7865780250000001 0.537386721875 0.7906277187499999 0.5460143390625001 0.7531575953125
25 0.5342193796875 0.806878821875 0.44161828437499995 0.7983455671875 0.4232944640625 0.8431622671874999 0.5189775546875001 0.8509672984375 0.5342193796875 0.806878821875
31 0.41451959374999997 0.8603547593749999 0.3258390765625 0.8529926890624999 0.32923918125 0.9007191562499999 0.4242022515625 0.9119354906250001 0.41451959374999997 0.8603547593749999
31 0.43756657031249996 0.80688674375 0.35518086875 0.7954537078125 0.322338940625 0.8376577140625001 0.41357561406250004 0.8463704765625 0.43756657031249996 0.80688674375
17 0.3523614453125 0.7894365999999999 0.274488790625 0.78214005625 0.2379558640625 0.8225133375 0.322056834375 0.8322747953125 0.3523614453125 0.7894365999999999
17 0.3215570015625 0.8449969765625 0.24235226718749997 0.8378013421875 0.2522031109375 0.8885633328125 0.33161088906249997 0.894522453125 0.3215570015625 0.8449969765625
7 0.23580377968750002 0.838533334375 0.1591828265625 0.8286657921874999 0.16817252968750002 0.8801476203125 0.2494082453125 0.8866856703125 0.23580377968750002 0.838533334375
7 0.3052828484375 0.748915678125 0.230138775 0.7419573749999999 0.19418474531250002 0.7762279078125001 0.2755262484375 0.7847845375 0.3052828484375 0.748915678125
7 0.2711354640625 0.7835786015624999 0.19239207187500001 0.776321859375 0.1539252828125 0.8140976484375001 0.2352667859375 0.8226542671875 0.2711354640625 0.7835786015624999
36 0.4822709703125 0.531619346875 0.434300634375 0.530082946875 0.43610254218750005 0.611628871875 0.48512215000000003 0.613141875 0.4822709703125 0.531619346875
34 0.427214153125 0.5307959656250001 0.3813758984375 0.5295167828125 0.3871217609375 0.6108560078124999 0.4321198359375 0.6110954078125 0.427214153125 0.5307959656250001
33 0.3795303625 0.5291225828125 0.345232271875 0.5284422531249999 0.3519059203125 0.6086195796875 0.3831390171875 0.610322546875 0.3795303625 0.5291225828125
35 0.34422379062499997 0.527727734375 0.31257840625 0.5279270125 0.31726068281250003 0.607837609375 0.34993398125 0.608722925 0.34422379062499997 0.527727734375
37 0.31140719843750003 0.5266659890625001 0.278445584375 0.5274892828125 0.2845680265625 0.606582221875 0.3152111625 0.6064606453125 0.31140719843750003 0.5266659890625001
39 0.2743482328125 0.5272173718750001 0.24385853124999998 0.52781754375 0.2533931140625 0.605989465625 0.28305024218749997 0.605919578125 0.2743482328125 0.5272173718750001
38 0.24214807968750002 0.5261233203125 0.209193896875 0.526665503125 0.2206811015625 0.6043640046875 0.2518559359375 0.6049567515625001 0.24214807968750002 0.5261233203125
39 0.20703534218750003 0.5284271 0.1755928140625 0.526942084375 0.1895255859375 0.6041413343750001 0.2202074734375 0.6047599156250001 0.20703534218750003 0.5284271
42 0.1740976046875 0.5250537109375 0.14534568750000001 0.5251874375 0.1568522875 0.60325601875 0.18800780156250002 0.603478690625 0.1740976046875 0.5250537109375