11 0.4317825828125 0.25576075625 0.3936234328125 0.127953065625 0.325392321875 0.130686 0.36441858125 0.256762434375 0.4317825828125 0.25576075625
10 0.520656940625 0.2578462953125 0.5105551125 0.129411090625 0.43307687812499995 0.126728303125 0.44634948281250003 0.2549973359375 0.520656940625 0.2578462953125
9 0.5827266671875 0.26302241875 0.5719448453125 0.143051909375 0.513578546875 0.1402104171875 0.525315278125 0.2609737859375 0.5827266671875 0.26302241875
8 0.631085703125 0.2638596546875 0.6216887343749999 0.1488740046875 0.57372966875 0.1513874328125 0.5803974984375 0.2614586734375 0.631085703125 0.2638596546875
20 0.6838828078125 0.2636213921875 0.6803336328125 0.17445935937499998 0.622389053125 0.1791819171875 0.62992111875 0.26307778125 0.6838828078125 0.2636213921875
19 0.7221570671875 0.26498714687499997 0.71680736875 0.1843485359375 0.6766278140625 0.18476844375 0.6817298546874999 0.26542003593749997 0.7221570671875 0.26498714687499997
19 0.7581462109375 0.2656297546875 0.7509519359375 0.19267396718750002 0.7152194828125 0.19201790624999998 0.724398128125 0.26486969843749997 0.7581462109375 0.2656297546875
13 0.778219840625 0.3699409921875 0.765882634375 0.28461114374999996 0.719977296875 0.282802409375 0.7356837281249999 0.373013121875 0.778219840625 0.3699409921875
13 0.817438415625 0.36788563281250003 0.8119125 0.283884634375 0.7694685515625 0.2835803078125 0.7782638937499999 0.3707815890625 0.817438415625 0.36788563281250003
14 0.64828233125 0.37759363437500004 0.64952365625 0.2940808828125 0.6025580046875 0.29401353124999996 0.6057902734375 0.3815063609375 0.64828233125 0.37759363437500004
14 0.604801903125 0.38408687656249996 0.5966384437500001 0.29263795 0.536431021875 0.2974791 0.5410638140625 0.38995596718750003 0.604801903125 0.38408687656249996
1 0.6204434296875 0.4705079109375 0.614083434375 0.41653399375 0.5591372296875 0.4260364375 0.5609212109375 0.480250171875 0.6204434296875 0.4705079109375
28 0.6747523734375 0.462363434375 0.666562315625 0.40716085937499996 0.62361125625 0.4094118296875 0.6327000375 0.4685410046875 0.6747523734375 0.462363434375
4 0.75980668125 0.45128309375000003 0.7533774625 0.3959882375 0.7254523140625 0.3981140171875 0.733567240625 0.4559696625 0.75980668125 0.45128309375000003
5 0.8115782171875001 0.44525844687499994 0.8109853156250001 0.40025425468750003 0.762042559375 0.40546836875 0.7669192453125 0.4522349078125 0.8115782171875001 0.44525844687499994
23 0.6310941640625 0.5667258765625001 0.6250274796874999 0.49518608124999997 0.5729809609375 0.5013907109375 0.579994596875 0.57925535625 0.6310941640625 0.5667258765625001
24 0.5793873921875 0.6708478453125 0.5706026921875 0.6064044671875 0.5098538984375 0.6090086796875 0.52206433125 0.6825444859375 0.5793873921875 0.6708478453125
12 0.7589522609375 0.6185544046875 0.7468911890625 0.5652931953125 0.71120554375 0.573537878125 0.722368478125 0.6280051515625 0.7589522609375 0.6185544046875
16 0.7886633328125 0.6106228359375 0.7786407750000001 0.5520393125 0.7461055609375 0.5612778828125 0.760583853125 0.620207390625 0.7886633328125 0.6106228359375
6 0.82124385625 0.598484403125 0.812883175 0.5421317734375 0.7765337296875 0.5521497390625 0.788572471875 0.6088891046875 0.82124385625 0.598484403125
27 0.5296702796874999 0.8571542375 0.522850328125 0.8007208640625001 0.4457281609375 0.830260571875 0.45722960312499994 0.8899255875 0.5296702796874999 0.8571542375
27 0.552412409375 0.9226046296874999 0.544852378125 0.8667895390625 0.4650158484375 0.9034254765625 0.4733716046875 0.962096353125 0.552412409375 0.9226046296874999
25 0.6202230796875 0.8309671453125 0.615714221875 0.77441265 0.5502331203125 0.804501271875 0.5540361828125 0.865149240625 0.6202230796875 0.8309671453125
25 0.6214081796875 0.8830598453125 0.616552978125 0.8346364734374999 0.5494696578125 0.8636500687499999 0.5530919109375 0.9208305250000001 0.6214081796875 0.8830598453125
25 0.6838644 0.8513912578125 0.6783296921875 0.804741990625 0.614252678125 0.8318595375 0.6200188859375 0.8860301453125 0.6838644 0.8513912578125
31 0.7785074109375001 0.8000713968750001 0.7761753109375 0.75557228125 0.7273815515625001 0.7789913765625001 0.728844525 0.8252745359375 0.7785074109375001 0.8000713968750001
31 0.7777160421875 0.755491534375 0.776894384375 0.7103337609375 0.7246860078124999 0.72755733125 0.7270707796875 0.7766896703125 0.7777160421875 0.755491534375
17 0.8213884515625001 0.77812116875 0.8190563515625 0.7336220515625 0.77628594375 0.7538279875 0.7762266046875 0.8007704265625 0.8213884515625001 0.77812116875
17 0.8199175765625 0.7353154109375 0.820485215625 0.6871873359375 0.7754040796874999 0.7075143734375 0.77608445 0.753838546875 0.8199175765625 0.7353154109375
7 0.8680607390624999 0.754813253125 0.8651702859375 0.714399884375 0.8200388015625 0.7335705640625 0.8229291812499999 0.7780404234375 0.8680607390624999 0.754813253125
7 0.8651399984375001 0.7138219734375 0.8659802187500001 0.6708950953125 0.8183561015624999 0.686719421875 0.822787028125 0.73110854375 0.8651399984375001 0.7138219734375
36 0.66709950625 0.5600097671875 0.658349490625 0.49131492187500003 0.630473346875 0.4993434921875 0.6396086671875 0.566086484375 0.66709950625 0.5600097671875
33 0.7160192234375 0.5501056875 0.7074105453125 0.4841077578125 0.691733509375 0.48879267656250003 0.6971986109375 0.554569021875 0.7160192234375 0.5501056875
39 0.7662777546874999 0.536268125 0.771939471875 0.477248953125 0.754716490625 0.481628559375 0.7499442609375 0.5390557859375 0.7662777546874999 0.536268125
41 0.79845135625 0.5311049890625 0.7917266625 0.47157596718750006 0.77746946875 0.47348215156249995 0.783698975 0.534582453125 0.79845135625 0.5311049890625
2 0.4031292875 0.3953585125 0.378265278125 0.3139865484375 0.32629391406249997 0.3236642265625 0.3521754578125 0.405755528125 0.4031292875 0.3953585125