11 0.93984375 0.32578125 0.1203125 0.1390625
10 0.85390625 0.30625 0.1078125 0.134375
9 0.7734375 0.29453125 0.1046875 0.13125
8 0.68984375 0.27734375 0.1109375 0.1359375
21 0.3859375 0.2109375 0.1125 0.1359375
21 0.4734375 0.23359375 0.1046875 0.1296875
18 0.5765625 0.25078125 0.1578125 0.14375
2 0.8984375 0.453125 0.08125 0.090625
14 0.7078125 0.4078125 0.1015625 0.1109375
14 0.63046875 0.38984375 0.0921875 0.1078125
14 0.5546875 0.375 0.09375 0.1078125
13 0.47578125 0.35390625 0.09375 0.109375
13 0.4015625 0.3390625 0.09375 0.1109375
13 0.32734375 0.321875 0.0953125 0.1125
18 0.803125 0.42734375 0.1375 0.1203125
5 0.325 0.446875 0.1046875 0.0765625
4 0.40234375 0.45703125 0.0734375 0.0875
29 0.47265625 0.48359375 0.103125 0.078125
28 0.5484375 0.49375 0.0734375 0.0828125
1 0.6234375 0.51484375 0.10625 0.0796875
0 0.7046875 0.53046875 0.0796875 0.084375
15 0.68828125 0.62265625 0.0890625 0.096875
23 0.61640625 0.6046875 0.0875 0.096875
24 0.67734375 0.7234375 0.0734375 0.0828125
24 0.6203125 0.71171875 0.0734375 0.0796875
24 0.56171875 0.696875 0.0734375 0.08125
26 0.51484375 0.68828125 0.0515625 0.0671875
30 0.46640625 0.6734375 0.071875 0.0796875
12 0.409375 0.65546875 0.071875 0.0796875
16 0.34921875 0.63984375 0.0734375 0.078125
6 0.28828125 0.62578125 0.0703125 0.0765625
27 0.79453125 0.93359375 0.1125 0.0734375
27 0.77890625 0.97421875 0.1109375 0.0515625
25 0.69609375 0.90390625 0.1078125 0.0765625
25 0.68203125 0.95703125 0.103125 0.0703125
25 0.6015625 0.88125 0.10625 0.0765625
25 0.590625 0.9359375 0.103125 0.0734375
25 0.61171875 0.82421875 0.1078125 0.078125
25 0.51796875 0.79765625 0.103125 0.075
25 0.5078125 0.85546875 0.103125 0.06875
25 0.496875 0.90703125 0.103125 0.075
31 0.39765625 0.878125 0.0984375 0.071875
31 0.421875 0.77265625 0.1 0.0734375
31 0.409375 0.82578125 0.0984375 0.06875
7 0.2484375 0.72421875 0.1 0.075
7 0.23671875 0.77890625 0.0953125 0.0671875
7 0.22578125 0.8296875 0.096875 0.071875
17 0.33671875 0.7453125 0.096875 0.0734375
17 0.32265625 0.8 0.096875 0.075
17 0.3109375 0.853125 0.0953125 0.071875
36 0.55625 0.5953125 0.0578125 0.0796875
34 0.51171875 0.584375 0.0578125 0.08125
42 0.28671875 0.5328125 0.04375 0.078125
41 0.3171875 0.53984375 0.04375 0.0765625
38 0.34765625 0.546875 0.0453125 0.078125
39 0.378125 0.553125 0.046875 0.0796875
37 0.409375 0.5609375 0.0484375 0.0796875
35 0.44140625 0.56875 0.0453125 0.0796875
33 0.4734375 0.57578125 0.0484375 0.0796875