11 0.1515625 0.246875 0.13125 0.153125
10 0.24453125 0.23671875 0.1 0.134375
9 0.32265625 0.2171875 0.1109375 0.1484375
8 0.41171875 0.20234375 0.109375 0.1453125
22 0.49375 0.190625 0.10625 0.134375
22 0.5828125 0.16953125 0.1125 0.1421875
21 0.66953125 0.16015625 0.1015625 0.128125
21 0.759375 0.1375 0.115625 0.1359375
13 0.76875 0.28125 0.103125 0.1296875
13 0.68515625 0.296875 0.1015625 0.1328125
13 0.60546875 0.3140625 0.1 0.1296875
14 0.52734375 0.3296875 0.103125 0.1296875
14 0.45 0.34296875 0.0984375 0.128125
14 0.3671875 0.359375 0.109375 0.1296875
3 0.29453125 0.384375 0.075 0.090625
3 0.23203125 0.39921875 0.071875 0.0859375
2 0.17421875 0.40546875 0.0703125 0.096875
0 0.38125 0.490625 0.075 0.0875
1 0.4625 0.48359375 0.10625 0.078125
28 0.53984375 0.46484375 0.071875 0.0796875
29 0.6171875 0.453125 0.10625 0.078125
4 0.70390625 0.4296875 0.075 0.084375
5 0.784375 0.42109375 0.109375 0.0796875
15 0.41640625 0.58203125 0.0859375 0.090625
23 0.48828125 0.56875 0.0828125 0.0921875
24 0.41640625 0.6796875 0.071875 0.08125
24 0.4765625 0.6703125 0.071875 0.0796875
24 0.53515625 0.66015625 0.065625 0.0765625
26 0.5828125 0.65703125 0.0484375 0.065625
30 0.63125 0.64296875 0.0671875 0.0796875
12 0.69375 0.6359375 0.075 0.08125
16 0.75390625 0.62265625 0.0703125 0.08125
6 0.8140625 0.6078125 0.0734375 0.0859375
27 0.30390625 0.92890625 0.1046875 0.0671875
27 0.2890625 0.87578125 0.10625 0.0703125
25 0.4078125 0.90625 0.1015625 0.06875
25 0.38359375 0.85625 0.1046875 0.0734375
25 0.4984375 0.89140625 0.1 0.0703125
25 0.48359375 0.8375 0.0984375 0.06875
25 0.46875 0.784375 0.103125 0.071875
25 0.58984375 0.87421875 0.1 0.0703125
25 0.57578125 0.82109375 0.1015625 0.0703125
25 0.56015625 0.7640625 0.103125 0.071875
31 0.68359375 0.8578125 0.1 0.06875
31 0.6765625 0.80625 0.1046875 0.071875
31 0.659375 0.74453125 0.103125 0.0703125
17 0.77578125 0.79140625 0.1015625 0.06875
17 0.77734375 0.84375 0.1 0.0671875
17 0.7609375 0.7328125 0.103125 0.0734375
7 0.871875 0.82734375 0.103125 0.06875
7 0.8671875 0.77421875 0.103125 0.0734375
34 0.596875 0.55390625 0.0578125 0.0796875
42 0.83984375 0.5109375 0.0453125 0.08125
33 0.63671875 0.54765625 0.0453125 0.078125
35 0.66953125 0.540625 0.04375 0.0796875
37 0.703125 0.5328125 0.0453125 0.08125
39 0.73671875 0.52890625 0.046875 0.0796875
38 0.7703125 0.521875 0.04375 0.0796875
41 0.803125 0.51640625 0.0453125 0.08125
18 0.54609375 0.55703125 0.059375 0.0734375