11 0.876712190625 0.155511965625 0.7892335625 0.1523012625 0.7815527015625 0.270872140625 0.873607065625 0.2691114390625 0.876712190625 0.155511965625
10 0.7898145015625 0.1411144109375 0.6986633546875 0.138597296875 0.6926664234375 0.26999412968750003 0.7802866234375 0.2715235453125 0.7898145015625 0.1411144109375
9 0.69593699375 0.143180040625 0.6133820515624999 0.144517240625 0.611152021875 0.2722755578125 0.6926502640625001 0.2709199125 0.69593699375 0.143180040625
8 0.6155083859375 0.152888959375 0.5268343421874999 0.1522672140625 0.524765909375 0.27076768125 0.6124345875 0.26951974375 0.6155083859375 0.152888959375
20 0.524148115625 0.152220325 0.4441020125 0.1536013171875 0.434677534375 0.2691951828125 0.523531821875 0.270746140625 0.524148115625 0.152220325
20 0.44146082499999995 0.1498509484375 0.3466252734375 0.1509737859375 0.343468190625 0.26112065 0.43480681250000003 0.26178890312499997 0.44146082499999995 0.1498509484375
19 0.341556853125 0.1434767828125 0.25047958124999997 0.1428130890625 0.259340178125 0.2716910609375 0.3444922015625 0.27317739531249996 0.341556853125 0.1434767828125
19 0.25391588125000003 0.141947003125 0.158995521875 0.1504768984375 0.1692518015625 0.2701185625 0.25938865624999996 0.26891370625 0.25391588125000003 0.141947003125
2 0.8620251828125 0.3192536453125 0.8004581249999999 0.3181789875 0.7989714390625 0.4033512 0.8606758046874999 0.404428253125 0.8620251828125 0.3192536453125
3 0.802791109375 0.31729364375 0.7399716875 0.31804926093749997 0.7434213515625 0.40330763437500006 0.8026575421875 0.40434160625000004 0.802791109375 0.31729364375
3 0.7385063984375 0.3217279515625 0.6769524359375 0.32157959062499997 0.677950084375 0.40586909843749996 0.744606959375 0.40610653125 0.7385063984375 0.3217279515625
14 0.6735367343750001 0.2946640265625 0.5860986031250001 0.2931377890625 0.5878778687499999 0.4033708140625 0.6730783734375 0.40207979375 0.6735367343750001 0.2946640265625
14 0.5883645234375 0.293177340625 0.50833494375 0.29270648593750004 0.5101303671874999 0.4020137265625 0.591596290625 0.4025096546875 0.5883645234375 0.293177340625
14 0.5105824328125 0.292745715625 0.4281192671875 0.291306315625 0.4323343875 0.40343399375000005 0.5113482953124999 0.402961053125 0.5105824328125 0.292745715625
13 0.43041237812500005 0.287642075 0.3442659671875 0.28613838281250004 0.35086846562499996 0.40293806875 0.4360043296875 0.4053501875 0.43041237812500005 0.287642075
13 0.34644222812500003 0.288028503125 0.2603157109375 0.286525159375 0.2694187015625 0.40151635781249995 0.34963437656249996 0.402916528125 0.34644222812500003 0.288028503125
13 0.2649893171875 0.2856806703125 0.1689770875 0.28585690625 0.1880335765625 0.39639150624999997 0.26946718125 0.398739003125 0.2649893171875 0.2856806703125
0 0.6798665671874999 0.427202090625 0.6072515953125001 0.42500852499999997 0.6083300406250001 0.504669109375 0.6786891765624999 0.5049711640625001 0.6798665671874999 0.427202090625
1 0.6093129984375001 0.437083378125 0.5120006359375 0.43631085000000003 0.51213586875 0.4992857640625 0.6084269984375 0.49911439843750005 0.6093129984375001 0.437083378125
28 0.513257603125 0.42244178593750004 0.44683640156250004 0.42128240000000006 0.4455113125 0.49719676249999994 0.5133699546875 0.49930730624999997 0.513257603125 0.42244178593750004
29 0.446277896875 0.439793990625 0.34773774375 0.44085216718750003 0.35172067500000004 0.49555964062499996 0.4455113125 0.49719676249999994 0.446277896875 0.439793990625
4 0.3492363421875 0.4964423421875 0.34781838125000003 0.4214061671875 0.28640505 0.41848206093749996 0.2850638 0.4953222078125 0.3492363421875 0.4964423421875
5 0.28338823281250003 0.434172540625 0.18983920625 0.43439176875 0.1912731640625 0.49368508593750005 0.28754813437500004 0.4944395046875 0.28338823281250003 0.434172540625
23 0.678218284375 0.5216321515625 0.599432875 0.5193308796875 0.6004790015625 0.6008430328125 0.67821034375 0.6031259062500001 0.678218284375 0.5216321515625
15 0.60050083125 0.5174973875 0.5278881296875 0.516229928125 0.5301198640625 0.6005409765625 0.6041812640625001 0.60090765625 0.60050083125 0.5174973875
36 0.5281338046874999 0.524671715625 0.48368694218749997 0.5238958921875 0.48651677187500003 0.5975161640625 0.531739709375 0.599848978125 0.5281338046874999 0.524671715625
34 0.4835589734375 0.5238936578125 0.4405028625 0.5226276296875 0.44059925624999996 0.5956857062500001 0.48104091718750003 0.5969061 0.4835589734375 0.5238936578125
42 0.236042121875 0.5170008265625 0.2039784375 0.5179845984375 0.20546399062499998 0.5900379609375 0.236307196875 0.5910908125 0.236042121875 0.5170008265625
41 0.2689499421875 0.5180897171875001 0.234848575 0.5174944765625 0.2369838234375 0.5916171046875001 0.2698838421875 0.5927058578125 0.2689499421875 0.5180897171875001
38 0.3039419921875 0.51767154375 0.2711945671875 0.517614415625 0.2719496328125 0.592227434375 0.304190978125 0.591761246875 0.3039419921875 0.51767154375
39 0.3368228796875 0.5203034078125001 0.30475325781249996 0.5202581109375 0.305535253125 0.5933281546875 0.3336450203125 0.5938188125 0.3368228796875 0.5203034078125001
33 0.4349054578125 0.5209864828125 0.402109034375 0.5219574625 0.40425326093749997 0.595565765625 0.436467675 0.5966425531249999 0.4349054578125 0.5209864828125
37 0.369080840625 0.5193230265625 0.338383765625 0.5187872062500001 0.3384442484375 0.593902584375 0.36929643125 0.5944411109375001 0.369080840625 0.5193230265625
37 0.4019707046875 0.5214405671875 0.36988564375 0.5213950015625 0.372047825 0.5939746546875 0.40288205312500003 0.59554183125 0.4019707046875 0.5214405671875
4 0.26041346875000004 0.61414878125 0.1947579859375 0.6140317234375 0.1962255859375 0.687113734375 0.2641363 0.6862411953125 0.26041346875000004 0.61414878125
16 0.3249114390625 0.6132166703124999 0.26268665156250004 0.6121305328125 0.2649027015625 0.6816242375 0.325912484375 0.6832036484375 0.3249114390625 0.6132166703124999
12 0.3818031328125 0.6157531625 0.3230108328125 0.6136979765625 0.3252089265625 0.6842203312499999 0.3828266 0.68368260625 0.3818031328125 0.6157531625
30 0.44831351562500005 0.6174285890625 0.3819368734375 0.6167844625 0.3814374375 0.684687321875 0.44314180312499996 0.685764375 0.44831351562500005 0.6174285890625
26 0.4865997359375 0.6247851390625 0.4448957390625 0.6245716734375 0.44315975781250005 0.6847357265625 0.48702046406250005 0.68653028125 0.4865997359375 0.6247851390625
24 0.54362609375 0.6196067578125 0.4854900203125 0.6170485453125 0.48629895 0.6885756125 0.545251921875 0.690119121875 0.54362609375 0.6196067578125
24 0.6019162546875 0.6206242171875 0.543071784375 0.6185681171875 0.543916625 0.6880378890625 0.6021660375 0.6905980796875 0.6019162546875 0.6206242171875
24 0.6670012375 0.62536165 0.6005996828125 0.6231736437500001 0.6014624765625001 0.6916147625 0.6631399109375 0.6942347921875001 0.6670012375 0.62536165
27 0.858760440625 0.800545690625 0.76489754375 0.7973638625 0.7604999453125 0.8528511203125 0.8599035562499999 0.8551007 0.858760440625 0.800545690625
27 0.8502204984375 0.8575040890625001 0.758425178125 0.85384386875 0.753395840625 0.9062332109375 0.8506977546875 0.9110185109375 0.8502204984375 0.8575040890625001
25 0.7579617296875 0.7982717609375001 0.664140678125 0.7940617 0.6618268234375 0.8480418859375 0.7577575296875 0.8528032515625 0.7579617296875 0.7982717609375001
25 0.7515419296875 0.85166579375 0.659066453125 0.849022665625 0.658845321875 0.9009814531250001 0.7513569828125 0.9051686578125 0.7515419296875 0.85166579375
25 0.6599779046875 0.7919311125 0.5668297890625 0.7897907234375 0.5658691890624999 0.8448234921875001 0.6632159875 0.8470371703125 0.6599779046875 0.7919311125
25 0.65352219375 0.8473824453125 0.5610789359374999 0.8442253984375 0.5622020796875 0.8977510921875 0.65608495 0.9019622328124999 0.65352219375 0.8473824453125
25 0.5612544484375 0.78866444375 0.4702134796875 0.7850173890625001 0.4706061328125 0.8411027437499999 0.563153703125 0.8432326484375 0.5612544484375 0.78866444375
25 0.55688296875 0.8426087109375 0.4678637140625 0.841054875 0.46766053906250005 0.8919850125 0.5608667828125 0.895669859375 0.55688296875 0.8426087109375
31 0.44497589218750006 0.7300418109375 0.3532501796875 0.7279262515625 0.3557176015625 0.78301885625 0.4489417984375 0.7856750546875 0.44497589218750006 0.7300418109375
31 0.44741719375000005 0.78667740625 0.3543284375 0.7840235718749999 0.3555234015625 0.83343466875 0.44805301875000003 0.836593225 0.44741719375000005 0.78667740625
31 0.4472052015625 0.8381218703125001 0.356849721875 0.8360302296875 0.35802673125 0.886469975 0.449834834375 0.8916738640625 0.4472052015625 0.8381218703125001
17 0.347650903125 0.7252561078124999 0.2593493546875 0.7247437609375 0.2625203359375 0.7788196843749999 0.3543912796875 0.7804232984375 0.347650903125 0.7252561078124999
17 0.3535300125 0.7814372281249999 0.2645771453125 0.7788555859375 0.2670894546875 0.8313765671875 0.3568946109375 0.8334586046875 0.3535300125 0.7814372281249999
17 0.356719921875 0.8344845171875 0.26776608281250003 0.831902859375 0.26823953125 0.8833592875 0.36076017031249996 0.88703216875 0.356719921875 0.8344845171875
7 0.2447410265625 0.7260322171875 0.15720332812499999 0.722446315625 0.16174551406249998 0.776546171875 0.2515237359375 0.7801711828125 0.2447410265625 0.7260322171875
7 0.262990865625 0.7808858234375 0.17337385156250001 0.778292590625 0.1786195984375 0.831375765625 0.2663769171875 0.8329075749999999 0.262990865625 0.7808858234375
7 0.2668844984375 0.832916434375 0.17655380625 0.8318541875 0.180473234375 0.8823418046875 0.27164061875 0.8849621000000001 0.2668844984375 0.832916434375