11 0.8260816328124999 0.11865675 0.7362790718750001 0.139488084375 0.745836796875 0.26605558125 0.8348923265625 0.24665952500000002 0.8260816328124999 0.11865675
10 0.7388598843749999 0.142844140625 0.657987290625 0.1600108203125 0.666604634375 0.2800106703125 0.7504710671875 0.262104921875 0.7388598843749999 0.142844140625
9 0.625 0.228125 0.1109375 0.1375
8 0.54375 0.24375 0.109375 0.1421875
20 0.46640625 0.2609375 0.1078125 0.140625
20 0.38515625 0.275 0.10625 0.1390625
19 0.30859375 0.29375 0.10625 0.134375
19 0.234375 0.30703125 0.103125 0.134375
13 0.25859375 0.4328125 0.1015625 0.1234375
13 0.3328125 0.41875 0.0953125 0.121875
13 0.40859375 0.40234375 0.1 0.1265625
14 0.4859375 0.390625 0.1 0.121875
14 0.56171875 0.38046875 0.0984375 0.1125
14 0.63671875 0.36328125 0.096875 0.1140625
3 0.70390625 0.359375 0.075 0.090625
3 0.7625 0.346875 0.075 0.0890625
0 0.67265625 0.4625 0.075 0.084375
1 0.5984375 0.484375 0.1015625 0.075
28 0.52421875 0.49296875 0.071875 0.0796875
29 0.4515625 0.51328125 0.1 0.0734375
6 0.3734375 0.52109375 0.0796875 0.084375
5 0.29453125 0.5421875 0.096875 0.0734375
23 0.6140625 0.56796875 0.0859375 0.09375
15 0.6859375 0.55546875 0.0890625 0.09375
24 0.7046875 0.653125 0.065625 0.0625
24 0.646875 0.65546875 0.071875 0.0796875
24 0.58828125 0.665625 0.075 0.0796875
26 0.53828125 0.68046875 0.05 0.065625
18 0.4953125 0.6875 0.0578125 0.0640625
12 0.4375 0.6953125 0.075 0.08125
16 0.37890625 0.70703125 0.0703125 0.078125
6 0.342823690625 0.6756484640625 0.28028524374999997 0.68809825625 0.30340255781250003 0.756697828125 0.3563945734375 0.745464609375 0.342823690625 0.6756484640625
5 0.36796875 0.91640625 0.09375 0.065625
17 0.45 0.90234375 0.09375 0.065625
17 0.43828125 0.85390625 0.0953125 0.0640625
17 0.421875 0.80078125 0.0953125 0.0671875
31 0.5359375 0.88671875 0.09375 0.065625
31 0.5634096937499999 0.8070150921874999 0.4765799265625 0.8208948984375001 0.48634086718749997 0.8719533265624999 0.5727669109375 0.8551538046875 0.5634096937499999 0.8070150921874999
31 0.5046875 0.7875 0.096875 0.0703125
25 0.62109375 0.871875 0.1 0.0671875
25 0.6109375 0.82109375 0.0953125 0.0671875
25 0.70703125 0.85703125 0.096875 0.065625
25 0.69765625 0.80625 0.1015625 0.06875
25 0.78515625 0.7875 0.1 0.0703125
25 0.8329720187499999 0.8091672687499999 0.7442727890625 0.8237102796875 0.753271609375 0.8760369296875 0.8423595171875 0.8616097671875 0.8329720187499999 0.8091672687499999
27 0.923271040625 0.79581238125 0.833480553125 0.8129660609375 0.8422008640625 0.8619404359375 0.9323282765625001 0.84652016875 0.923271040625 0.79581238125
27 0.871875 0.7734375 0.1015625 0.0671875
36 0.5578125 0.5828125 0.059375 0.078125
18 0.5140625 0.59140625 0.059375 0.078125
33 0.4765625 0.59765625 0.046875 0.078125
35 0.44609375 0.6046875 0.046875 0.078125
37 0.41640625 0.60859375 0.0484375 0.078125
18 0.38515625 0.615625 0.046875 0.0765625
40 0.35546875 0.62109375 0.046875 0.0796875
44 0.3234375 0.62578125 0.046875 0.0796875
18 0.29453125 0.63125 0.0453125 0.0765625