19 0.178125 0.2453125 0.096875 0.115625
19 0.26015625 0.22890625 0.1 0.1234375
20 0.3390625 0.21796875 0.0875 0.121875
20 0.42265625 0.2078125 0.09375 0.121875
8 0.50625 0.19765625 0.0953125 0.1171875
9 0.58515625 0.184375 0.090625 0.1203125
39 0.665625 0.17265625 0.1 0.121875
11 0.74453125 0.16875 0.096875 0.1078125
13 0.178125 0.37265625 0.0890625 0.115625
13 0.25703125 0.36328125 0.09375 0.1171875
13 0.33671875 0.3484375 0.0921875 0.1171875
14 0.4140625 0.340625 0.0875 0.1171875
14 0.48828125 0.33046875 0.0921875 0.1171875
14 0.5609375 0.321875 0.0859375 0.1125
3 0.653125 0.31953125 0.071875 0.08125
3 0.7109375 0.31171875 0.0671875 0.08125
2 0.76171875 0.30546875 0.0578125 0.075
0 0.60859375 0.42265625 0.071875 0.071875
1 0.52265625 0.44140625 0.096875 0.0671875
28 0.44921875 0.44609375 0.065625 0.0765625
29 0.37890625 0.4625 0.0953125 0.0671875
4 0.303125 0.46484375 0.06875 0.078125
5 0.23046875 0.484375 0.1015625 0.0703125
15 0.61875 0.5140625 0.0765625 0.084375
23 0.55078125 0.521875 0.0765625 0.084375
24 0.6421875 0.59921875 0.065625 0.075
24 0.58671875 0.60625 0.0625 0.06875
24 0.53125 0.61328125 0.0625 0.071875
30 0.4421875 0.63046875 0.06875 0.0734375
26 0.490625 0.62421875 0.04375 0.0609375
16 0.325 0.646875 0.0640625 0.06875
6 0.25078125 0.65859375 0.0671875 0.071875
27 0.78046875 0.78203125 0.09375 0.0640625
25 0.68984375 0.796875 0.090625 0.0625
25 0.68359375 0.74765625 0.0921875 0.0625
25 0.60546875 0.81015625 0.090625 0.059375
25 0.59453125 0.7609375 0.0953125 0.065625
25 0.52109375 0.8234375 0.0890625 0.0625
25 0.509375 0.77421875 0.09375 0.065625
25 0.5078125 0.71953125 0.0921875 0.0671875
25 0.59296875 0.70859375 0.0921875 0.0640625
31 0.4359375 0.83984375 0.0921875 0.0640625
31 0.425 0.79140625 0.0953125 0.065625
31 0.42265625 0.7390625 0.09375 0.065625
17 0.34296875 0.85234375 0.0890625 0.0609375
17 0.3375 0.803125 0.0921875 0.065625
17 0.33515625 0.75 0.0921875 0.0671875
7 0.25859375 0.8671875 0.0921875 0.0625
7 0.24921875 0.8171875 0.0984375 0.065625
7 0.253125 0.7609375 0.0921875 0.0671875
36 0.496875 0.534375 0.0515625 0.075
34 0.4546875 0.54140625 0.0515625 0.075
33 0.41640625 0.54609375 0.040625 0.0734375
35 0.3796875 0.55078125 0.0421875 0.0765625
37 0.346875 0.55625 0.040625 0.075
38 0.28671875 0.565625 0.0421875 0.075
41 0.2546875 0.56953125 0.040625 0.075
42 0.2234375 0.57578125 0.04375 0.0765625
18 0.31484375 0.55546875 0.0359375 0.0640625
18 0.38203125 0.63828125 0.065625 0.06875