20 0.79921875 0.09375 0.2484375 0.1875
19 0.60859375 0.12265625 0.23125 0.203125
19 0.43203125 0.15859375 0.1984375 0.1875
14 0.26015625 0.19453125 0.2109375 0.1890625
14 0.09140625 0.2328125 0.1828125 0.184375
11 0.1109375 0.39453125 0.196875 0.1578125
3 0.259375 0.3734375 0.13125 0.11875
3 0.3734375 0.353125 0.1453125 0.121875
2 0.48828125 0.32890625 0.134375 0.1234375
0 0.49765625 0.45390625 0.146875 0.1125
1 0.3375 0.49375 0.20625 0.1109375
28 0.16796875 0.51484375 0.1484375 0.1140625
15 0.49453125 0.5609375 0.165625 0.1140625
23 0.334375 0.59375 0.1640625 0.1109375
24 0.4984375 0.665625 0.128125 0.0953125
24 0.38671875 0.68828125 0.1234375 0.0953125
24 0.27890625 0.70859375 0.1234375 0.0953125
26 0.18671875 0.73125 0.0890625 0.0765625
30 0.0953125 0.7453125 0.115625 0.0921875
27 0.7671875 0.79453125 0.1859375 0.1
25 0.60546875 0.83203125 0.178125 0.0984375
25 0.440625 0.86640625 0.1765625 0.090625
25 0.271875 0.89609375 0.178125 0.09375
25 0.26171875 0.84296875 0.18125 0.0953125
25 0.6171875 0.7671875 0.2015625 0.10625
25 0.43203125 0.81171875 0.1875 0.1