20 0.5515625 0.39375 0.08125 0.0828125
19 0.62109375 0.40859375 0.0890625 0.0890625
19 0.68671875 0.42109375 0.0796875 0.0796875
14 0.75625 0.4375 0.0796875 0.0828125
14 0.82109375 0.45078125 0.075 0.0765625
13 0.88828125 0.46171875 0.084375 0.0828125
13 0.9578125 0.4734375 0.084375 0.08125
23 0.94375 0.55625 0.078125 0.0671875
18 0.88046875 0.540625 0.0609375 0.0671875
8 0.825 0.52734375 0.096875 0.0828125
9 0.75546875 0.51875 0.0765625 0.075
10 0.69140625 0.50625 0.078125 0.075
11 0.62734375 0.49140625 0.078125 0.0796875
3 0.56875 0.490625 0.059375 0.0578125
3 0.5203125 0.48125 0.0578125 0.0609375
1 0.6421875 0.56015625 0.084375 0.0515625
28 0.7203125 0.57421875 0.0578125 0.0484375
29 0.78125 0.584375 0.0796875 0.0484375
4 0.84765625 0.59609375 0.059375 0.046875
5 0.9078125 0.6078125 0.078125 0.0484375
18 0.6140625 0.67578125 0.0609375 0.0578125
24 0.66796875 0.6859375 0.0578125 0.0515625
24 0.7171875 0.69453125 0.0578125 0.05625
26 0.75859375 0.70546875 0.0421875 0.046875
30 0.80234375 0.70859375 0.05625 0.0515625
16 0.846875 0.715625 0.0515625 0.0515625
6 0.89609375 0.725 0.0625 0.053125
27 0.48359375 0.76484375 0.0875 0.0515625
27 0.47890625 0.8015625 0.084375 0.05
25 0.5640625 0.778125 0.0859375 0.0515625
25 0.5578125 0.8140625 0.0859375 0.0515625
25 0.640625 0.79140625 0.084375 0.0515625
25 0.63515625 0.8265625 0.0828125 0.046875
31 0.7265625 0.76640625 0.0875 0.0515625
31 0.71953125 0.8046875 0.0859375 0.0515625
31 0.7125 0.83984375 0.0875 0.0484375
7 0.8671875 0.86171875 0.0859375 0.05
18 0.8734375 0.8015625 0.0859375 0.0984375
17 0.79609375 0.8140625 0.084375 0.05
17 0.7890625 0.8484375 0.0828125 0.05
18 0.909375 0.665625 0.0484375 0.0578125
36 0.61875 0.61796875 0.0453125 0.0546875
34 0.66015625 0.62421875 0.0453125 0.0546875
33 0.690625 0.6296875 0.034375 0.0515625
35 0.7171875 0.634375 0.034375 0.0515625
37 0.74453125 0.63828125 0.0328125 0.0515625
39 0.7703125 0.64296875 0.034375 0.053125
38 0.79609375 0.64765625 0.034375 0.053125
41 0.82265625 0.6515625 0.0328125 0.053125
42 0.84765625 0.65625 0.0359375 0.0515625
40 0.875 0.6625 0.0375 0.0515625