7 0.24150933437500002 0.8936517421874999 0.340285925 0.8620510625 0.3453329078125 0.7988540890625 0.24101768906249998 0.8269677171875 0.24150933437500002 0.8936517421874999
7 0.2248281703125 0.8158864578125 0.336111071875 0.7935279375000001 0.33838768125 0.7282144234375 0.22643095 0.7465193890624999 0.2248281703125 0.8158864578125
7 0.2427695859375 0.96108500625 0.34637065312500004 0.9224422234375 0.3465083140625 0.8614339609374999 0.2447666625 0.8958233890624999 0.2427695859375 0.96108500625
17 0.3501112515625 0.79759773125 0.4414428484375 0.775313853125 0.445223634375 0.7102117390625 0.35042479375 0.73086006875 0.3501112515625 0.79759773125
17 0.34602193593749997 0.8594376390624999 0.4377122921875 0.8291439687500001 0.43990614375000003 0.7753334875 0.35041206406250003 0.79918706875 0.34602193593749997 0.8594376390624999
17 0.35048100937500004 0.9204813546875 0.435085071875 0.8914947078125 0.43470868593749995 0.8286870000000001 0.348569321875 0.8600643734375 0.35048100937500004 0.9204813546875
31 0.44403683593750004 0.8277995890625001 0.5276093921875 0.8061524859375 0.534792025 0.7495887265625 0.449560884375 0.7692472515625 0.44403683593750004 0.8277995890625001
31 0.4373779625 0.8860945156250001 0.5137468609375 0.8611320234375001 0.5246106421875 0.8056613625000001 0.438115634375 0.8302135125 0.4373779625 0.8860945156250001
31 0.52547865625 0.799485125 0.59871846875 0.7804159796875 0.6041587734375 0.7253345421875 0.5368298421875 0.7419533328125001 0.52547865625 0.799485125
31 0.51837536875 0.8554843125 0.5915772718750001 0.831228240625 0.5967001875 0.7784051359374999 0.5239993703125 0.799128659375 0.51837536875 0.8554843125
31 0.6006987265625 0.7772398796875 0.665348125 0.7592663671875 0.673241353125 0.7085597984375 0.6083072734375 0.7246673140625 0.6006987265625 0.7772398796875
31 0.59565515625 0.8294984140624999 0.6599491453125 0.80859626875 0.66859451875 0.7579954046874999 0.6007736859375 0.7782715687499999 0.59565515625 0.8294984140624999
27 0.6705286515625 0.7606050062499999 0.7303480203125 0.7442555937499999 0.73816201875 0.6941136109375 0.6833481531250001 0.7093206078125001 0.6705286515625 0.7606050062499999
27 0.6644569859375 0.80926464375 0.7216646234375 0.789669515625 0.7288438453125 0.744044196875 0.6682911640625 0.761867515625 0.6644569859375 0.80926464375
6 0.1978499578125 0.691330571875 0.27749992031250004 0.6812225062499999 0.2647827375 0.5861666140625 0.188148046875 0.595850496875 0.1978499578125 0.691330571875
16 0.3484420890625 0.6675877703124999 0.34557815937499997 0.584279834375 0.27664971875 0.5939035875 0.2807463625 0.6799516171875 0.3484420890625 0.6675877703124999
30 0.41914621875 0.6556467703125 0.42099153749999996 0.5770308078124999 0.35025454375 0.5819513078125 0.34753130625 0.6686112359374999 0.41914621875 0.6556467703125
24 0.5105150843749999 0.6330977109375 0.5069370359375001 0.5548710125 0.45153075625000005 0.5573452296875 0.453231453125 0.6423189875 0.5105150843749999 0.6330977109375
24 0.5622960015625 0.6248302734375 0.561170878125 0.5509784390625 0.5084036265625 0.5552686828125 0.5088522125 0.6340154796874999 0.5622960015625 0.6248302734375
24 0.6116619625 0.617374903125 0.6156428203125001 0.5453921265624999 0.5626534750000001 0.5513849953125 0.5619786140625 0.6270886046874999 0.6116619625 0.617374903125
12 0.27151829375 0.543697721875 0.2711899921875 0.4532616328125 0.1862443625 0.45245211875 0.18878058281250001 0.5539475109375 0.27151829375 0.543697721875
5 0.3246295953125 0.4113636875 0.32374587187500004 0.3248796234375 0.1896350171875 0.31914806875 0.1925706609375 0.412378871875 0.3246295953125 0.4113636875
4 0.39675520937500003 0.41113706250000004 0.39544018593749997 0.3113505953125 0.323477909375 0.30846919375000004 0.3260544328125 0.412139615625 0.39675520937500003 0.41113706250000004
29 0.501893803125 0.416125878125 0.5075789656249999 0.337473846875 0.40796624374999996 0.32825500937499996 0.40479024687500004 0.41399355 0.501893803125 0.416125878125
28 0.5636487 0.4132903203125 0.566960225 0.3296988421875 0.51077255 0.3268799859375 0.5028045859375 0.4151024109375 0.5636487 0.4132903203125
18 0.650381596875 0.4128137234375 0.6610140453125 0.3371599234375 0.5711580359374999 0.33392811093749997 0.561747790625 0.41590182656249997 0.650381596875 0.4128137234375
23 0.279847246875 0.2716045546875 0.26444915468749997 0.14105223281249998 0.1460145765625 0.124574009375 0.15649955625 0.26520808749999997 0.279847246875 0.2716045546875
15 0.3784929984375 0.279135265625 0.36408168281250003 0.15793333125 0.270595540625 0.1456789734375 0.28253826718749997 0.274285690625 0.3784929984375 0.279135265625
8 0.484342353125 0.2899813375 0.476268603125 0.1564282125 0.3765713375 0.1353991359375 0.38094598281250003 0.28351011718749997 0.484342353125 0.2899813375
9 0.5555951546875 0.29596509375 0.5622839703125 0.1719712671875 0.48402638906249995 0.1555357125 0.484183665625 0.29111046093750004 0.5555951546875 0.29596509375
10 0.63421019375 0.3041350546875 0.6473885546875 0.1885378109375 0.5785137359375 0.17241129375 0.567390696875 0.2993500390625 0.63421019375 0.3041350546875
11 0.6889168796875 0.3077934484375 0.7065663328125 0.19858189843750002 0.6490939375 0.18880394843749998 0.6349623390625 0.3042407625 0.6889168796875 0.3077934484375
2 0.73984375 0.26875 0.078125 0.09375
20 0.759375 0.11953125 0.0984375 0.146875
19 0.7109175015625 0.1785367234375 0.7138525812500001 0.0321375296875 0.6431362640625 0.01966205625 0.6467923203125 0.16549440937499998 0.7109175015625 0.1785367234375
19 0.64619886875 0.1642595359375 0.6457288625000001 0.020260448437500002 0.5720604296875 0.006795996875 0.5703955140625 0.15245464687500002 0.64619886875 0.1642595359375
42 0.3135941 0.5382037562499999 0.3484387578125 0.535616353125 0.34821206562499996 0.43672647500000006 0.3117575515625 0.436221146875 0.3135941 0.5382037562499999
18 0.30892402343750003 0.5241376718749999 0.31118096562500003 0.4371354796875 0.2701466859375 0.4366066234375 0.26951215 0.5267069171875 0.30892402343750003 0.5241376718749999
41 0.38431307656249997 0.5316143640625001 0.383249209375 0.43572538906249997 0.35066035156250003 0.4366238578125 0.3518267765625 0.535156934375 0.38431307656249997 0.5316143640625001
38 0.419243665625 0.528415315625 0.4205587546875 0.4362910796875 0.3866678484375 0.4354508765625 0.3868863359375 0.5310404375 0.419243665625 0.528415315625
39 0.45308105000000004 0.524127040625 0.459497821875 0.43708578593749997 0.43179080000000003 0.435948584375 0.4214954984375 0.527172515625 0.45308105000000004 0.524127040625
37 0.4816583859375 0.52245098125 0.4867976890625 0.4338580203125 0.46098550468750005 0.43567259687500004 0.45407420312499996 0.524811375 0.4816583859375 0.52245098125
35 0.5131026640624999 0.5186372265625 0.5164734078125 0.43553383125 0.48865485781249995 0.4339511171875 0.48296203125000003 0.5226341953125 0.5131026640624999 0.5186372265625
33 0.5415958187500001 0.5169035421875 0.5455152203125 0.4346257140625 0.5191977609375 0.43543856718749996 0.51480098125 0.51837693125 0.5415958187500001 0.5169035421875
36 0.580845459375 0.51194139375 0.5842670359375 0.4308410328125 0.548111696875 0.4307752515625 0.5438951078125001 0.514731846875 0.580845459375 0.51194139375
34 0.615480065625 0.5090749906250001 0.6220905234375 0.4336619375 0.587984553125 0.43388561406250004 0.5818575546875 0.511834171875 0.615480065625 0.5090749906250001