13 0.72890625 0.30859375 0.096875 0.0984375
13 0.64375 0.31796875 0.1 0.1
14 0.553125 0.3296875 0.1015625 0.0953125
14 0.465625 0.33984375 0.0984375 0.0984375
19 0.3796875 0.35 0.096875 0.0984375
19 0.296875 0.3578125 0.0953125 0.0953125
20 0.2109375 0.36640625 0.096875 0.1
23 0.76953125 0.4109375 0.0859375 0.0765625
15 0.690625 0.41875 0.084375 0.078125
8 0.609375 0.42109375 0.096875 0.1
9 0.5234375 0.43125 0.096875 0.1015625
10 0.4390625 0.44140625 0.0953125 0.1
11 0.35703125 0.45078125 0.0984375 0.0984375
3 0.2828125 0.47109375 0.0703125 0.0671875
2 0.2125 0.4765625 0.0765625 0.0703125
28 0.4984375 0.521875 0.0734375 0.065625
29 0.584375 0.51796875 0.10625 0.0578125
4 0.6671875 0.5046875 0.0671875 0.0625
5 0.74921875 0.49921875 0.1046875 0.059375
18 0.41015625 0.53203125 0.1109375 0.0671875
12 0.77734375 0.57421875 0.0703125 0.0671875
6 0.77265625 0.64921875 0.075 0.06875
16 0.70703125 0.659375 0.075 0.0671875
30 0.63984375 0.6640625 0.0703125 0.065625
26 0.58828125 0.67421875 0.0453125 0.053125
24 0.53515625 0.675 0.071875 0.06875
24 0.4671875 0.6828125 0.0734375 0.0671875
24 0.39921875 0.69296875 0.075 0.0671875
7 0.78515625 0.7703125 0.1109375 0.059375
7 0.7890625 0.81875 0.1046875 0.0578125
17 0.68125 0.78203125 0.1046875 0.0578125
17 0.690625 0.82734375 0.1046875 0.059375
31 0.58984375 0.8421875 0.1015625 0.0546875
31 0.58359375 0.79765625 0.10625 0.0546875
18 0.375 0.8328125 0.3234375 0.146875
36 0.38984375 0.6171875 0.0546875 0.0640625
34 0.4375 0.6125 0.0546875 0.0640625
33 0.4796875 0.60625 0.040625 0.0640625
35 0.515625 0.603125 0.0421875 0.0640625
37 0.55078125 0.5984375 0.0390625 0.0625
39 0.58671875 0.59453125 0.040625 0.0640625
38 0.621875 0.590625 0.0421875 0.0640625
41 0.65625 0.5859375 0.0421875 0.0640625
42 0.690625 0.58203125 0.04375 0.0640625
40 0.725 0.57890625 0.0421875 0.0640625