19 0.46953125 0.253125 0.1359375 0.175
14 0.56953125 0.2296875 0.1390625 0.165625
13 0.66875 0.1984375 0.153125 0.178125
9 0.7765625 0.16875 0.1484375 0.1703125
29 0.671875 0.52109375 0.128125 0.09375
7 0.565625 0.54375 0.1171875 0.0875
15 0.8375 0.59453125 0.1234375 0.1203125
24 0.67265625 0.63359375 0.09375 0.096875
23 0.75 0.61171875 0.1140625 0.115625
31 0.590625 0.6515625 0.1125 0.0875
38 0.49765625 0.42265625 0.05625 0.09375
39 0.5375 0.4140625 0.059375 0.096875
40 0.5734375 0.40390625 0.059375 0.09375
41 0.6109375 0.3953125 0.0578125 0.096875
42 0.64765625 0.38515625 0.0578125 0.096875
35 0.68828125 0.37421875 0.0625 0.1
33 0.728125 0.36484375 0.0640625 0.1
37 0.7978471296875 0.39555365937500003 0.78349169375 0.30146704375 0.74506225625 0.3104581265625 0.7586798328125 0.4045139203125 0.7978471296875 0.39555365937500003
18 0.8381362921875001 0.37043506875 0.825151259375 0.2915825140625 0.7860090359374999 0.300509540625 0.7985890109375 0.38052015781250004 0.8381362921875001 0.37043506875
25 0.9122234390624999 0.7613755109375 0.8987998515625 0.696822915625 0.7850794249999999 0.71666614375 0.8000492703125 0.7776208625 0.9122234390624999 0.7613755109375
25 0.9241422343749999 0.823659290625 0.9125549234375001 0.7608775484375 0.8010687125 0.7788823265625 0.8148912812500001 0.8380983000000001 0.9241422343749999 0.823659290625
25 0.8043312406249999 0.8368355 0.7918554656250001 0.7778814453125 0.6883793546875 0.790661815625 0.7018182656249999 0.8484459640625 0.8043312406249999 0.8368355
25 0.7994134828125 0.7777912203125 0.7847837546875 0.7165094265625 0.6781231203125 0.7345825984375 0.6916898671875 0.79284403125 0.7994134828125 0.7777912203125
27 0.6718486453125 0.79509120625 0.6548599953124999 0.7340677890625 0.5602194875000001 0.7472477328125 0.573022559375 0.8052022359375 0.6718486453125 0.79509120625
27 0.6821012843750001 0.848613671875 0.6674967125 0.7939486703124999 0.5688277687500001 0.8073492968749999 0.583914628125 0.86111108125 0.6821012843750001 0.848613671875
18 0.78984375 0.48359375 0.146875 0.1140625