11 0.11328125 0.1578125 0.121875 0.1359375
10 0.20859375 0.1796875 0.1109375 0.134375
9 0.29609375 0.20859375 0.103125 0.115625
8 0.371875 0.225 0.090625 0.1171875
22 0.4515625 0.2375 0.0828125 0.1203125
22 0.51875 0.25234375 0.0875 0.121875
19 0.584375 0.2703125 0.0828125 0.1109375
19 0.646875 0.284375 0.0828125 0.115625
13 0.6265625 0.396875 0.08125 0.10625
13 0.56484375 0.38515625 0.0796875 0.109375
13 0.496875 0.3734375 0.0859375 0.1125
14 0.42734375 0.36484375 0.084375 0.10625
14 0.3578125 0.3484375 0.0921875 0.1140625
14 0.28359375 0.334375 0.0984375 0.1203125
2 0.21328125 0.33203125 0.0703125 0.0875
3 0.14609375 0.3203125 0.0828125 0.090625
2 0.078125 0.3046875 0.0875 0.1015625
0 0.24140625 0.44140625 0.0796875 0.0796875
1 0.321875 0.459375 0.0984375 0.0703125
28 0.39609375 0.4640625 0.0671875 0.0796875
29 0.46484375 0.48046875 0.096875 0.0703125
4 0.53828125 0.48203125 0.0578125 0.071875
5 0.5984375 0.49765625 0.0796875 0.0625
14 0.234375 0.5359375 0.09375 0.0890625
23 0.309375 0.54296875 0.08125 0.08125
24 0.215625 0.62421875 0.075 0.0796875
24 0.278125 0.63046875 0.0640625 0.071875
24 0.3359375 0.63671875 0.0640625 0.078125
26 0.38046875 0.6453125 0.0421875 0.0578125
30 0.4234375 0.64453125 0.065625 0.078125
12 0.48046875 0.65234375 0.0625 0.0703125
16 0.53359375 0.65546875 0.059375 0.0671875
6 0.58671875 0.659375 0.0640625 0.0703125
27 0 0.8123978546874999 0.061895056250000004 0.8134596937499999 0.069555615625 0.7542191578125 0 0.751656203125 0 0.8123978546874999
27 0 0.8730864328125 0.05558508125 0.872938375 0.0645962203125 0.8139359828125 0 0.8129373203125001 0 0.8730864328125
25 0.164110571875 0.8142458671874999 0.173261053125 0.7584020781249999 0.0722017671875 0.7552080859375 0.0657181390625 0.8115221140625 0.164110571875 0.8142458671874999
25 0.15869385 0.868658665625 0.16533251875 0.8191623781249999 0.065803428125 0.8151935234375 0.060798054687500006 0.8670671593750001 0.15869385 0.868658665625
25 0.2722250578125 0.817116865625 0.28092891249999996 0.7638060171875 0.1867384359375 0.7613008421874999 0.1752332203125 0.8182964453125001 0.2722250578125 0.817116865625
25 0.25555705 0.872157453125 0.2636749390625 0.8182209437499999 0.17141973125 0.8165793484374999 0.1604517453125 0.8705356453125 0.25555705 0.872157453125
25 0.2793889765625 0.7567440796875 0.288550159375 0.7087372609375 0.196603359375 0.7014043171875 0.189457334375 0.7534228359374999 0.2793889765625 0.7567440796875
25 0.3496297640625 0.8756865406250001 0.360002190625 0.8247592609375 0.27100715000000003 0.8205584874999999 0.26136669375 0.8747488656250001 0.3496297640625 0.8756865406250001
25 0.3695455890625 0.8259196796875001 0.377306178125 0.7740095250000001 0.28714080625 0.7685577140625 0.280289240625 0.8227175093750001 0.3695455890625 0.8259196796875001
25 0.3739297234375 0.7734141640625001 0.38213693593750003 0.7189710671875 0.29205977031249997 0.71301246875 0.2836800921875 0.767947496875 0.3739297234375 0.7734141640625001
17 0.461478190625 0.7784045453124999 0.47220791875 0.7254509125 0.38823078125 0.720567915625 0.380682634375 0.774604884375 0.461478190625 0.7784045453124999
17 0.4486225609375 0.82367058125 0.458955678125 0.7769150812500001 0.3773220828125 0.77453466875 0.369813565625 0.824399915625 0.4486225609375 0.82367058125
17 0.4423411921875 0.8711405140625 0.45006246875 0.8234021374999999 0.36798208906249996 0.8235546375 0.3597484265625 0.8696356515625 0.4423411921875 0.8711405140625
31 0.5216468265625 0.871543428125 0.53004339375 0.8239241234374999 0.45189463124999996 0.8216358421875001 0.44463503906249996 0.869977965625 0.5216468265625 0.871543428125
31 0.5311260015625 0.825682034375 0.541319778125 0.77576793125 0.46123462656249997 0.772615871875 0.45109506093749996 0.82149485625 0.5311260015625 0.825682034375
7 0.600684484375 0.873466109375 0.6083164375 0.8262343203125001 0.5295103140624999 0.8238301265624999 0.523444034375 0.86924863125 0.600684484375 0.873466109375
7 0.6101636593750001 0.8276047125 0.618828203125 0.7784656437499999 0.5423168875 0.7748990703125 0.5337771499999999 0.8224931312500001 0.6101636593750001 0.8276047125
7 0.6195321 0.766575965625 0.629011275 0.720714571875 0.5529857359375 0.71044325 0.5444961734375 0.7617025281250001 0.6195321 0.766575965625
36 0.38063781093750004 0.5841844015625 0.39067578125 0.519054821875 0.3503357078125 0.5130266359375 0.3410578375 0.57901348125 0.38063781093750004 0.5841844015625
34 0.42408154062500003 0.5893133703125 0.43184380468750005 0.523420903125 0.394663034375 0.518673025 0.3863097609375 0.5848229015624999 0.42408154062500003 0.5893133703125
42 0.624531696875 0.61163985 0.6393412234375 0.549521340625 0.6153644171875 0.546740059375 0.601782053125 0.60943656875 0.624531696875 0.61163985
41 0.600441365625 0.6088385515625 0.6116345 0.545359134375 0.5851275328125001 0.5432165765625 0.5750721890625 0.6050885203124999 0.600441365625 0.6088385515625
39 0.546183084375 0.60216430625 0.557720046875 0.539468753125 0.5325685703125 0.53503386875 0.521687084375 0.5989298578125 0.546183084375 0.60216430625