22 0.28203125 0.221875 0.121875 0.1546875
21 0.378125 0.240625 0.1109375 0.15
21 0.46875 0.26015625 0.1078125 0.1390625
14 0.5578125 0.26953125 0.1140625 0.15
14 0.65703125 0.28515625 0.1171875 0.1546875
13 0.75234375 0.30703125 0.115625 0.1484375
13 0.8720736453125 0.40012969375 0.9236255343750001 0.27759030625 0.8302315859375 0.2536007546875 0.785199065625 0.3810505203125 0.8720736453125 0.40012969375
23 0.80234375 0.47421875 0.1046875 0.1046875
15 0.709375 0.4578125 0.096875 0.1015625
8 0.625 0.43046875 0.103125 0.1296875
9 0.53984375 0.41640625 0.090625 0.121875
10 0.45703125 0.4015625 0.103125 0.13125
11 0.3703125 0.38359375 0.1046875 0.1359375
3 0.3015625 0.39296875 0.0703125 0.0921875
2 0.2453125 0.3828125 0.0734375 0.090625
5 0.74375 0.5734375 0.1015625 0.075
4 0.66171875 0.5546875 0.071875 0.0796875
29 0.57734375 0.54609375 0.1046875 0.08125
28 0.496875 0.52578125 0.0734375 0.084375
1 0.41875 0.5203125 0.1046875 0.075
12 0.74296875 0.67109375 0.065625 0.075
6 0.7125 0.75 0.0671875 0.0734375
16 0.65859375 0.73671875 0.0640625 0.06875
30 0.603125 0.72734375 0.065625 0.071875
26 0.55625 0.7234375 0.05 0.065625
24 0.51015625 0.71328125 0.065625 0.075
24 0.45234375 0.70390625 0.0671875 0.075
24 0.3953125 0.69609375 0.0625 0.06875
25 0.3015625 0.8890625 0.0921875 0.0625
25 0.39296875 0.89921875 0.09375 0.0609375
25 0.403125 0.853125 0.0921875 0.065625
25 0.30234375 0.84453125 0.09375 0.0578125
27 0.21328125 0.87421875 0.0921875 0.0609375
27 0.215625 0.828125 0.0984375 0.0609375
25 0.41015625 0.8046875 0.096875 0.065625
31 0.4875 0.9171875 0.0921875 0.059375
31 0.48984375 0.87265625 0.0953125 0.0609375
31 0.50078125 0.825 0.0984375 0.0671875
17 0.57265625 0.9296875 0.0984375 0.0640625
17 0.5828125 0.88515625 0.096875 0.0625
7 0.6640625 0.9453125 0.0953125 0.0578125
7 0.6765625 0.90546875 0.1 0.05625
7 0.69140625 0.8625 0.103125 0.0671875
34 0.38359375 0.60546875 0.0546875 0.0796875
36 0.43046875 0.61328125 0.05625 0.078125
33 0.46796875 0.61953125 0.0421875 0.075
35 0.5 0.6234375 0.0421875 0.075
39 0.53203125 0.6296875 0.0421875 0.078125
39 0.56484375 0.63515625 0.04375 0.075
38 0.5984375 0.64140625 0.0453125 0.075
41 0.6377891484375 0.6846017203125 0.6556500875 0.6148848234375001 0.6247240109375001 0.6094317218749999 0.6061855265625 0.6790291484375001 0.6377891484375 0.6846017203125
42 0.6675694859375 0.689852796875 0.6842216703124999 0.6199227640625 0.6563276328125001 0.61500429375 0.6372617796875 0.6840386265625 0.6675694859375 0.689852796875
40 0.699861259375 0.695076603125 0.7193194328125 0.6270516578125 0.6909700640625001 0.6211126890625 0.6671225078125 0.688833771875 0.699861259375 0.695076603125