20 0.39296875 0.3109375 0.09375 0.11875
21 0.484375 0.32890625 0.0875 0.1078125
19 0.56015625 0.33828125 0.084375 0.1078125
14 0.63671875 0.34375 0.090625 0.1203125
14 0.71328125 0.359375 0.084375 0.103125
13 0.7921875 0.36953125 0.09375 0.1140625
13 0.86328125 0.3828125 0.078125 0.1
23 0.83203125 0.5046875 0.071875 0.0828125
15 0.76953125 0.49921875 0.0765625 0.08125
8 0.69453125 0.47421875 0.0984375 0.115625
14 0.61796875 0.4703125 0.078125 0.096875
10 0.5453125 0.459375 0.084375 0.103125
11 0.47109375 0.44375 0.08125 0.109375
3 0.40859375 0.45078125 0.0625 0.0734375
2 0.3515625 0.446875 0.065625 0.071875
5 0.80546875 0.6 0.1 0.0671875
4 0.7296875 0.5828125 0.0703125 0.078125
29 0.64609375 0.57734375 0.096875 0.0703125
28 0.571875 0.56328125 0.0671875 0.0796875
0 0.496875 0.55859375 0.09375 0.071875
12 0.79921875 0.68515625 0.059375 0.071875
6 0.7890625 0.76796875 0.053125 0.0625
16 0.7390625 0.7625 0.0625 0.071875
30 0.68203125 0.75 0.0625 0.071875
26 0.634375 0.74921875 0.046875 0.0609375
24 0.584375 0.73984375 0.0625 0.0671875
24 0.53046875 0.72890625 0.0625 0.06875
24 0.47109375 0.72265625 0.0640625 0.0671875
7 0.74375 0.95859375 0.0921875 0.05625
7 0.75546875 0.9140625 0.09375 0.059375
7 0.76640625 0.86015625 0.0953125 0.0640625
16 0.65546875 0.95 0.09375 0.05625
16 0.66171875 0.90390625 0.09375 0.0609375
16 0.66953125 0.85390625 0.096875 0.0578125
31 0.56875 0.93203125 0.090625 0.059375
31 0.5765625 0.884375 0.090625 0.059375
31 0.53046875 0.90234375 0.0015625 0.0015625
31 0.58046875 0.8359375 0.09375 0.0578125
24 0.4828125 0.91796875 0.0890625 0.0546875
24 0.490625 0.87265625 0.090625 0.0609375
24 0.49609375 0.81953125 0.0921875 0.059375
24 0.3953125 0.91015625 0.0890625 0.0609375
27 0.309375 0.89609375 0.0890625 0.0609375
27 0.321875 0.8484375 0.0921875 0.0625
36 0.4703125 0.63828125 0.05 0.0734375
34 0.5140625 0.64453125 0.05 0.071875
33 0.55 0.65 0.0375 0.0703125
35 0.57890625 0.653125 0.0375 0.0703125
37 0.609375 0.65703125 0.0390625 0.071875
39 0.63984375 0.66171875 0.0375 0.071875
38 0.6703125 0.66484375 0.0390625 0.0734375
41 0.7084733 0.7042823609375 0.7216290703125 0.6390098078124999 0.6938992390625 0.6337768828125 0.6800993296875 0.700294659375 0.7084733 0.7042823609375
42 0.7380187734375 0.7094365203125 0.75092904375 0.6427937125 0.722962165625 0.6391971625 0.7092543 0.7050599984375 0.7380187734375 0.7094365203125
40 0.767656290625 0.7139357390625001 0.7788731171875 0.646720996875 0.7526917296875 0.6430414421874999 0.7379727500000001 0.7097639890624999 0.767656290625 0.7139357390625001