19 0.9597080671875 0.200305459375 0.8272259796875 0.196513803125 0.8090536015625001 0.3019308 0.93443858125 0.30779258593750003 0.9597080671875 0.200305459375
19 0.82488439375 0.198376784375 0.6999742 0.1980029953125 0.6947965015625 0.3001657078125 0.81221814375 0.3035245546875 0.82488439375 0.198376784375
20 0.6981364203125 0.19580362812500002 0.5793620265625 0.193791125 0.5724985890625 0.2981198234375 0.693162496875 0.30085025625 0.6981364203125 0.19580362812500002
20 0.5695714859375001 0.18760808125 0.44923023281249996 0.185538725 0.45180881250000005 0.29613009687499997 0.57574073125 0.2974914328125 0.5695714859375001 0.18760808125
8 0.4565439828125 0.195705446875 0.357202896875 0.192707746875 0.35861282499999997 0.2906507671875 0.4583189640625 0.2941325828125 0.4565439828125 0.195705446875
9 0.3583356375 0.1830110328125 0.238379803125 0.1833670375 0.2443558484375 0.2888856796875 0.3554224171875 0.2897977484375 0.3583356375 0.1830110328125
10 0.24735129374999998 0.19025325937499998 0.15288848593749998 0.1877978109375 0.152794109375 0.2827218125 0.2493097171875 0.285350575 0.24735129374999998 0.19025325937499998
11 0.1509599078125 0.1831812359375 0.040446453125 0.18016315 0.054747840625 0.2778147171875 0.157592534375 0.283630984375 0.1509599078125 0.1831812359375
13 0.9333232593749999 0.32168080312499997 0.8100668109375 0.319023428125 0.8065489828124999 0.4197608453125 0.9287692968749999 0.42402887343750006 0.9333232593749999 0.32168080312499997
13 0.814586359375 0.320313890625 0.6990518546875 0.3166299453125 0.695585759375 0.415885925 0.8081053890625001 0.4212984421875 0.814586359375 0.320313890625
13 0.699903465625 0.31816205625 0.5896968859375 0.3128111859375 0.5862307906249999 0.412067165625 0.6923694828125 0.41577360937499996 0.699903465625 0.31816205625
14 0.58924226875 0.3161506625 0.486671009375 0.3121799046875 0.476953303125 0.40602625937500003 0.5927151984375 0.4108103890625 0.58924226875 0.3161506625
14 0.4865275109375 0.3171962359375 0.3723104421875 0.313377690625 0.367598215625 0.4022074953125 0.47856144218749996 0.4060824171875 0.4865275109375 0.3171962359375
14 0.3759955703125 0.3114833953125 0.2727078921875 0.30693303125 0.276036475 0.3960436265625 0.3709696890625 0.39787552187499997 0.3759955703125 0.3114833953125
3 0.27474231875 0.328330340625 0.19956459531249998 0.3266274 0.197340084375 0.3903290546875 0.271263671875 0.39439371093750003 0.27474231875 0.328330340625
3 0.2023518359375 0.325802409375 0.1271455578125 0.32558168906249996 0.13140532968750002 0.3880265625 0.19739181875 0.388847559375 0.2023518359375 0.325802409375
2 0.1298644109375 0.3260505640625 0.0499019828125 0.32436752812499997 0.054342821875 0.38162738281249997 0.1315346625 0.38432298125000003 0.1298644109375 0.3260505640625
5 0.9086261546875001 0.45237998749999997 0.7622005921875 0.4448207359375 0.7570700796875001 0.49952141250000004 0.9065774921875001 0.5062255703125 0.9086261546875001 0.45237998749999997
4 0.7662761234375 0.435364640625 0.6692633890625 0.43193424687500004 0.6621627328125 0.4969488109375 0.755410209375 0.5009466921875 0.7662761234375 0.435364640625
29 0.6732924578125 0.44601493437500006 0.5417529453125 0.44083063281249996 0.538489359375 0.48818030781250005 0.6702811421875 0.4950074578125 0.6732924578125 0.44601493437500006
28 0.541190546875 0.42379851718749995 0.4441982609375 0.42184991875 0.44199961718749997 0.48481081093749995 0.538515225 0.487439603125 0.541190546875 0.42379851718749995
1 0.4463252921875 0.43067714375 0.3136524828125 0.42544899375 0.3119453015625 0.47433626249999994 0.4437370875 0.4811633859375 0.4463252921875 0.43067714375
0 0.3199004609375 0.41885036875 0.238327565625 0.41540239218749997 0.2380217140625 0.4702715484375 0.315110090625 0.4759300234375 0.3199004609375 0.41885036875
23 0.4217500875 0.5002322234375 0.32569465000000003 0.49558174531250004 0.32009866875 0.5636153453125 0.41656241875 0.56772556875 0.4217500875 0.5002322234375
6 0.8886964640624999 0.6199061609375 0.7885049421875 0.6116932328125 0.7825851671875 0.6748094109375 0.8764416140625 0.682650759375 0.8886964640624999 0.6199061609375
18 0.7913720265624999 0.6129440921875 0.71557878125 0.6074351703125 0.7098380859375 0.6654233031250001 0.78266475625 0.6725302953125001 0.7913720265624999 0.6129440921875
12 0.7141560515625 0.606684228125 0.6303617375 0.600465984375 0.6221270828125001 0.6589375578125 0.7110752109375 0.665466503125 0.7141560515625 0.606684228125
30 0.6246402093750001 0.5978567859374999 0.535308053125 0.5914418703125001 0.5344757718750001 0.6507423671875 0.6208900515625 0.6588943609375 0.6246402093750001 0.5978567859374999
26 0.536198884375 0.6026078796875 0.4805396734375 0.5992274234375 0.476453940625 0.6452933468750001 0.5369697265625 0.6502590328125 0.536198884375 0.6026078796875
24 0.4794642359375 0.5863729656250001 0.39939195625 0.582131765625 0.3974420296875 0.6379703828125 0.478987690625 0.643670403125 0.4794642359375 0.5863729656250001
24 0.40374535468749995 0.5815907499999999 0.325268565625 0.5766909375 0.32706961562500003 0.63151958125 0.3974420296875 0.6379703828125 0.40374535468749995 0.5815907499999999
24 0.32652938125 0.5753308828125 0.2487109125 0.57002414375 0.2492748375 0.6248095874999999 0.32459536718750004 0.6314331796875 0.32652938125 0.5753308828125
7 0.902231315625 0.7201546890625 0.7677943734375 0.708219053125 0.763688746875 0.754854728125 0.9043937828124999 0.768895875 0.902231315625 0.7201546890625
7 0.8940555187499999 0.7768839734374999 0.754750790625 0.7625292906250001 0.75429655625 0.8110039453125 0.8912707031249999 0.8254852749999999 0.8940555187499999 0.7768839734374999
7 0.8984778796875 0.8276390296875 0.7528804515624999 0.8160887921875 0.75527841875 0.85382398125 0.8859677453125 0.8709382234374999 0.8984778796875 0.8276390296875
17 0.760124096875 0.7094907171875 0.6331352046875 0.6983823109375 0.6301870140625 0.7473403625 0.763489775 0.7605525484375 0.760124096875 0.7094907171875
17 0.755265625 0.75992168125 0.626475834375 0.747210765625 0.6235077484375 0.7967385703125001 0.75553368125 0.8110471468749999 0.755265625 0.75992168125
17 0.7519042453125 0.8118302937499999 0.623467953125 0.797878159375 0.619362321875 0.8445138562500001 0.7500914421875 0.8604885515625 0.7519042453125 0.8118302937499999
31 0.6273474234374999 0.6977272046875 0.5059779875 0.6865256890625 0.50404795625 0.741794553125 0.62753388125 0.7523820125 0.6273474234374999 0.6977272046875
31 0.6254582765625 0.751825284375 0.494251021875 0.7386000546875 0.4939161703125 0.7836559828125 0.6247049812500001 0.7979213578125 0.6254582765625 0.751825284375
31 0.6207738046875 0.7972735296875 0.4951532 0.7836991796875 0.49597588125 0.831077490625 0.6206192484375 0.8439872812500001 0.6207738046875 0.7972735296875
25 0.496067840625 0.6874413406250001 0.376266934375 0.676861803125 0.3757729984375 0.726476028125 0.500456159375 0.73824623125 0.496067840625 0.6874413406250001
25 0.4927064609375 0.739349953125 0.374575671875 0.7252932375000001 0.373043584375 0.769166465625 0.49519299375000003 0.782559634375 0.4927064609375 0.739349953125
25 0.491190171875 0.78277078125 0.37673486718750004 0.769865834375 0.373945759375 0.814265634375 0.4911470546875 0.8274860125 0.491190171875 0.78277078125
25 0.3723539421875 0.7265949328125 0.2573744703125 0.7120728625 0.2582567484375 0.75774180625 0.37306348125 0.7685966921875 0.3723539421875 0.7265949328125
25 0.372434171875 0.7686461421875 0.2533484265625 0.7564294671875 0.25431029843749997 0.7998192765625001 0.3715114984375 0.8130396484375 0.372434171875 0.7686461421875
25 0.252205940625 0.7523320375 0.147340275 0.741888515625 0.1494795765625 0.7870308875 0.2592983953125 0.7988525265625 0.252205940625 0.7523320375
18 0.3772124125 0.6761639703125 0.25778900312499997 0.66473778125 0.2574341609375 0.710363565625 0.37212150781250003 0.72463706875 0.3772124125 0.6761639703125
18 0.2552690359375 0.708965225 0.15878868125 0.697791128125 0.15232837500000002 0.74092176875 0.255981665625 0.7519575921875 0.2552690359375 0.708965225
27 0.1410788796875 0.6971380859375 0.030314842187500003 0.6881704671875 0.028762859374999998 0.732613403125 0.13862128437500001 0.743295490625 0.1410788796875 0.6971380859375
27 0.13948802031250002 0.7426943625 0.028742962500000004 0.7331831765625 0.0310215453125 0.7743370921875 0.1421568875 0.7839227906249999 0.13948802031250002 0.7426943625
42 0.89361175 0.5328926921875 0.8417001546874999 0.5295096890625001 0.8339541703125001 0.59763303125 0.880369125 0.600489875 0.89361175 0.5328926921875
35 0.8399712171875 0.531534240625 0.789852890625 0.5285231515625 0.7852613546875 0.5831602765625 0.8334343859375 0.5869025703124999 0.8399712171875 0.531534240625
38 0.7875734890625 0.5266161703125001 0.7372414796875 0.52380185625 0.73227631875 0.5891381953125 0.7795703125 0.5924377890625 0.7875734890625 0.5266161703125001
39 0.7351219062500001 0.5232403703124999 0.689976228125 0.51967924375 0.6840746125 0.5862189265625 0.7286739390625 0.5898364234375 0.7351219062500001 0.5232403703124999
37 0.6893910937500001 0.519584546875 0.6435900828125 0.51599935 0.637702771875 0.5821275265625 0.679664978125 0.5844168890625 0.6893910937500001 0.519584546875
35 0.6402550171875 0.5173539625 0.5979967562499999 0.51523121875 0.59130225625 0.5788591359375 0.6359015828125 0.5824766328125001 0.6402550171875 0.5173539625
33 0.5967405265625 0.5142902515625 0.553411803125 0.51120221875 0.5449447828125 0.57435621875 0.588650696875 0.577942515625 0.5967405265625 0.5142902515625
36 0.433835990625 0.5029396140625 0.42267505156249996 0.566378375 0.47983986874999995 0.56878661875 0.487341559375 0.5076589499999999 0.433835990625 0.5029396140625
34 0.5531901328125 0.5122547203125001 0.49180867656249994 0.5078149453125 0.48515728593749996 0.5702083375 0.5449447828125 0.57435621875 0.5531901328125 0.5122547203125001
15 0.3223556640625 0.4923553171875 0.24650513749999997 0.4881244734375 0.238931665625 0.5513096765625 0.320161271875 0.5562063296875001 0.3223556640625 0.4923553171875