9 0.28671875 0.21328125 0.0953125 0.1140625
10 0.20546875 0.2265625 0.1015625 0.121875
11 0.1831080234375 0.2855364125 0.15094520312499998 0.1795766359375 0.0735278234375 0.19400173125 0.101746325 0.29986509687499996 0.1831080234375 0.2855364125
8 0.4100907171875 0.243816853125 0.379914825 0.13826350625 0.3120430875 0.15189785 0.3393785671875 0.258622203125 0.4100907171875 0.243816853125
22 0.4801993765625 0.231270475 0.456142075 0.121863521875 0.3847595046875 0.137496184375 0.4082152109375 0.2441139046875 0.4801993765625 0.231270475
22 0.5503080359375 0.21872409531249998 0.5261393156249999 0.1086136625 0.4596861328125 0.12490784531250002 0.4820748828125 0.2309734234375 0.5503080359375 0.21872409531249998
19 0.6169999421875 0.208882265625 0.59526383125 0.1019921890625 0.5304799890624999 0.116579715625 0.5495931234375 0.22027958593750002 0.6169999421875 0.208882265625
19 0.6887612671875 0.194631871875 0.6744157625 0.08585010937500001 0.6018127484375 0.09951268437500001 0.61595076875 0.2083273078125 0.6887612671875 0.194631871875
13 0.64140625 0.2703125 0.084375 0.1078125
13 0.57265625 0.284375 0.08125 0.10625
13 0.50625 0.29765625 0.0828125 0.1046875
14 0.4390625 0.31484375 0.078125 0.09375
14 0.371875 0.32734375 0.0828125 0.0953125
14 0.3015625 0.33984375 0.0859375 0.0984375
3 0.2721833515625 0.390499390625 0.2505561375 0.3189273890625 0.1985294078125 0.3288219671875 0.2184856453125 0.39955572500000003 0.2721833515625 0.390499390625
3 0.218656053125 0.40063163749999997 0.20066409375 0.33344693125 0.150265896875 0.3397748671875 0.17212940000000002 0.40855218750000005 0.218656053125 0.40063163749999997
2 0.175083025 0.40863583124999997 0.1492029078125 0.3427004859375 0.100908653125 0.353106803125 0.1252264578125 0.41873814062500003 0.175083025 0.40863583124999997
5 0.6609375 0.375 0.090625 0.065625
4 0.5921875 0.3828125 0.0640625 0.075
29 0.52734375 0.396875 0.0875 0.0703125
28 0.459375 0.40859375 0.0625 0.0703125
1 0.39609375 0.428125 0.084375 0.059375
0 0.3265625 0.43515625 0.0640625 0.065625
15 0.3421875 0.515625 0.075 0.078125
23 0.4046875 0.503125 0.0734375 0.075
24 0.36015625 0.59921875 0.059375 0.06875
24 0.409375 0.58515625 0.059375 0.0671875
24 0.45859375 0.5765625 0.05625 0.0640625
30 0.5375 0.56015625 0.0609375 0.0671875
26 0.49921875 0.57265625 0.0375 0.05
12 0.5875 0.55 0.053125 0.0625
16 0.63984375 0.5421875 0.0578125 0.0609375
6 0.69140625 0.53203125 0.05625 0.0609375
25 0.359375 0.784375 0.084375 0.0546875
25 0.43359375 0.76640625 0.084375 0.0578125
25 0.50859375 0.75078125 0.0828125 0.0578125
17 0.6578125 0.72109375 0.08125 0.05625
17 0.65078125 0.675 0.0828125 0.059375
17 0.6421875 0.628125 0.08125 0.05625
31 0.565625 0.64921875 0.0859375 0.0578125
31 0.575 0.690625 0.0796875 0.05
25 0.50078125 0.70625 0.084375 0.0578125
25 0.4109375 0.67890625 0.0859375 0.0609375
25 0.42421875 0.7234375 0.084375 0.0546875
25 0.3484375 0.73984375 0.0890625 0.059375
27 0.2640625 0.759375 0.0953125 0.0609375
27 0.28125 0.8015625 0.0890625 0.0546875
7 0.7171875 0.61484375 0.08125 0.0625
7 0.72890625 0.66171875 0.0828125 0.053125
7 0.73203125 0.7046875 0.08125 0.053125
36 0.4815884125 0.5213306531249999 0.46945760156249994 0.4616469625 0.43261825312499996 0.4681513625 0.4464773828125 0.5278961234375 0.4815884125 0.5213306531249999
34 0.520721375 0.5147977906250001 0.5084353703125 0.454134253125 0.471221553125 0.46103277187499997 0.485071496875 0.5207789875 0.520721375 0.5147977906250001
33 0.549507040625 0.509658253125 0.5357387140625 0.4490286046875 0.5098581281250001 0.45344017656249996 0.5235482984375001 0.5140822015625 0.549507040625 0.509658253125
35 0.577091225 0.50497685625 0.563584409375 0.44336832187499997 0.5369941234375 0.44851727812500003 0.5511807625 0.50970565 0.577091225 0.50497685625
37 0.6037661234375 0.4998145015625 0.5894465890625 0.4383346875 0.564536571875 0.4435300046875 0.5782137390625001 0.5041740906250001 0.6037661234375 0.4998145015625
38 0.657425715625 0.4888157421875 0.6460472640625 0.4274950859375 0.6205994312499999 0.4318381171875 0.631157175 0.49391373906249997 0.657425715625 0.4888157421875
42 0.7110853078125 0.477816984375 0.6983429296875 0.4157748859375 0.672549446875 0.4204851484375 0.68558120625 0.482481415625 0.7110853078125 0.477816984375
18 0.609375 0.4609375 0.0359375 0.0578125