11 0.190897540625 0.360188240625 0.1684240515625 0.2154433390625 0.068220634375 0.231186040625 0.08836315156249999 0.3733014859375 0.190897540625 0.360188240625
10 0.277807259375 0.3464587609375 0.259415796875 0.207106659375 0.17453239375000001 0.216144853125 0.1913080828125 0.35586998593749997 0.277807259375 0.3464587609375
9 0.3672104 0.3374329734375 0.3535435765625 0.20015770625 0.26103156875 0.20673362968750003 0.2735670234375 0.346381828125 0.3672104 0.3374329734375
20 0.54177645 0.3193044609375 0.5239606734375 0.1882664 0.4386062234375 0.20163681718749998 0.44458713281250006 0.3311837 0.54177645 0.3193044609375
20 0.6077687484375 0.3125158875 0.6087843625 0.1898006765625 0.5327124609375 0.19469283906249998 0.536894240625 0.3225433453125 0.6077687484375 0.3125158875
19 0.6147729921875 0.1852504875 0.6099784203125 0.3098940078125 0.68334635 0.3045702375 0.6878764687500001 0.1778760359375 0.6147729921875 0.1852504875
19 0.68797828125 0.185243609375 0.6842197546875 0.3022568609375 0.751316890625 0.29415734531250004 0.756130759375 0.1747887125 0.68797828125 0.185243609375
14 0.5399711828125 0.45170479375 0.5332282359375 0.3381718671875 0.451656859375 0.3496130234375 0.45324057656249994 0.4601135796875 0.5399711828125 0.45170479375
13 0.6059111625 0.43859308593749996 0.601729478125 0.3360833984375 0.5330423953125 0.3424382453125 0.5377091921875 0.4480035421875 0.6059111625 0.43859308593749996
13 0.673881703125 0.42818019375 0.6736736062500001 0.31841791875 0.6030434953125 0.334724165625 0.608583696875 0.4379760828125 0.673881703125 0.42818019375
13 0.7445247765625 0.41715029687499994 0.745721740625 0.3133988484375 0.6772325109375 0.32076388749999996 0.67632280625 0.42656075312499997 0.7445247765625 0.41715029687499994
2 0.16398693749999999 0.505775675 0.153765678125 0.41416315 0.082510909375 0.42111079374999993 0.0906713265625 0.517422575 0.16398693749999999 0.505775675
0 0.3544472609375 0.574782365625 0.3428532734375 0.5014365234375 0.27806271875 0.5121711265625 0.28269935 0.587123203125 0.3544472609375 0.574782365625
1 0.44757545624999995 0.5575055015625 0.4421479578125 0.4985740390625 0.34834756875 0.5117826187500001 0.353342425 0.5760933046875001 0.44757545624999995 0.5575055015625
28 0.513104890625 0.54871205 0.507820025 0.4781331046875 0.4465370828125 0.48594617656250005 0.4533833875 0.558276371875 0.513104890625 0.54871205
29 0.60332911875 0.5310497515625 0.6014849421874999 0.469179275 0.5107825703125 0.48378435781249995 0.510200925 0.5483266140625 0.60332911875 0.5310497515625
4 0.659814996875 0.5209125968749999 0.6575608546875 0.44778618437500006 0.6021960578125001 0.4542329453125 0.6058304890625 0.5294163968750001 0.659814996875 0.5209125968749999
5 0.7413404046875 0.5036747765625 0.7390879390625 0.44876170625 0.6581291109375 0.4587416109375 0.66047005 0.5191775640625 0.7413404046875 0.5036747765625
15 0.37269949375 0.69014560625 0.36271714843749997 0.6021734609375 0.2869012171875 0.615717440625 0.29518289062499997 0.7064579203125 0.37269949375 0.69014560625
23 0.44333502812500003 0.6714624031249999 0.4382471703125 0.5863197828125 0.366422225 0.5989423734375 0.37235234687499996 0.688641946875 0.44333502812500003 0.6714624031249999
24 0.3739657609375 0.78250571875 0.36648693125 0.7145450265625 0.3027023984375 0.725311340625 0.3098249140625 0.7973138015625 0.3739657609375 0.78250571875
24 0.43240131562500006 0.765847203125 0.4281173890625 0.6979408109375 0.36853974218749996 0.7132791968750001 0.3756230171875 0.7805393078125 0.43240131562500006 0.765847203125
24 0.4848236609375 0.7505769453125 0.4830389234375 0.679717865625 0.428324640625 0.6978929625 0.432535646875 0.7618566828125 0.4848236609375 0.7505769453125
26 0.5264346125 0.7433460046875 0.5195518531250001 0.6823748109375 0.481480521875 0.6903723687500001 0.487001634375 0.7508660218750001 0.5264346125 0.7433460046875
30 0.5852565484375 0.7329334953125 0.5823583218749999 0.6662909921875 0.5238808609375 0.6774158734375 0.52913330625 0.745890565625 0.5852565484375 0.7329334953125
12 0.6416877000000001 0.7167377328125 0.636971709375 0.65130679375 0.5846679609375001 0.6617982640625 0.5875688593749999 0.7292320515624999 0.6416877000000001 0.7167377328125
16 0.6959801140625 0.7049952421875 0.6959810015625 0.64164293125 0.6445313374999999 0.655896728125 0.6453885968749999 0.7190509171875 0.6959801140625 0.7049952421875
6 0.7402112828125 0.690824165625 0.7367338250000001 0.6306505984374999 0.6937735093749999 0.64056876875 0.692626365625 0.7041857140625 0.7402112828125 0.690824165625
27 0.24259627031250003 1 0.2385803171875 0.9563041484375001 0.138489228125 0.983371503125 0.1409984625 1 0.24259627031250003 1
27 0.24102161249999998 0.95653243125 0.232097665625 0.9007838921875001 0.12965360312500002 0.9268106703125 0.138007746875 0.985858365625 0.24102161249999998 0.95653243125
25 0.2708983515625 1 0.3452957390625 0.9783891296875 0.3381298578125 0.93015371875 0.2470348171875 0.9551441734375 0.2517375953125 1 0.2708983515625 1
25 0.341549596875 0.9301561140624999 0.332688646875 0.8791444359374999 0.23789128593750003 0.9018220328125001 0.24437536249999997 0.9573419609375 0.341549596875 0.9301561140624999
25 0.4341052203125 0.9515506359374999 0.42962089062500003 0.9011123375000001 0.3422046515625 0.928421078125 0.34778162031250004 0.9754395140625001 0.4341052203125 0.9515506359374999
25 0.42935687656250004 0.90354899375 0.42269552343749994 0.8528214015625 0.333716171875 0.8733639046875 0.3402002484375 0.92888383125 0.42935687656250004 0.90354899375
25 0.42190983906249996 0.8530027921875 0.41538400781249996 0.7982844046875 0.3235704390625 0.8202731390625001 0.3262192859375 0.8774704 0.42190983906249996 0.8530027921875
25 0.516420015625 0.9285872609375 0.5151752968750001 0.8829443515625 0.433231346875 0.906614009375 0.43427879375 0.9523024640625 0.516420015625 0.9285872609375
25 0.517897690625 0.884691540625 0.5157877171874999 0.8352888828125 0.42713365625 0.8573400875000001 0.430571890625 0.9088117953125 0.517897690625 0.884691540625
25 0.5168110046875001 0.8342607359375 0.5088233468750001 0.7822555437500001 0.42165178125 0.8015887828125001 0.4273072296875 0.858091915625 0.5168110046875001 0.8342607359375
31 0.5983876671874999 0.9041202281249999 0.59781795625 0.8567376765624999 0.517203396875 0.8816842250000001 0.518077271875 0.9266208499999999 0.5983876671874999 0.9041202281249999
31 0.5989974734375 0.8564653640625 0.5970807921875 0.8078099828124999 0.5161167109375 0.8312534218750001 0.5183791703125 0.882204678125 0.5989974734375 0.8564653640625
31 0.5929390234375 0.8119337890624999 0.5956883359375 0.7606173765625 0.5133335296875 0.7780466796875001 0.51328368125 0.8326993796875 0.5929390234375 0.8119337890624999
17 0.6770408078125 0.8835860156249999 0.6791500328125 0.83400118125 0.600654728125 0.8544989546874999 0.602743615625 0.9046983796875001 0.6770408078125 0.8835860156249999
17 0.677477040625 0.835179321875 0.6754055546875 0.7857677796875 0.5979107875 0.806034559375 0.599171046875 0.8572171921875 0.677477040625 0.835179321875
17 0.6732101796875 0.7846908203125 0.6729716578125 0.7340642015625 0.5951276078125 0.7528278187499999 0.593420503125 0.809446928125 0.6732101796875 0.7846908203125
7 0.7591820296875 0.8598708125 0.7591325234374999 0.8099924578125 0.681620178125 0.8302632984375 0.680355315625 0.8796531953125 0.7591820296875 0.8598708125
7 0.7570931421875 0.8096713859375001 0.753209596875 0.761470090625 0.6790498109375 0.78255073125 0.6803100703125 0.8337333640625 0.7570931421875 0.8096713859375001
7 0.7561800296875 0.759992409375 0.753995590625 0.7145664515625 0.6796596171875 0.73489586875 0.674559525 0.7859631015625 0.7561800296875 0.759992409375
36 0.4876604453125 0.6632088281249999 0.4853952671875 0.5888971093750001 0.44429909375000004 0.5954152781250001 0.44579894375 0.6704976140625 0.4876604453125 0.6632088281249999
34 0.5314871078125 0.6507149421875 0.5291315156249999 0.579393728125 0.4874035375 0.5866516859375001 0.49001614687500006 0.659695340625 0.5314871078125 0.6507149421875
33 0.5633167921875 0.64455433125 0.5599564953125 0.5722772218750001 0.5307683390625 0.5790158375 0.5340024203125 0.6513220875 0.5633167921875 0.64455433125
35 0.5942595421875 0.6387860421875 0.592301384375 0.5672167796875 0.5643289375 0.5726744296875 0.5670418796875001 0.645069734375 0.5942595421875 0.6387860421875
37 0.6229623937500001 0.6331597640625 0.6220826078125 0.5633421296875001 0.594103259375 0.5688013749999999 0.5954158546875 0.6380189374999999 0.6229623937500001 0.6331597640625
39 0.6529311828125001 0.6272412203125 0.6498302171875 0.5564359421875 0.6251187359375 0.5616408890625 0.62549426875 0.632575234375 0.6529311828125001 0.6272412203125
38 0.6806721890625 0.6203365562500001 0.6785398203125 0.550808103125 0.651070459375 0.5556494609375 0.6538682437500001 0.6255244375 0.6806721890625 0.6203365562500001
41 0.7093750390625 0.6147102765625 0.7081017921874999 0.5459837765625 0.6820010921875 0.5510093031250001 0.682790346875 0.6208478359375 0.7093750390625 0.6147102765625
42 0.735655640625 0.6101433671875001 0.7348024140625 0.5403196 0.70943800625 0.5456752875 0.710008009375 0.61456414375 0.735655640625 0.6101433671875001
18 0.44561730468749994 0.46187354999999997 0.43886168281250004 0.3557346296875 0.1618195078125 0.384851196875 0.1661150015625 0.499477096875 0.44561730468749994 0.46187354999999997