13 0.29296875 0.28828125 0.1015625 0.121875
13 0.36640625 0.30859375 0.096875 0.1171875
14 0.4421875 0.3296875 0.0984375 0.1203125
14 0.5171875 0.3515625 0.1 0.11875
21 0.59609375 0.3703125 0.0921875 0.1171875
21 0.6671875 0.38828125 0.0890625 0.1140625
22 0.73671875 0.40390625 0.0921875 0.1171875
23 0.26484375 0.409375 0.0875 0.0921875
15 0.32890625 0.42890625 0.08125 0.0875
8 0.4015625 0.4359375 0.09375 0.115625
9 0.465625 0.4515625 0.08125 0.1046875
10 0.53125 0.46796875 0.0890625 0.109375
11 0.6 0.484375 0.090625 0.1109375
3 0.65625 0.5109375 0.0640625 0.078125
2 0.71328125 0.52265625 0.0640625 0.078125
1 0.5421875 0.559375 0.090625 0.06875
28 0.4703125 0.54375 0.0640625 0.065625
29 0.39921875 0.52890625 0.096875 0.0703125
4 0.3296875 0.5109375 0.0640625 0.065625
5 0.26015625 0.496875 0.096875 0.071875
12 0.22421875 0.57578125 0.075 0.0796875
6 0.20859375 0.6515625 0.06875 0.071875
16 0.2578125 0.6625 0.0640625 0.0640625
30 0.3125 0.67109375 0.0671875 0.071875
26 0.3546875 0.684375 0.05 0.0609375
24 0.39921875 0.68984375 0.0640625 0.071875
24 0.4515625 0.70078125 0.065625 0.0703125
24 0.50546875 0.71328125 0.0640625 0.0703125
7 0.21015625 0.74453125 0.0875 0.0609375
7 0.1953125 0.79375 0.0921875 0.0625
7 0.18359375 0.8375 0.090625 0.0609375
17 0.26640625 0.85234375 0.0859375 0.05625
25 0.42734375 0.88515625 0.0875 0.0640625
25 0.50390625 0.89765625 0.08125 0.0578125
25 0.51484375 0.85703125 0.08125 0.0578125
25 0.45078125 0.7921875 0.0859375 0.0578125
25 0.43828125 0.83984375 0.0890625 0.0640625
31 0.34453125 0.86953125 0.0859375 0.0578125
31 0.37109375 0.778125 0.0890625 0.0625
31 0.35703125 0.82890625 0.0875 0.0640625
27 0.57890625 0.91015625 0.08125 0.0578125
27 0.58984375 0.86640625 0.08125 0.0609375
42 0.29765625 0.58828125 0.04375 0.0703125
41 0.3265625 0.5953125 0.04375 0.0703125
38 0.35625 0.60078125 0.04375 0.0703125
18 0.2703125 0.5765625 0.0421875 0.0609375
18 0.4703125 0.61875 0.0375 0.0578125
39 0.392616484375 0.6403600515625001 0.40441471250000005 0.578755709375 0.37990789999999997 0.5717830578124999 0.365433603125 0.6351103171875 0.392616484375 0.6403600515625001
37 0.4206370046875 0.6442909375 0.43516069062499996 0.58603961875 0.4080584546875 0.5788017796875 0.3939331203125 0.6391606328125 0.4206370046875 0.6442909375
35 0.44758166250000003 0.6525367156249999 0.46195422500000005 0.5908103546875 0.4365450125 0.58447286875 0.422194384375 0.64620695625 0.44758166250000003 0.6525367156249999
34 0.5161383109375 0.6673382109375 0.5283848 0.6039359921874999 0.49067433281249995 0.597014553125 0.4785965984375 0.6587418875 0.5161383109375 0.6673382109375
36 0.554338278125 0.6753348421875 0.5677528453125 0.6133696234375 0.53113985 0.60567233125 0.5181439515624999 0.6674563515624999 0.554338278125 0.6753348421875