10 0.3859375 0.26328125 0.121875 0.1671875
14 0.28359375 0.2765625 0.1171875 0.1671875
13 0.17265625 0.290625 0.134375 0.1734375
9 0.06953125 0.30625 0.1125 0.1625
7 0.4203125 0.58515625 0.128125 0.0859375
5 0.17734375 0.6203125 0.1265625 0.0890625
31 0.44609375 0.69765625 0.1140625 0.084375
24 0.35859375 0.7 0.0796875 0.0921875
23 0.278125 0.71171875 0.096875 0.103125
15 0.1921875 0.7203125 0.0953125 0.1046875
27 0.46171875 0.828125 0.1203125 0.0796875
27 0.4734375 0.8890625 0.11875 0.0765625
25 0.353125 0.9046875 0.1125 0.0765625
25 0.24296875 0.91640625 0.11875 0.0765625
38 0.39453125 0.4421875 0.0546875 0.1015625
40 0.37916868125000003 0.4918112671875 0.36090350937500004 0.39727052500000004 0.3228854421875 0.4037801 0.3422630765625 0.497942846875 0.37916868125000003 0.4918112671875
41 0.339398615625 0.4977612265625 0.3199274390625 0.40363443906249996 0.28088635625 0.40893693906250006 0.3009639671875 0.5030137406249999 0.339398615625 0.4977612265625
42 0.29956401875 0.5031856328125001 0.278870765625 0.40934190625 0.24111623125 0.4148868640625 0.259029403125 0.50869605 0.29956401875 0.5031856328125001
37 0.1772602453125 0.5198028078125 0.1506103828125 0.4284220140625 0.11067073593750001 0.43463722968749996 0.13659659062500001 0.5242622828125 0.1772602453125 0.5198028078125
32 0.135325684375 0.5254851375 0.1102677671875 0.432709121875 0.0707716265625 0.439536225 0.0933911125 0.5311673875 0.135325684375 0.5254851375
18 0.46301841406250005 0.4687146734375 0.45327818437499995 0.382596628125 0.41076091718749996 0.390323440625 0.421654784375 0.4732600953125 0.46301841406250005 0.4687146734375
18 0.2559519765625 0.4952059828125 0.2395646140625 0.4148344375 0.2035751171875 0.4216298453125 0.2182818265625 0.5008980625 0.2559519765625 0.4952059828125
18 0.214781903125 0.5013277984375 0.2012143265625 0.42087594531250005 0.1635469734375 0.4254779359375 0.1762827421875 0.5060549015625 0.214781903125 0.5013277984375
18 0.29921875 0.59921875 0.1328125 0.0890625