19 0.94453125 0.28046875 0.1109375 0.1265625
19 0.82890625 0.2703125 0.13125 0.11875
20 0.70390625 0.2546875 0.1375 0.125
20 0.57890625 0.23828125 0.134375 0.125
8 0.44296875 0.22578125 0.1390625 0.125
9 0.31953125 0.2078125 0.134375 0.128125
10 0.19453125 0.18984375 0.1453125 0.134375
13 0.934375 0.40234375 0.13125 0.1203125
13 0.81328125 0.390625 0.125 0.1140625
13 0.6984375 0.3765625 0.128125 0.121875
14 0.5875 0.365625 0.115625 0.1125
14 0.47265625 0.3515625 0.1390625 0.1171875
14 0.3453125 0.33671875 0.1359375 0.1171875
3 0.2375 0.3359375 0.0921875 0.0890625
3 0.14921875 0.32421875 0.103125 0.0875
2 0.06171875 0.315625 0.090625 0.08125
4 0.75390625 0.4875 0.0953125 0.0765625
29 0.64296875 0.48046875 0.1453125 0.0703125
28 0.52578125 0.46171875 0.1015625 0.078125
1 0.4078125 0.45390625 0.15 0.071875
0 0.29140625 0.4359375 0.1015625 0.0765625
15 0.29609375 0.52421875 0.11875 0.0859375
23 0.4078125 0.5375 0.1171875 0.084375
24 0.2875 0.6125 0.0984375 0.071875
24 0.378125 0.6203125 0.09375 0.075
24 0.46484375 0.6296875 0.096875 0.0734375
26 0.5484375 0.640625 0.0765625 0.065625
12 0.6875 0.6515625 0.096875 0.0703125
16 0.77734375 0.66328125 0.0984375 0.06875
6 0.86796875 0.6703125 0.096875 0.0703125
27 0.0640625 0.72890625 0.128125 0.0734375
27 0.06171875 0.778125 0.1234375 0.06875
25 0.19375 0.73984375 0.14375 0.0671875
25 0.1859375 0.78828125 0.14375 0.0640625
25 0.33125 0.75390625 0.1453125 0.0640625
25 0.325 0.8015625 0.1421875 0.0640625
25 0.4671875 0.76875 0.1359375 0.0625
25 0.4609375 0.8140625 0.1375 0.0625
31 0.59453125 0.82734375 0.1390625 0.0640625
31 0.59921875 0.7734375 0.134375 0.065625
17 0.7484375 0.74296875 0.1359375 0.0625
17 0.74375 0.79921875 0.1421875 0.0640625
17 0.73515625 0.84375 0.1421875 0.0609375
7 0.871875 0.8546875 0.1296875 0.0625
7 0.88203125 0.8078125 0.14375 0.065625
25 0.5381117609375 0.7372021156249999 0.5451767515625 0.6898190343749999 0.40867797812499995 0.6762240796875 0.406306803125 0.7238905546875001 0.5381117609375 0.7372021156249999
25 0.40507824687499994 0.7237397078125001 0.410706234375 0.677903434375 0.28210103750000004 0.6657055828125 0.27450175312499997 0.7105789828125 0.40507824687499994 0.7237397078125001
35 0.67578125 0.56640625 0.053125 0.071875
38 0.815625 0.5828125 0.05 0.071875
37 0.72109375 0.57265625 0.053125 0.071875
34 0.5976476546875 0.59166735625 0.6029516390625 0.5237124203125 0.5379383046874999 0.518768040625 0.53359234375 0.5852025125 0.5976476546875 0.59166735625
36 0.53170885 0.5840377906249999 0.530741278125 0.5176463484375 0.4679701609375 0.51076008125 0.4686517484375 0.577695475 0.53170885 0.5840377906249999
18 0.62734375 0.55546875 0.059375 0.0640625
18 0.8609375 0.5828125 0.0484375 0.0609375
18 0.90703125 0.5875 0.0515625 0.0609375
18 0.88125 0.5 0.1625 0.08125