10 0.35703125 0.17421875 0.13125 0.15
9 0.45390625 0.20078125 0.1171875 0.146875
8 0.54140625 0.22109375 0.125 0.1578125
22 0.625 0.24609375 0.1046875 0.1390625
22 0.70625 0.26484375 0.1109375 0.14375
21 0.79296875 0.28125 0.1109375 0.1515625
19 0.88828125 0.3015625 0.1328125 0.1625
13 0.6828125 0.40390625 0.115625 0.1390625
14 0.59765625 0.38515625 0.103125 0.1328125
14 0.5140625 0.365625 0.1109375 0.1359375
14 0.43046875 0.346875 0.1078125 0.13125
3 0.3609375 0.34609375 0.0703125 0.0859375
3 0.30390625 0.33046875 0.0796875 0.084375
2 0.24140625 0.31484375 0.0765625 0.0921875
5 0.78359375 0.56796875 0.1140625 0.0875
4 0.70546875 0.540625 0.078125 0.090625
29 0.62109375 0.5265625 0.1171875 0.0890625
28 0.54375 0.49921875 0.0796875 0.0890625
1 0.46171875 0.48515625 0.109375 0.084375
0 0.38125 0.45703125 0.084375 0.0953125
15 0.3640625 0.5515625 0.090625 0.09375
24 0.3234375 0.65390625 0.08125 0.0890625
24 0.3875 0.66796875 0.0796875 0.096875
24 0.4484375 0.68125 0.0765625 0.0953125
26 0.49609375 0.70546875 0.05625 0.075
12 0.54765625 0.71015625 0.0796875 0.0921875
30 0.61015625 0.72265625 0.078125 0.0859375
16 0.67421875 0.74375 0.08125 0.0890625
6 0.740625 0.7578125 0.0875 0.09375
27 0.11640625 0.78046875 0.11875 0.084375
27 0.10625 0.83984375 0.1125 0.0796875
25 0.2046875 0.8609375 0.1140625 0.0828125
25 0.21640625 0.80234375 0.109375 0.08125
25 0.30390625 0.88125 0.1078125 0.0796875
25 0.3171875 0.825 0.1125 0.0828125
25 0.3296875 0.7671875 0.1109375 0.08125
25 0.4015625 0.90625 0.1109375 0.0796875
25 0.41796875 0.84921875 0.109375 0.0796875
25 0.4296875 0.790625 0.1140625 0.0859375
31 0.51328125 0.8765625 0.109375 0.0828125
31 0.496875 0.93203125 0.1125 0.08125
31 0.5328125 0.81328125 0.1109375 0.084375
17 0.63125 0.8421875 0.11875 0.0859375
17 0.61328125 0.8984375 0.1171875 0.0890625
17 0.59453125 0.9546875 0.109375 0.0796875
7 0.69140625 0.96875 0.1109375 0.0625
7 0.7140625 0.9234375 0.1171875 0.0875
7 0.73671875 0.86328125 0.115625 0.084375
36 0.5109375 0.58515625 0.0640625 0.0875
34 0.5625 0.5984375 0.0625 0.0859375
33 0.6046875 0.61015625 0.0484375 0.0828125
41 0.77890625 0.6515625 0.05 0.0859375
35 0.64574118125 0.6587674125 0.6706532609375 0.5874404234374999 0.64021751875 0.5767182390625 0.61445460625 0.6510164015625 0.64574118125 0.6587674125
39 0.716216221875 0.6766216578125 0.7363356484375 0.6047161328125 0.706095015625 0.5993183359375001 0.6850453640625 0.6683694296875 0.716216221875 0.6766216578125
18 0.815625 0.434375 0.196875 0.1515625
18 0.44375 0.57109375 0.0984375 0.09375
18 0.74609375 0.63828125 0.04375 0.071875
18 0.67734375 0.62421875 0.04375 0.065625