11 0.7859375 0.18671875 0.1109375 0.1375
10 0.69921875 0.1828125 0.1015625 0.1421875
9 0.60546875 0.17890625 0.1 0.140625
8 0.51640625 0.1734375 0.0921875 0.1375
20 0.434375 0.171875 0.0875 0.1265625
22 0.35234375 0.16328125 0.0921875 0.1359375
21 0.2640625 0.15703125 0.0953125 0.134375
21 0.17109375 0.1515625 0.09375 0.1328125
13 0.18984375 0.2953125 0.09375 0.11875
13 0.275 0.3 0.09375 0.1234375
13 0.3609375 0.30703125 0.0859375 0.1203125
14 0.44140625 0.31796875 0.0875 0.1125
14 0.5171875 0.3234375 0.075 0.10625
14 0.5890625 0.328125 0.0796875 0.1046875
3 0.65390625 0.340625 0.059375 0.08125
3 0.71328125 0.34453125 0.0625 0.078125
2 0.771875 0.34609375 0.0609375 0.0828125
5 0.1953125 0.41875 0.10625 0.0671875
4 0.27890625 0.4203125 0.065625 0.0765625
29 0.3640625 0.42890625 0.1015625 0.06875
28 0.44296875 0.43125 0.0671875 0.0734375
1 0.51875 0.43828125 0.0921875 0.065625
0 0.59921875 0.4390625 0.0671875 0.071875
15 0.58515625 0.53671875 0.0796875 0.08125
23 0.51171875 0.5296875 0.075 0.0859375
24 0.58671875 0.62734375 0.0640625 0.071875
24 0.52890625 0.62265625 0.059375 0.071875
24 0.47109375 0.6203125 0.0625 0.071875
26 0.4109375 0.62265625 0.04375 0.0640625
30 0.35078125 0.61953125 0.0609375 0.0703125
12 0.2890625 0.6140625 0.059375 0.0734375
16 0.23125 0.6109375 0.0609375 0.071875
6 0.16953125 0.60703125 0.0625 0.0765625
27 0.7375 0.80078125 0.1 0.0609375
27 0.73203125 0.85078125 0.0953125 0.0546875
25 0.64296875 0.78828125 0.090625 0.0609375
25 0.63984375 0.8421875 0.0921875 0.0578125
25 0.553125 0.790625 0.0921875 0.0578125
25 0.55703125 0.73359375 0.0984375 0.0609375
25 0.546875 0.83984375 0.0921875 0.0546875
25 0.45703125 0.8328125 0.0890625 0.0578125
25 0.459375 0.784375 0.0921875 0.05625
25 0.465625 0.7296875 0.0984375 0.0609375
31 0.3671875 0.828125 0.0890625 0.05625
31 0.36484375 0.775 0.0921875 0.05625
17 0.27890625 0.82734375 0.0921875 0.0578125
17 0.275 0.77265625 0.09375 0.0609375
17 0.27421875 0.71640625 0.09375 0.0625
7 0.1859375 0.82109375 0.0953125 0.059375
7 0.17734375 0.76796875 0.1046875 0.0609375
36 0.45234375 0.52890625 0.0453125 0.0734375
34 0.40546875 0.52578125 0.0453125 0.075
38 0.23359375 0.51640625 0.0359375 0.0765625
41 0.19921875 0.51484375 0.034375 0.075
33 0.365625 0.52421875 0.034375 0.0734375
35 0.33203125 0.5234375 0.0359375 0.0765625
18 0.3 0.515625 0.034375 0.0640625
18 0.2671875 0.5125 0.0328125 0.0625