11 0.728125 0.16953125 0.1296875 0.1703125
10 0.6627084515624999 0.23424649999999997 0.6954424203125 0.1021300296875 0.627528028125 0.0947397890625 0.5927301546875 0.229204484375 0.6627084515624999 0.23424649999999997
9 0.5901109265625 0.2295057109375 0.6208806421874999 0.094990953125 0.5537328921875 0.0897004 0.5229758578125 0.2232640484375 0.5901109265625 0.2295057109375
8 0.5239494671875 0.22446106875 0.55448979375 0.1061117390625 0.5030715953125 0.09901737499999999 0.47088413593749995 0.2179102984375 0.5239494671875 0.22446106875
20 0.46871291406250004 0.21641468125 0.49819834375000005 0.107345053125 0.4450694171875 0.096961340625 0.41183074687500004 0.2098665375 0.46871291406250004 0.21641468125
19 0.3791248203125 0.20839193906250003 0.40342810625 0.1047101609375 0.3441084125 0.0937371890625 0.32104503906250004 0.201545196875 0.3791248203125 0.20839193906250003
19 0.32388826718749997 0.20034554999999998 0.3412932921875 0.09876093124999999 0.2891734640625 0.0895830859375 0.2746397734375 0.193792153125 0.32388826718749997 0.20034554999999998
2 0.707780184375 0.3953048296875 0.7381663609375 0.30840803906250003 0.6772614265625 0.2932227328125 0.645056353125 0.3815745671875 0.707780184375 0.3953048296875
3 0.6464779671875001 0.3809747421875 0.6721359687499999 0.2976704453125 0.6210512640625 0.283979325 0.5943086421875 0.370830284375 0.6464779671875001 0.3809747421875
3 0.5952822546875 0.37202730625 0.61800665 0.2851287609375 0.5712771640625001 0.2744320640625 0.5476017734374999 0.3591849546875 0.5952822546875 0.37202730625
14 0.5455081546875 0.3624800453125 0.5730710609375 0.2510225359375 0.5101125375 0.2391423 0.48398193437500003 0.349048378125 0.5455081546875 0.3624800453125
14 0.4820347140625 0.3466543390625 0.504274759375 0.24627522656249998 0.453307971875 0.237384865625 0.43390623125000005 0.33560883124999996 0.4820347140625 0.3466543390625
14 0.43128700468750003 0.3359100578125 0.448577428125 0.240022496875 0.398295421875 0.22844005625000002 0.388172971875 0.325160521875 0.43128700468750003 0.3359100578125
13 0.38585535000000004 0.32935403281250003 0.4039533890625 0.2250793859375 0.3602734390625 0.2227771984375 0.3381748703125 0.31651168125 0.38585535000000004 0.32935403281250003
13 0.3367532546875 0.31711150625 0.35926112187500003 0.22061625468749999 0.3191842296875 0.2192124109375 0.2988776734375 0.30575951875 0.3367532546875 0.31711150625
13 0.29625844843750004 0.30606074375 0.31771454062500004 0.21884597656250002 0.275398190625 0.211158140625 0.2543420265625 0.29560980625 0.29625844843750004 0.30606074375
1 0.4940410375 0.45016448750000004 0.5088260328125 0.3902326765625 0.439162584375 0.370955084375 0.42512514062499995 0.42725619375 0.4940410375 0.45016448750000004
29 0.39383789375 0.4200915890625 0.406306909375 0.36594414999999997 0.3470469890625 0.34926045 0.336300778125 0.40256506875 0.39383789375 0.4200915890625
4 0.33565170312500003 0.4017670546875 0.34954813749999997 0.33843279375 0.31999284375000003 0.32851910625 0.30336497812499996 0.3918085265625 0.33565170312500003 0.4017670546875
5 0.3040140515625 0.3926065390625 0.3139682921875 0.34164918593750004 0.263512815625 0.3271606796875 0.254610353125 0.3764717265625 0.3040140515625 0.3926065390625
15 0.5130204890625001 0.5713177671875 0.5366400796875 0.4964117734375 0.4840297515625 0.48011363906250004 0.45972234843750004 0.550394871875 0.5130204890625001 0.5713177671875
23 0.45782686406249995 0.5511946390625 0.4831276203125 0.47289071875 0.4346719171875 0.456992265625 0.40622313749999994 0.526877121875 0.45782686406249995 0.5511946390625
24 0.49236646406249995 0.660959146875 0.5155384296875 0.587850090625 0.46621895625 0.5685553718749999 0.4463515953125 0.6380350890625001 0.49236646406249995 0.660959146875
24 0.4479484109375 0.6384332203125 0.4670188125 0.568118615625 0.4276425640625 0.5532115656250001 0.41011869218749997 0.6200946734375 0.4479484109375 0.6384332203125
24 0.40852187500000003 0.6196965421875 0.428432959375 0.5527724515625 0.3906629890625 0.538265890625 0.37213963906249997 0.6023550765625 0.40852187500000003 0.6196965421875
12 0.316440496875 0.5724571593750001 0.3357505234375 0.5141837140625001 0.3040518921875 0.5030994515625 0.2850401765625 0.556675915625 0.316440496875 0.5724571593750001
16 0.28491573125 0.5571750359375 0.30492663750000004 0.5017270968750001 0.2747720375 0.4873167484375 0.2540563046875 0.542058803125 0.28491573125 0.5571750359375
6 0.25472164531249997 0.542224690625 0.274849428125 0.486275740625 0.2449944 0.4735305375 0.22627468906249998 0.52877025625 0.25472164531249997 0.542224690625
27 0.545215378125 0.885029946875 0.562348471875 0.827274034375 0.48819609374999995 0.784928971875 0.47583777656250004 0.8401643125 0.545215378125 0.885029946875
27 0.5286592437500001 0.9429297109375 0.544336425 0.8853409484375 0.47093150625 0.84000134375 0.45653405625000004 0.892077515625 0.5286592437500001 0.9429297109375
25 0.46336387500000004 0.8391748234374999 0.479642934375 0.779085371875 0.41386910625000006 0.737238865625 0.3993903265625 0.7924756656249999 0.46336387500000004 0.8391748234374999
25 0.45549538125 0.8934089999999999 0.46986575 0.83814516875 0.40783396875 0.7982919609375 0.3931014015625 0.84604336875 0.45549538125 0.8934089999999999
25 0.39256050781249996 0.8453783593749999 0.4052530984375 0.79393741875 0.3481875765625 0.7569128921875 0.33661415156249996 0.8033313609375 0.39256050781249996 0.8453783593749999
25 0.335575475 0.8046628421875001 0.3486696875 0.754382340625 0.29868884218749997 0.7201845234375 0.2880727625 0.7684321375 0.335575475 0.8046628421875001
31 0.30278357499999997 0.6703109546875 0.313028459375 0.62111439375 0.266357328125 0.59663200625 0.25812311875 0.6433936625000001 0.30278357499999997 0.6703109546875
31 0.298608790625 0.7184517687499999 0.306611690625 0.67236649375 0.26183792499999997 0.64615500625 0.2524504703125 0.6896929078125 0.298608790625 0.7184517687499999
31 0.28899271875 0.7648688890625001 0.2985805078125 0.7202798546875 0.2546972625 0.6924552625 0.2476129078125 0.7365673890625 0.28899271875 0.7648688890625001
17 0.24692028281249997 0.7334584765625001 0.254481709375 0.68909826875 0.2142386921875 0.6643834515625 0.20951374375 0.70688168125 0.24692028281249997 0.7334584765625001
17 0.2532557078125 0.6884255640625 0.2611606609375 0.6426828984374999 0.219364565625 0.618314909375 0.210580190625 0.6594339812500001 0.2532557078125 0.6884255640625
7 0.20957279843749999 0.6595498375 0.2191669578125 0.6167975296875 0.178965690625 0.5939282609375 0.1689154578125 0.6361998296875 0.20957279843749999 0.6595498375
7 0.20398630468749998 0.7055035359375 0.2144170796875 0.663326846875 0.1715068703125 0.6375799953125 0.161771409375 0.676626796875 0.20398630468749998 0.7055035359375
36 0.410097328125 0.5229126609375 0.431941259375 0.45883344218750005 0.4063392515625 0.44870122031250004 0.3836310609375 0.5142690109375 0.410097328125 0.5229126609375
34 0.382855621875 0.5137348609375 0.3999869453125 0.44848065625 0.3754357953125 0.43963287656250005 0.35756479531249996 0.504021034375 0.382855621875 0.5137348609375
33 0.35737707812499997 0.5029517984375 0.37281865000000003 0.43898035 0.3558930265625 0.4323746375 0.340132903125 0.495585040625 0.35737707812499997 0.5029517984375
35 0.3380220265625 0.49676279687499997 0.3527632953125 0.43193511874999996 0.3360302546875 0.4263998578125 0.318986975 0.48929033437499997 0.3380220265625 0.49676279687499997
39 0.30396139375 0.482135921875 0.3184020625 0.4203005984375 0.3017573375 0.4144465453125 0.28765265625 0.4746615828125 0.30396139375 0.482135921875
38 0.2877603734375 0.47605168593749997 0.3024649046875 0.4149637734375 0.287694909375 0.4088955203125 0.273162509375 0.469003915625 0.2877603734375 0.47605168593749997
41 0.27233478906249997 0.47050159843749995 0.2871955703125 0.4087710203125 0.2718693203125 0.4049497578125 0.25722920625 0.46366805156249996 0.27233478906249997 0.47050159843749995