9 0.21484375 0.2453125 0.109375 0.1421875
13 0.31015625 0.2515625 0.10625 0.1421875
14 0.4 0.26328125 0.1046875 0.1390625
19 0.49453125 0.27578125 0.1 0.1359375
5 0.24140625 0.515625 0.10625 0.06875
29 0.3453125 0.52578125 0.1078125 0.071875
7 0.4453125 0.53359375 0.1046875 0.065625
31 0.43828125 0.6421875 0.096875 0.0640625
24 0.36015625 0.628125 0.0671875 0.0796875
23 0.2953125 0.615625 0.078125 0.0921875
15 0.22421875 0.60625 0.0796875 0.09375
27 0.42109375 0.80390625 0.1015625 0.065625
25 0.3171875 0.79375 0.1015625 0.065625
25 0.2078125 0.78125 0.103125 0.06875
38 0.45078125 0.4140625 0.040625 0.084375
40 0.41484375 0.409375 0.04375 0.0859375
41 0.38046875 0.40625 0.040625 0.084375
42 0.3453125 0.403125 0.040625 0.0828125
35 0.31015625 0.4 0.04375 0.084375
18 0.48671875 0.41015625 0.0421875 0.071875
18 0.27421875 0.38984375 0.04375 0.071875
18 0.20390625 0.3828125 0.0421875 0.071875
37 0.255080115625 0.433523946875 0.256451271875 0.35412901875 0.224348696875 0.3516841671875 0.2243432109375 0.43083481562500003 0.255080115625 0.433523946875