19 0.2 0.2171875 0.1 0.146875
19 0.29609375 0.2265625 0.0921875 0.1375
20 0.38984375 0.23359375 0.09375 0.1328125
20 0.47734375 0.24296875 0.090625 0.1234375
8 0.56640625 0.24375 0.09375 0.1328125
9 0.6546875 0.24609375 0.0921875 0.128125
10 0.74296875 0.246875 0.09375 0.1328125
13 0.1921875 0.38515625 0.0921875 0.1265625
13 0.2828125 0.3875 0.0875 0.128125
13 0.37109375 0.39140625 0.0921875 0.125
3 0.709375 0.4203125 0.059375 0.08125
3 0.76875 0.41796875 0.0609375 0.084375
2 0.83046875 0.42265625 0.0625 0.08125
18 0.54140625 0.3921875 0.2484375 0.1296875
5 0.21015625 0.52109375 0.109375 0.0640625
4 0.30234375 0.51484375 0.06875 0.08125
29 0.38984375 0.5265625 0.103125 0.0625
28 0.47578125 0.52109375 0.06875 0.075
1 0.5625 0.528125 0.103125 0.0640625
0 0.64453125 0.52578125 0.065625 0.071875
15 0.63125 0.61875 0.06875 0.084375
23 0.5578125 0.61796875 0.071875 0.084375
24 0.61875 0.71953125 0.0625 0.0734375
24 0.55859375 0.715625 0.0625 0.071875
24 0.49609375 0.71484375 0.0609375 0.0734375
26 0.44453125 0.7234375 0.0453125 0.0625
30 0.39296875 0.7171875 0.06875 0.0734375
12 0.32734375 0.72109375 0.0671875 0.06875
16 0.2609375 0.721875 0.0640625 0.0734375
6 0.19453125 0.7203125 0.0671875 0.0765625
27 0.775 0.93671875 0.0921875 0.05625
27 0.77890625 0.8828125 0.096875 0.0578125
25 0.684375 0.8828125 0.096875 0.0546875
25 0.68125 0.93515625 0.0953125 0.05625
25 0.58828125 0.9375 0.0921875 0.05625
25 0.5890625 0.88203125 0.09375 0.0609375
25 0.4921875 0.93984375 0.09375 0.0578125
25 0.49375 0.8859375 0.0953125 0.0578125
31 0.39609375 0.89453125 0.0984375 0.059375
31 0.39375 0.946875 0.096875 0.05625
17 0.2953125 0.95 0.0984375 0.0625
17 0.29375 0.89140625 0.0984375 0.0609375
6 0.19765625 0.9484375 0.1015625 0.065625
6 0.19765625 0.88515625 0.1 0.065625
41 0.22578125 0.61875 0.0359375 0.0796875
35 0.37109375 0.6203125 0.0359375 0.0796875
36 0.5175599578125001 0.6588064328125001 0.5221193046875 0.5833759421875 0.47710848125 0.582590275 0.473405175 0.65874806875 0.5175599578125001 0.6588064328125001
34 0.4677093859375 0.6586486484375 0.47414975000000004 0.58360716875 0.428669425 0.5831694859375001 0.42308616718750003 0.6582259265625 0.4677093859375 0.6586486484375
33 0.420238275 0.658176215625 0.42716079218749997 0.5820746140625 0.394026265625 0.5822086078125001 0.387012846875 0.6575962640624999 0.420238275 0.658176215625
37 0.349503146875 0.657653890625 0.34838767656249997 0.578562546875 0.3157340453125 0.57941729375 0.31674615156249997 0.6574382937500001 0.349503146875 0.657653890625
18 0.18984375 0.61171875 0.034375 0.06875
18 0.2640625 0.6125 0.0375 0.0671875
18 0.29765625 0.6125 0.0328125 0.0671875