9 0.27265625 0.228125 0.1453125 0.184375
13 0.3796875 0.25390625 0.128125 0.1640625
14 0.4796875 0.27265625 0.115625 0.1609375
19 0.58046875 0.2875 0.121875 0.1703125
5 0.27890625 0.5515625 0.121875 0.08125
29 0.39453125 0.56953125 0.1203125 0.08125
7 0.50703125 0.5859375 0.1171875 0.0828125
23 0.33125 0.65546875 0.096875 0.0984375
24 0.41015625 0.6671875 0.0796875 0.090625
31 0.49765625 0.68984375 0.1140625 0.0796875
27 0.46328125 0.80234375 0.1078125 0.0703125
27 0.4515625 0.85625 0.1046875 0.065625
25 0.353125 0.78828125 0.1078125 0.0703125
25 0.34609375 0.840625 0.10625 0.065625
25 0.24453125 0.82578125 0.109375 0.06875
25 0.2484375 0.771875 0.1140625 0.0703125
40 0.4921875 0.44609375 0.05 0.0953125
38 0.5328125 0.4515625 0.053125 0.0984375
39 0.5815092546875 0.5068162578125001 0.6043826359375 0.41762974062499997 0.5662490671875 0.4106525109375 0.5456188390625 0.500663040625 0.5815092546875 0.5068162578125001
41 0.46301113593750004 0.48570433125 0.47666899999999995 0.39552695312499997 0.436923603125 0.390638103125 0.42826737656249997 0.48020145937500003 0.46301113593750004 0.48570433125
42 0.4245377140625 0.48007947343749996 0.4333916828125 0.38867250000000003 0.3976562484375 0.382075096875 0.3878929109375 0.4747442390625 0.4245377140625 0.48007947343749996
35 0.38559960000000004 0.47344354843750003 0.394990684375 0.3825903796875 0.357272246875 0.376616365625 0.34963675781250003 0.46774759374999997 0.38559960000000004 0.47344354843750003
33 0.3461243671875 0.46625381718750003 0.3554430296875 0.3758579125 0.3177876234375 0.3694251484375 0.308870025 0.4608220421875 0.3461243671875 0.46625381718750003
37 0.3057499015625 0.46079659843750004 0.312310559375 0.3680889328125 0.274427625 0.36302633281249996 0.268567984375 0.45490756093750007 0.3057499015625 0.46079659843750004
39 0.263981359375 0.4523061734375 0.2655208515625 0.359740703125 0.2276992140625 0.354219078125 0.22482597499999998 0.44704203906249995 0.263981359375 0.4523061734375