10 0.42421875 0.24765625 0.109375 0.159375
14 0.32109375 0.2453125 0.103125 0.1609375
13 0.209375 0.2421875 0.121875 0.165625
9 0.1046875 0.24140625 0.1 0.15625
7 0.4078125 0.571875 0.121875 0.0765625
5 0.1625 0.56796875 0.121875 0.0796875
31 0.41640625 0.68671875 0.1078125 0.075
24 0.32890625 0.675 0.071875 0.0875
23 0.24765625 0.67421875 0.0890625 0.0953125
15 0.16171875 0.66953125 0.0890625 0.096875
27 0.4109375 0.81796875 0.115625 0.0703125
27 0.41328125 0.8796875 0.1140625 0.0671875
25 0.29140625 0.8765625 0.1078125 0.0671875
25 0.18046875 0.87109375 0.1140625 0.0671875
38 0.4046875 0.4265625 0.046875 0.0984375
40 0.381937315625 0.4730099015625 0.3786864484375 0.376775809375 0.340118125 0.3772579046875 0.34452689062499997 0.4732926828125 0.381937315625 0.4730099015625
41 0.34172610625 0.47266519687499997 0.337219325 0.376651303125 0.29782941093750004 0.37578115156249997 0.30294297812500004 0.47184054062499997 0.34172610625 0.47266519687499997
42 0.3015333765625 0.4717913171875 0.295775284375 0.37586582343749997 0.2576181484375 0.37543640312500004 0.2606357890625 0.47089288125 0.3015333765625 0.4717913171875
37 0.178135865625 0.46907138125000003 0.1661092125 0.3746466796875 0.1256890140625 0.3745374390625 0.13727523125000002 0.46711475468749997 0.178135865625 0.46907138125000003
32 0.1358286765625 0.4681237421875 0.1255926296875 0.37257002968749997 0.085514759375 0.3731345234375 0.09352148906249999 0.467176021875 0.1358286765625 0.4681237421875
18 0.468367821875 0.46331465312500003 0.47221934218749995 0.37673315625 0.4290167921875 0.3777136734375 0.4268023875 0.4613334171875 0.468367821875 0.46331465312500003
18 0.2597065625 0.45708748281249995 0.2560938359375 0.375141896875 0.2194843921875 0.37622364375 0.22160975781249997 0.45681657343750004 0.2597065625 0.45708748281249995
18 0.2180856984375 0.4566935109375 0.21727060312500002 0.3751097171875 0.1793470875 0.37376257812499997 0.17932104375 0.45533981875 0.2180856984375 0.4566935109375
18 0.2859375 0.56640625 0.128125 0.078125