11 0.84453125 0.23828125 0.121875 0.1453125
11 0.75234375 0.2234375 0.115625 0.14375
10 0.66640625 0.215625 0.1046875 0.134375
10 0.5828125 0.20078125 0.1 0.134375
9 0.50390625 0.1890625 0.103125 0.1296875
10 0.421875 0.1734375 0.0984375 0.128125
8 0.34140625 0.1578125 0.09375 0.1328125
8 0.25703125 0.146875 0.1078125 0.134375
19 0.3125 0.29140625 0.109375 0.121875
13 0.39765625 0.30546875 0.0921875 0.1234375
13 0.4734375 0.3203125 0.1 0.125
14 0.5515625 0.3390625 0.09375 0.1140625
14 0.6296875 0.3515625 0.0953125 0.11875
3 0.6984375 0.3640625 0.0734375 0.0875
3 0.759375 0.37109375 0.08125 0.096875
2 0.82578125 0.3890625 0.08125 0.0875
1 0.5953125 0.46953125 0.1125 0.0828125
0 0.509375 0.44453125 0.075 0.0859375
29 0.4296875 0.43125 0.1015625 0.078125
28 0.35625 0.41484375 0.065625 0.0734375
4 0.296875 0.403125 0.06875 0.078125
5 0.221875 0.39296875 0.0953125 0.0734375
15 0.60390625 0.5703125 0.0921875 0.103125
23 0.52578125 0.56015625 0.0859375 0.0859375
24 0.57265625 0.6703125 0.078125 0.0859375
24 0.509375 0.6546875 0.071875 0.08125
24 0.453125 0.63984375 0.0671875 0.0765625
26 0.4078125 0.62890625 0.0484375 0.0671875
30 0.36171875 0.615625 0.0765625 0.08125
12 0.30078125 0.5984375 0.06875 0.0765625
16 0.24140625 0.5828125 0.0703125 0.08125
6 0.19296875 0.565625 0.0609375 0.078125
25 0.5168908328125 0.9297697984375001 0.5317038125 0.871337496875 0.43903714687499995 0.8405235890625 0.42681404062499995 0.89878555625 0.5168908328125 0.9297697984375001
25 0.5403644921875 0.8736947171875 0.5517178171875 0.8145899265625 0.45643486875 0.78798374375 0.4460688140625 0.8459329312499999 0.5403644921875 0.8736947171875
25 0.42594861406250006 0.898617334375 0.43763775625 0.8422728375 0.3514124953125 0.8154060265625 0.33895494375 0.8702536500000001 0.42594861406250006 0.898617334375
25 0.4392715921875 0.8439379312499999 0.44996952187500006 0.7880745171875 0.36226538750000004 0.7595727359375 0.3502946734375 0.816536253125 0.4392715921875 0.8439379312499999
25 0.45432542343750004 0.7895949718749999 0.46776521562499995 0.7288744890625 0.37708477500000004 0.701815434375 0.3627522234375 0.7616886296875001 0.45432542343750004 0.7895949718749999
31 0.338089515625 0.8700854281250001 0.34999197187500003 0.81715116875 0.2642746796875 0.7924043625 0.25443135781250004 0.843043859375 0.338089515625 0.8700854281250001
31 0.346580571875 0.8171618140625 0.35862655625 0.75886541875 0.2746407328125 0.734455175 0.263535446875 0.791586915625 0.346580571875 0.8171618140625
31 0.365132009375 0.7540661609375 0.3768008390625 0.697717715625 0.29144336875 0.67573586875 0.28059047656249997 0.7315691609375 0.365132009375 0.7540661609375
17 0.2495994359375 0.8447996468750001 0.25938844375 0.7887595562499999 0.1808689140625 0.76406434375 0.170647003125 0.8166515140625 0.2495994359375 0.8447996468750001
17 0.2640402328125 0.7889900171875001 0.2749480890625 0.7318199 0.19444428593750002 0.70808649375 0.183339 0.765218234375 0.2640402328125 0.7889900171875001
7 0.170160165625 0.8145356203125 0.1816432046875 0.7635410953124999 0.10746968750000001 0.7396906640625 0.09403845937500001 0.790306496875 0.170160165625 0.8145356203125
7 0.1818605375 0.763583340625 0.1937403203125 0.70592839375 0.11300381875000001 0.6834972625 0.10362938749999999 0.7409654484375 0.1818605375 0.763583340625
36 0.4640625 0.53828125 0.05625 0.08125
34 0.41796875 0.52734375 0.0578125 0.0796875
37 0.378125 0.51875 0.04375 0.0796875
42 0.19375 0.475 0.0421875 0.0765625
35 0.3453125 0.509375 0.04375 0.078125
38 0.253125 0.48671875 0.0421875 0.078125
41 0.221875 0.48125 0.040625 0.0765625
39 0.2890916890625 0.532244646875 0.3084411296875 0.46220987031250005 0.2811318375 0.4552369140625 0.260895275 0.5250992484375 0.2890916890625 0.532244646875
33 0.319322290625 0.54034030625 0.33827790156250004 0.4685644078125 0.31238692343749996 0.46186714218749997 0.2910219484375 0.5337295640625 0.319322290625 0.54034030625