11 0.13671875 0.1453125 0.128125 0.1703125
10 0.24609375 0.1375 0.1265625 0.1703125
9 0.36328125 0.128125 0.1203125 0.1703125
8 0.47265625 0.12578125 0.115625 0.1609375
20 0.56953125 0.1265625 0.09375 0.14375
20 0.66640625 0.11640625 0.1078125 0.153125
19 0.75703125 0.1125 0.1046875 0.1515625
19 0.8578125 0.109375 0.1109375 0.1484375
14 0.3859375 0.30234375 0.1015625 0.1375
14 0.47578125 0.29921875 0.09375 0.13125
14 0.571875 0.28828125 0.115625 0.1421875
3 0.30546875 0.3265625 0.078125 0.1015625
3 0.23046875 0.32890625 0.0796875 0.1
2 0.153125 0.33359375 0.0828125 0.103125
13 0.6765625 0.2796875 0.1046875 0.146875
13 0.78046875 0.2734375 0.1125 0.1484375
13 0.8796875 0.26875 0.1140625 0.15
0 0.371875 0.44453125 0.08125 0.084375
1 0.46875 0.4421875 0.1171875 0.0828125
28 0.56328125 0.425 0.08125 0.0921875
29 0.65625 0.43125 0.1109375 0.075
4 0.753125 0.4125 0.078125 0.09375
5 0.84609375 0.41484375 0.11875 0.0828125
15 0.375 0.55234375 0.090625 0.0859375
23 0.46328125 0.54375 0.090625 0.0875
24 0.36875 0.67421875 0.08125 0.0875
24 0.44453125 0.66875 0.0765625 0.0875
24 0.51171875 0.6609375 0.071875 0.0859375
26 0.575 0.66015625 0.0546875 0.075
30 0.63359375 0.6515625 0.0734375 0.08125
16 0.70625 0.64453125 0.078125 0.08125
12 0.778125 0.640625 0.0734375 0.08125
6 0.84921875 0.63359375 0.084375 0.0890625
27 0.21015625 0.940625 0.1125 0.06875
27 0.196875 0.88125 0.115625 0.0703125
25 0.31875 0.93046875 0.1140625 0.0734375
25 0.4265625 0.915625 0.109375 0.06875
25 0.5328125 0.90546875 0.1078125 0.0671875
31 0.6375 0.89765625 0.1078125 0.0671875
31 0.634375 0.83828125 0.1109375 0.0703125
31 0.6296875 0.7703125 0.1125 0.065625
17 0.7421875 0.88671875 0.1078125 0.0703125
17 0.7421875 0.8265625 0.109375 0.06875
17 0.73671875 0.76015625 0.109375 0.071875
7 0.85546875 0.87578125 0.109375 0.06875
7 0.85 0.81640625 0.1109375 0.06875
7 0.8453125 0.74609375 0.1109375 0.075
36 0.53828125 0.53359375 0.0578125 0.0890625
34 0.596875 0.52890625 0.0578125 0.0875
33 0.64453125 0.52578125 0.04375 0.0859375
35 0.68125 0.521875 0.04375 0.0890625
37 0.72109375 0.51875 0.0421875 0.090625
39 0.78019191875 0.558423065625 0.7791699484375 0.47593327968750004 0.73996360625 0.47864841875 0.74425039375 0.561567540625 0.78019191875 0.558423065625
39 0.8176453046875001 0.5562187749999999 0.8163750265624999 0.47089082812500005 0.7811479875 0.47540273906249997 0.78075795 0.559446 0.8176453046875001 0.5562187749999999
42 0.8925210375000001 0.5514554265625 0.8915374437500001 0.463957484375 0.8579025015624999 0.47011753125 0.8565174359375 0.5538903625 0.8925210375000001 0.5514554265625