19 0.48258514375 0.1991311015625 0.4853037765625 0.3544479453125 0.583296303125 0.35484909062500003 0.5897034062500001 0.1961483625 0.48258514375 0.1991311015625
14 0.38094778749999997 0.18846633125 0.38435603125 0.350368384375 0.48560644062499997 0.35233023124999996 0.4830549875 0.1995767765625 0.38094778749999997 0.18846633125
13 0.27349071875000003 0.1878740765625 0.2756514015625 0.351148065625 0.3914733015625 0.35387606250000003 0.38693254062500004 0.2024581640625 0.27349071875000003 0.1878740765625
9 0.169711521875 0.190354190625 0.1772196265625 0.34814835781250003 0.284242071875 0.3489762046875 0.2739210796875 0.19797529687499998 0.169711521875 0.190354190625
32 0.18210070625000002 0.381962003125 0.19128417343749998 0.48862586406249997 0.23587277968749998 0.48724015937500004 0.23005995625 0.38334951093749997 0.18210070625000002 0.381962003125
37 0.22873962812499998 0.3799025109375 0.23521293906250001 0.48797363125000004 0.283142475 0.4874655984375 0.2767283671875 0.38072859062500003 0.22873962812499998 0.3799025109375
33 0.2752020109375 0.3812115578125 0.2799235015625 0.4831417359375 0.3267876640625 0.485249196875 0.32010868124999997 0.383565015625 0.2752020109375 0.3812115578125
35 0.36222757968749997 0.3818316109375 0.31878835156249996 0.3801180140625 0.323735015625 0.48621515937500004 0.36654346718749997 0.48564380781249994 0.36222757968749997 0.3818316109375
45 0.36407713125 0.383162559375 0.36661234375 0.4822477390625 0.407618178125 0.4833973078125 0.406304171875 0.384329825 0.36407713125 0.383162559375
44 0.4045779984375 0.38179925 0.40602989218749996 0.4814387921875 0.449118771875 0.48069205000000004 0.4473049265625 0.3822955421875 0.4045779984375 0.38179925
43 0.44675040624999995 0.3840094125 0.44764169843749996 0.4786541234375 0.48598506406249997 0.47774391875 0.48666031875 0.3850552421875 0.44675040624999995 0.3840094125
40 0.48912321875 0.382395625 0.4870182703125 0.47862704687499996 0.524077665625 0.477997328125 0.5258073249999999 0.382923809375 0.48912321875 0.382395625
41 0.5290877859374999 0.382398559375 0.5252857796875 0.4815465125 0.5651774734375 0.48293997656250004 0.57122375625 0.385303984375 0.5290877859374999 0.382398559375
18 0.43387960468750003 0.60299758125 0.5480219421875 0.59747616875 0.4983537953125 0.5474653703125 0.428901421875 0.5514944359375 0.43387960468750003 0.60299758125
29 0.31574666875 0.5431241375 0.3184989921875 0.609089284375 0.4309707234375 0.6056338171875 0.42885284375 0.5396399390625 0.31574666875 0.5431241375
5 0.1928719828125 0.5467935671874999 0.19808543750000002 0.6195044046875 0.3176094875 0.613984865625 0.31674643750000003 0.541782190625 0.1928719828125 0.5467935671874999
31 0.549832059375 0.7228740046875 0.5501765484375001 0.660556621875 0.44854692500000004 0.6667337984375 0.44951134687499994 0.728135596875 0.549832059375 0.7228740046875
24 0.377659875 0.6626701781250001 0.3818719109375 0.73628544375 0.44792064218750005 0.7318866921875 0.44613069687499995 0.659635440625 0.377659875 0.6626701781250001
23 0.2942885859375 0.6485404515625001 0.29122790625 0.7438179500000001 0.3788588421875 0.7373305765625 0.3799064484375 0.64640434375 0.2942885859375 0.6485404515625001
15 0.294922328125 0.7412683734375001 0.28737535468750003 0.6369940171875 0.1960505453125 0.6416197265625 0.20660470156250002 0.7505833125 0.294922328125 0.7412683734375001
25 0.22678975 0.817652709375 0.23309776875 0.8756226640625 0.346095884375 0.8643413328125 0.3431684234375 0.8049281765625 0.22678975 0.817652709375
25 0.233497553125 0.87586964375 0.23969384531250001 0.9292816109375 0.349351296875 0.917497125 0.3452601234375 0.8625546015625 0.233497553125 0.87586964375
25 0.3459285671875 0.8604981140625 0.3490967265625 0.9161987281249999 0.4502146890625 0.9011707703124999 0.4492946640625 0.847788790625 0.3459285671875 0.8604981140625
27 0.4524764546875 0.8464763609375 0.45028257656250004 0.900333153125 0.552482365625 0.889016221875 0.5538430765625 0.83645095 0.4524764546875 0.8464763609375