13 0.7 0.3703125 0.1046875 0.125
13 0.6203125 0.35234375 0.103125 0.1296875
14 0.52890625 0.32734375 0.1046875 0.1359375
14 0.4484375 0.31328125 0.090625 0.1265625
19 0.36875 0.29296875 0.10625 0.134375
19 0.28046875 0.2734375 0.10625 0.1328125
20 0.19296875 0.25390625 0.103125 0.13125
23 0.67109375 0.49609375 0.0921875 0.0984375
15 0.59921875 0.47734375 0.090625 0.0984375
8 0.52421875 0.46171875 0.0984375 0.11875
9 0.45 0.44296875 0.0875 0.1109375
10 0.37109375 0.4265625 0.0953125 0.1125
11 0.2984375 0.4109375 0.0875 0.1125
3 0.22578125 0.409375 0.075 0.0828125
2 0.16015625 0.3984375 0.0734375 0.0765625
5 0.63203125 0.58984375 0.09375 0.0671875
4 0.5609375 0.56796875 0.06875 0.078125
29 0.48828125 0.559375 0.09375 0.0671875
28 0.41796875 0.53984375 0.0703125 0.075
18 0.334375 0.521875 0.1140625 0.0859375
12 0.62421875 0.67421875 0.0671875 0.075
24 0.28203125 0.68671875 0.0671875 0.0671875
24 0.33984375 0.6984375 0.065625 0.06875
24 0.39609375 0.7109375 0.065625 0.0734375
26 0.44375 0.72109375 0.0453125 0.0609375
30 0.48671875 0.72734375 0.065625 0.06875
16 0.54140625 0.7390625 0.0625 0.06875
6 0.59609375 0.75390625 0.0703125 0.071875
25 0.21484375 0.85390625 0.0921875 0.0609375
25 0.22109375 0.8109375 0.09375 0.0609375
25 0.30078125 0.87109375 0.0890625 0.0609375
25 0.30546875 0.82734375 0.0890625 0.059375
25 0.31796875 0.778125 0.090625 0.0609375
31 0.38515625 0.88359375 0.0890625 0.0609375
31 0.39375 0.83984375 0.090625 0.059375
31 0.40625 0.79140625 0.090625 0.0625
17 0.46484375 0.8984375 0.0890625 0.059375
17 0.47734375 0.85546875 0.090625 0.059375
17 0.4859375 0.80859375 0.0921875 0.0640625
7 0.56796875 0.82734375 0.090625 0.0625
7 0.5578125 0.8734375 0.0890625 0.0609375
7 0.546875 0.9140625 0.0890625 0.0578125
27 0.1375 0.79296875 0.0921875 0.065625
27 0.1328125 0.83828125 0.090625 0.05625
36 0.28828125 0.6078125 0.0546875 0.075
34 0.33359375 0.61640625 0.05625 0.0734375
33 0.36953125 0.62265625 0.040625 0.071875
35 0.40078125 0.6296875 0.0421875 0.0703125
37 0.43125 0.63515625 0.0421875 0.0703125
39 0.46171875 0.6390625 0.040625 0.0734375
38 0.4921875 0.64375 0.0421875 0.0734375
41 0.52265625 0.65 0.040625 0.0734375
42 0.553125 0.65625 0.04375 0.0734375
40 0.5828125 0.6625 0.0421875 0.071875