11 0.1796875 0.21171875 0.11875 0.14375
10 0.27421875 0.2109375 0.0890625 0.1265625
9 0.353125 0.2 0.0984375 0.140625
8 0.44375 0.19453125 0.096875 0.1390625
22 0.5265625 0.1921875 0.09375 0.1265625
22 0.6171875 0.18046875 0.1015625 0.134375
21 0.70390625 0.1796875 0.090625 0.1203125
21 0.7953125 0.1671875 0.1046875 0.128125
13 0.78984375 0.3109375 0.0921875 0.121875
13 0.70546875 0.3171875 0.090625 0.125
13 0.62421875 0.32578125 0.0890625 0.121875
14 0.54453125 0.3328125 0.0921875 0.121875
14 0.46640625 0.33828125 0.0875 0.121875
14 0.3828125 0.34609375 0.0984375 0.121875
3 0.3078125 0.3640625 0.0671875 0.0859375
3 0.24453125 0.37109375 0.065625 0.08125
2 0.1859375 0.371875 0.0625 0.0921875
0 0.3828125 0.478125 0.06875 0.08125
1 0.4640625 0.4796875 0.1015625 0.06875
28 0.54296875 0.46953125 0.065625 0.075
29 0.62109375 0.465625 0.1 0.06875
4 0.71015625 0.4515625 0.0671875 0.0796875
5 0.79140625 0.4515625 0.103125 0.0703125
15 0.4078125 0.57265625 0.078125 0.084375
23 0.48125 0.5671875 0.075 0.0859375
24 0.3984375 0.6703125 0.065625 0.0765625
24 0.459375 0.6671875 0.065625 0.0734375
24 0.51875 0.66328125 0.059375 0.0703125
26 0.56640625 0.66484375 0.0421875 0.0625
30 0.615625 0.65546875 0.0609375 0.075
12 0.678125 0.65546875 0.06875 0.0765625
16 0.73984375 0.6484375 0.0625 0.0765625
6 0.80078125 0.640625 0.065625 0.08125
27 0.2609375 0.90625 0.1 0.0578125
27 0.2515625 0.8515625 0.1015625 0.0609375
25 0.365625 0.89453125 0.096875 0.059375
25 0.346875 0.8421875 0.1 0.0640625
25 0.4578125 0.8890625 0.0953125 0.0609375
25 0.4484375 0.834375 0.09375 0.059375
25 0.4390625 0.77890625 0.0984375 0.0640625
25 0.55 0.88203125 0.0953125 0.0609375
25 0.54140625 0.82734375 0.096875 0.0609375
25 0.53203125 0.76875 0.0984375 0.0625
31 0.6453125 0.875 0.0953125 0.059375
31 0.64375 0.82265625 0.1 0.0625
31 0.6328125 0.76015625 0.0984375 0.0609375
17 0.74375 0.81875 0.096875 0.059375
17 0.73984375 0.87109375 0.0953125 0.0578125
17 0.73515625 0.75859375 0.096875 0.065625
7 0.8359375 0.8640625 0.0984375 0.0609375
7 0.83671875 0.8109375 0.096875 0.065625
34 0.590625 0.56328125 0.0515625 0.0765625
42 0.83671875 0.54609375 0.0375 0.078125
33 0.63125 0.5609375 0.0375 0.0765625
35 0.66484375 0.5578125 0.0359375 0.078125
37 0.6984375 0.55390625 0.0375 0.078125
39 0.73203125 0.553125 0.0390625 0.0765625
38 0.76640625 0.55 0.0359375 0.078125
41 0.79921875 0.54765625 0.0375 0.078125
18 0.53984375 0.56171875 0.053125 0.06875