11 0.89375 0.2046875 0.1203125 0.1453125
10 0.8 0.20078125 0.103125 0.134375
9 0.71875 0.2 0.090625 0.1296875
8 0.6390625 0.19453125 0.1046875 0.1296875
20 0.55390625 0.18828125 0.0921875 0.1234375
20 0.4703125 0.17734375 0.1046875 0.1390625
19 0.3828125 0.17578125 0.0953125 0.121875
19 0.2984375 0.16875 0.0953125 0.1234375
2 0.8765625 0.3609375 0.075 0.0890625
3 0.815625 0.35546875 0.06875 0.0875
3 0.75390625 0.35078125 0.071875 0.0875
14 0.6828125 0.33125 0.0953125 0.11875
14 0.59765625 0.3234375 0.1046875 0.128125
14 0.5109375 0.31875 0.0921875 0.1140625
13 0.428125 0.31328125 0.096875 0.1171875
13 0.346875 0.30390625 0.0921875 0.1171875
13 0.2671875 0.2984375 0.090625 0.1140625
0 0.69375 0.44921875 0.0734375 0.084375
1 0.61328125 0.446875 0.103125 0.075
28 0.51875 0.43359375 0.075 0.0828125
29 0.4375 0.43046875 0.1046875 0.0734375
4 0.3578125 0.4171875 0.0671875 0.0796875
5 0.27578125 0.41796875 0.1046875 0.0734375
45 0.25703125 0.5109375 0.0421875 0.08125
18 0.29140625 0.5140625 0.040625 0.0796875
40 0.32421875 0.5171875 0.040625 0.0796875
18 0.35625 0.5203125 0.0375 0.0765625
37 0.38828125 0.52265625 0.040625 0.078125
35 0.42265625 0.5265625 0.0421875 0.08125
33 0.45625 0.52890625 0.04375 0.0796875
18 0.49609375 0.53359375 0.0546875 0.0796875
36 0.540625 0.53671875 0.05625 0.08125
18 0.6375 0.54609375 0.1453125 0.0921875
24 0.68125 0.64765625 0.071875 0.084375
24 0.6203125 0.640625 0.0703125 0.0859375
24 0.559375 0.63515625 0.0703125 0.0796875
26 0.50546875 0.63671875 0.0515625 0.065625
30 0.44609375 0.62578125 0.071875 0.075
12 0.38359375 0.62109375 0.071875 0.078125
16 0.321875 0.61171875 0.06875 0.08125
6 0.2625 0.60546875 0.0703125 0.08125
5 0.19711295 0.683517084375 0.1963403453125 0.7425876296875 0.29120097968750003 0.7507188984375001 0.2926308296875 0.692749196875 0.19711295 0.683517084375
5 0.1884270609375 0.7402897015625001 0.1856870609375 0.7971040296874999 0.2828817125 0.8082294703124999 0.287333803125 0.7514435453125 0.1884270609375 0.7402897015625001
5 0.19227105625000002 0.7950883125 0.18768814218750002 0.8501874718750001 0.28350211718749996 0.8600351156249999 0.28667845625 0.80576925625 0.19227105625000002 0.7950883125
17 0.2936887953125 0.6909798328125001 0.289558490625 0.75003148125 0.3809474015625 0.7600590875 0.385517740625 0.70214810625 0.2936887953125 0.6909798328125001
17 0.28713151406250004 0.7462718875000001 0.283077540625 0.805719053125 0.378749940625 0.8164395203125 0.3812719375 0.7583189031249999 0.28713151406250004 0.7462718875000001
17 0.2872199109375 0.8059804937499999 0.28254735468750003 0.8619421624999999 0.37660680625 0.8734920640625001 0.3790728796875 0.815903690625 0.2872199109375 0.8059804937499999
31 0.37962235 0.872346871875 0.472733084375 0.8836633015625001 0.47555390312499995 0.8261122125 0.38310331249999996 0.8150499734375 0.37962235 0.872346871875
31 0.3781711921875 0.8145035015625 0.4734813265625 0.8253562609375 0.475938534375 0.7712647171875 0.3794737953125 0.7608568078125 0.3781711921875 0.8145035015625
31 0.38604225 0.7017746218750001 0.3808411828125 0.76149705625 0.47583097656250006 0.7722880609375 0.47975287968749997 0.7110858875 0.38604225 0.7017746218750001
25 0.48617897968749996 0.71203035625 0.48193010156250005 0.7715507640625 0.57938425 0.780750421875 0.5820740734375 0.721033103125 0.48617897968749996 0.71203035625
25 0.48071533593750004 0.7708385765625 0.4768302578125 0.8282778000000001 0.573322975 0.83841959375 0.57835621875 0.780293871875 0.48071533593750004 0.7708385765625
25 0.479030746875 0.827816734375 0.47485619999999995 0.882356353125 0.57074195 0.8936891859375 0.5748978640625 0.8370855984375 0.479030746875 0.827816734375
25 0.63046875 0.75546875 0.103125 0.071875
25 0.628125 0.815625 0.103125 0.06875
25 0.6265625 0.875 0.1078125 0.0703125
25 0.72734375 0.8828125 0.10625 0.0671875
25 0.73125 0.82421875 0.1046875 0.0703125
27 0.83125 0.83984375 0.1078125 0.06875
27 0.82734375 0.89765625 0.1078125 0.0640625