9 0.1811848046875 0.4040148140625 0.27461356875 0.37658946718749997 0.2027321421875 0.24285219374999997 0.11573941562500001 0.2762013359375 0.1811848046875 0.4040148140625
13 0.2664076328125 0.3753534140625 0.349398078125 0.350341396875 0.2913617515625 0.2215346109375 0.20524336562499998 0.25125859375 0.2664076328125 0.3753534140625
14 0.33628444062499996 0.3518749203125 0.44221752968750005 0.3214992234375 0.38652942968750004 0.1815911 0.285955121875 0.21294084375 0.33628444062499996 0.3518749203125
44 0.52231980625 0.448038925 0.5646925109375001 0.43690785468750004 0.533580165625 0.34497221875 0.492780053125 0.35709110625 0.52231980625 0.448038925
40 0.4933573421875 0.358216825 0.455835871875 0.368752559375 0.48611287656249996 0.45879526562499995 0.523570809375 0.45014742031250005 0.4933573421875 0.358216825
43 0.457486096875 0.3672476421875 0.420995028125 0.37792013281250003 0.4502230984375 0.4655825046875 0.48702118906249997 0.4565644953125 0.457486096875 0.3672476421875
44 0.42132349375 0.379342871875 0.386090646875 0.38897559375 0.41587499843750003 0.4768841828125 0.45130928125 0.4673371109375 0.42132349375 0.379342871875
45 0.387367421875 0.3901794 0.35394905468750004 0.3990185703125 0.3829307734375 0.4856138875 0.41729745156250003 0.4765557828125 0.387367421875 0.3901794
36 0.3191232625 0.40736947656250005 0.3497077125 0.4963504453125 0.3832577640625 0.48672161562499994 0.35456402656249997 0.3977749515625 0.3191232625 0.40736947656250005
33 0.3187344875 0.4111733390625 0.2856983859375 0.41989585625 0.3188606046875 0.503442715625 0.35099351875 0.4961158 0.3187344875 0.4111733390625
37 0.2859224421875 0.4210296546875 0.256341928125 0.42954923125000005 0.28934984375 0.5115190968750001 0.318913428125 0.5031534640624999 0.2859224421875 0.4210296546875
32 0.255550146875 0.430999815625 0.21910935937499998 0.4415258203125 0.25869964218749997 0.5202856312499999 0.29006993125 0.5121980500000001 0.255550146875 0.430999815625
5 0.37614485625 0.543412425 0.283710240625 0.565175228125 0.305277296875 0.6244306671875 0.397963715625 0.6040295062500001 0.37614485625 0.543412425
29 0.473022490625 0.5189334750000001 0.3778210703125 0.5409124546874999 0.39903852500000003 0.6010938046875001 0.49566714999999995 0.5789382890625 0.473022490625 0.5189334750000001
7 0.4824225359375 0.5108469640625 0.5021699328125 0.5768614359375001 0.6040758453125 0.5526428703125 0.58134691875 0.48547289375 0.4824225359375 0.5108469640625
31 0.527199334375 0.6274257765625 0.5479701375 0.6909388859375001 0.64850378125 0.6709830703125 0.6291205375 0.6047284390625001 0.527199334375 0.6274257765625
24 0.46696948593750004 0.6142574671875 0.4944635921875 0.6924624546875 0.5466707734375 0.68075336875 0.5224108109375 0.6018743453125001 0.46696948593750004 0.6142574671875
23 0.50061855 0.7022873703125 0.470032225 0.6227137046875 0.3867318 0.6298661984375 0.41515949843750005 0.7145198796875001 0.50061855 0.7022873703125
15 0.3609375 0.6828125 0.1078125 0.1078125
27 0.5886937109375 0.8526663453125 0.68104166875 0.8366677203125 0.6632387843750001 0.776100325 0.5668476171875 0.79256490625 0.5886937109375 0.8526663453125
25 0.5600719640625 0.801965025 0.466349225 0.8190997531249999 0.4876686875 0.8759898093749999 0.580107534375 0.8588619859375 0.5600719640625 0.801965025
25 0.46416692656249997 0.8167381234375 0.376710275 0.8279233406250001 0.39783003125 0.8815847046874999 0.4851888546875 0.8731033015625 0.46416692656249997 0.8167381234375
25 0.5801560343750001 0.6989653312499999 0.49460096093750006 0.7140419390625 0.50783785625 0.7443811828125 0.590534140625 0.73090350625 0.5801560343750001 0.6989653312499999