11 0.931421853125 0.2758405828125 0.9878503453124999 0.11603379062500001 0.869575703125 0.0982383953125 0.8154644687499999 0.25841220625 0.931421853125 0.2758405828125
10 0.8163938546875 0.2604343421875 0.8589475921874999 0.10124240625 0.7601843265625 0.1024742609375 0.7256025968750001 0.2498042890625 0.8163938546875 0.2604343421875
9 0.7202917390625 0.2517755359375 0.7499656124999999 0.1027307109375 0.6566228890625 0.09357148125 0.6331577187499999 0.2417247328125 0.7202917390625 0.2517755359375
8 0.6343768 0.241917815625 0.6548075671875 0.119533059375 0.5822951203125 0.1052358125 0.5569954140625 0.23341168125 0.6343768 0.241917815625
20 0.5483170125 0.2329746234375 0.5795806765625 0.09730614531250001 0.49803379843749995 0.0928275984375 0.46849746875 0.22408232187500002 0.5483170125 0.2329746234375
20 0.46791808125 0.2277404265625 0.495855146875 0.0971698734375 0.423295725 0.09130239531249999 0.399070253125 0.220585871875 0.46791808125 0.2277404265625
19 0.3985754078125 0.2158201578125 0.4147131984375 0.0965053296875 0.3583102859375 0.09132185781249999 0.34557560781249996 0.21117568593749997 0.3985754078125 0.2158201578125
19 0.34557560781249996 0.21117568593749997 0.36004706406250003 0.094409340625 0.2977063203125 0.0873479375 0.285695875 0.20262913437500002 0.34557560781249996 0.21117568593749997
14 0.6846865265625001 0.3980059921875 0.7176969296875 0.26766207343750004 0.6284499453125 0.261459159375 0.6043740015625 0.3831223515625 0.6846865265625001 0.3980059921875
14 0.59946239375 0.3837866859375 0.6258219281249999 0.258879534375 0.5492329859375 0.251796940625 0.5275896484375 0.370239775 0.59946239375 0.3837866859375
14 0.5238386359375 0.3696456734375 0.5441532390625 0.252434646875 0.475642540625 0.24302587656250002 0.455828325 0.3559893828125 0.5238386359375 0.3696456734375
13 0.45808448281249997 0.35995236875000003 0.47568101875 0.2415897125 0.4277057015625 0.23615455624999998 0.40998983281249995 0.34800814999999996 0.45808448281249997 0.35995236875000003
13 0.4111504265625 0.3467497125 0.4276214203125 0.235420078125 0.3670209640625 0.23086981093749998 0.35262906875 0.3338751953125 0.4111504265625 0.3467497125
13 0.343855028125 0.33464890937499997 0.3606908875 0.226982709375 0.29575171093749997 0.2195818703125 0.28240899062499997 0.322032296875 0.343855028125 0.33464890937499997
2 0.875542525 0.4311191296875 0.9169854609374999 0.3388883734375 0.8527585484375001 0.3200622796875 0.8139850671875 0.41920599999999997 0.875542525 0.4311191296875
3 0.8108375453125 0.4208708671875 0.8475752640625001 0.3278948765625 0.7856673468750001 0.3188107546875 0.7490572453125 0.41036469999999997 0.8108375453125 0.4208708671875
3 0.7530311000000001 0.40955183906250003 0.78450805625 0.31934826875 0.7242213093750001 0.30619414218749996 0.6857357015625001 0.3974510359375 0.7530311000000001 0.40955183906250003
0 0.65285796875 0.501855325 0.6746943437499999 0.42382628906250003 0.609136903125 0.40767397812499995 0.5873916890624999 0.48427519375 0.65285796875 0.501855325
1 0.5902049484375 0.4847207703125 0.6058230531250001 0.42157169687499996 0.5243398109374999 0.40289698593749995 0.5118329625 0.4636543203125 0.5902049484375 0.4847207703125
28 0.4921875 0.4203125 0.0609375 0.0765625
29 0.4619742265625 0.45070956874999996 0.4740789796875 0.3913308078125 0.39990648906250004 0.375256265625 0.3905007734375 0.42857235156250006 0.4619742265625 0.45070956874999996
4 0.387464671875 0.4295337375 0.4006656265625 0.36311730781249996 0.3589982484375 0.35435445625 0.347809803125 0.4189262484375 0.387464671875 0.4295337375
5 0.345219384375 0.417073709375 0.3556894078125 0.36176280625 0.282863775 0.34950723125 0.2739037421875 0.400009390625 0.345219384375 0.417073709375
15 0.609375 0.55859375 0.0984375 0.0828125
23 0.54140625 0.53515625 0.0796875 0.0859375
24 0.619246246875 0.689794325 0.6406826624999999 0.6203554890625 0.577604884375 0.6067593062500001 0.5620619359375 0.6684780265625 0.619246246875 0.689794325
24 0.55985216875 0.670291421875 0.5766308671875 0.6058839078125 0.524663659375 0.5889995625 0.5102813046875 0.6494598453125 0.55985216875 0.670291421875
24 0.5099470421875 0.6515702906249999 0.5210856609375 0.5862694765625001 0.46482389843750005 0.5723105859375 0.455464571875 0.6314030515625 0.5099470421875 0.6515702906249999
26 0.44296875 0.596875 0.046875 0.0578125
12 0.3902861640625 0.6059360953125 0.40287231874999996 0.549518096875 0.3555246953125 0.5340865515625 0.3462767890625 0.592475534375 0.3902861640625 0.6059360953125
16 0.34473554375000004 0.5900680375 0.3557688953125 0.5312407125 0.31394792968749996 0.5174056328125001 0.303158778125 0.57338711875 0.34473554375000004 0.5900680375
27 0.7112930328125 0.97046970625 0.7226945375 0.9160274656249999 0.6354655124999999 0.8726454562500001 0.6202104359375 0.926477353125 0.7112930328125 0.97046970625
27 0.7350715640625001 0.899238440625 0.747748196875 0.842834771875 0.6594018546875 0.8064870859375001 0.6470714578125001 0.8600610765625 0.7350715640625001 0.899238440625
25 0.6378981234375 0.8694250984374999 0.652315721875 0.8140183000000001 0.565041671875 0.777119321875 0.5487374218750001 0.831506171875 0.6378981234375 0.8694250984374999
25 0.6173507875 0.9202553953124999 0.6342451609374999 0.86740426875 0.5491831031250001 0.828692246875 0.536249215625 0.880007265625 0.6173507875 0.9202553953124999
25 0.5579202953125 0.7795970515625 0.5670691265625 0.726961409375 0.4868743203125 0.6940681859375 0.4758159375 0.7456802578125 0.5579202953125 0.7795970515625
25 0.5494523328125 0.8330616624999999 0.56141509375 0.7808717015625 0.4823802125 0.7467199359375 0.47342017812500004 0.7972220953125 0.5494523328125 0.8330616624999999
25 0.536249215625 0.880007265625 0.5464927203125 0.83259290625 0.47132182968749997 0.79833200625 0.4613776546875 0.8429092593749999 0.536249215625 0.880007265625
25 0.4685085703125 0.7978864296875 0.47995902968750004 0.7427308125 0.4069515484375 0.7131393390625 0.393906240625 0.7651578406249999 0.4685085703125 0.7978864296875
25 0.4624268296875 0.8423543046875 0.4714910671875 0.796195425 0.3994213390625 0.7667524765625 0.391464090625 0.8109232984375 0.4624268296875 0.8423543046875
31 0.3899228453125 0.8085158031249999 0.398476784375 0.7593915828125 0.3328781390625 0.73169468125 0.32248828125 0.7790858625 0.3899228453125 0.8085158031249999
31 0.3973880234375 0.7613825265624999 0.41168123593750006 0.7124461906249999 0.3471304296875 0.684194121875 0.33685199374999997 0.7308818203125 0.3973880234375 0.7613825265624999
17 0.32248828125 0.7790858625 0.3358268453125 0.7299983250000001 0.2752017578125 0.70741593125 0.2682936828125 0.7510317984375 0.32248828125 0.7790858625
17 0.33138328281249996 0.7350635640625 0.3380450421875 0.685639653125 0.2757683984375 0.661353421875 0.2704015703125 0.7073767859375 0.33138328281249996 0.7350635640625
17 0.3499900796875 0.6904160765625 0.35582795156249997 0.640140546875 0.29249969062500003 0.6164088828125001 0.2850345125 0.663542159375 0.3499900796875 0.6904160765625
7 0.28172918125 0.6601341296875 0.2878196109375 0.614225375 0.2233474265625 0.591754790625 0.2132918296875 0.6370355265625001 0.28172918125 0.6601341296875
7 0.2680339921875 0.7041172812500001 0.276379690625 0.6621713703125 0.2206824359375 0.6389272125 0.2135051328125 0.6781736625 0.2680339921875 0.7041172812500001
7 0.27050345 0.7492184046875 0.276864 0.707679203125 0.22172207031250002 0.6809173562499999 0.21338417187499997 0.7214222453125 0.27050345 0.7492184046875
36 0.50197775625 0.5612486484375 0.5153973171875 0.48889749531250004 0.4822168015625 0.4799965109375 0.469241028125 0.5487722421875 0.50197775625 0.5612486484375
34 0.46494881093749996 0.548229478125 0.4822217484375 0.47991505781250005 0.4480002984375 0.472521296875 0.4337063609375 0.5378537171875 0.46494881093749996 0.548229478125
33 0.4292150171875 0.5371423578125001 0.4428892453125 0.4707249796875 0.4197372453125 0.4640976390625 0.40793355781249996 0.5303178765625 0.4292150171875 0.5371423578125001
35 0.405519546875 0.5289487265624999 0.41862245781249996 0.46194745625 0.395552625 0.454839725 0.3835202328125 0.5225039546875 0.405519546875 0.5289487265624999
37 0.380802353125 0.5203241421875 0.39329455 0.4549754859375 0.3705431921875 0.44881529374999996 0.35909815 0.5139036828125 0.380802353125 0.5203241421875
38 0.3363515328125 0.506892 0.3501665359375 0.44388346093750003 0.32977374375 0.43724458750000006 0.31526729531250003 0.500143609375 0.3363515328125 0.506892
39 0.3148448484375 0.49922445781249997 0.3279028203125 0.43737438281249996 0.3080037015625 0.43123982187500004 0.29542299375000003 0.492739365625 0.3148448484375 0.49922445781249997
42 0.293272325 0.491972609375 0.306747621875 0.43104087968749993 0.2861019796875 0.42606644375 0.27309882343749997 0.48664683281250004 0.293272325 0.491972609375