19 0.50859375 0.2625 0.1375 0.1875
14 0.3953125 0.2546875 0.1265625 0.171875
13 0.2890625 0.24140625 0.134375 0.1734375
9 0.1828125 0.22265625 0.134375 0.1828125
7 0.43125 0.58984375 0.11875 0.084375
29 0.3203125 0.57578125 0.11875 0.08125
5 0.20859375 0.559375 0.121875 0.08125
31 0.440625 0.703125 0.1109375 0.071875
24 0.35859375 0.68125 0.071875 0.0765625
23 0.2890625 0.6671875 0.0921875 0.0875
15 0.203125 0.65546875 0.0984375 0.0953125
27 0.425 0.803125 0.1078125 0.0640625
27 0.41796875 0.859375 0.1046875 0.05625
25 0.315625 0.84296875 0.10625 0.0640625
25 0.3203125 0.79140625 0.1125 0.0671875
38 0.46640625 0.453125 0.0546875 0.1046875
39 0.51171875 0.45703125 0.053125 0.10625
40 0.43894332187499996 0.49833367968750003 0.44724547656249997 0.3990685125 0.4074033484375 0.3953426140625 0.39996457812499997 0.492964640625 0.43894332187499996 0.49833367968750003
41 0.3984332328125 0.49277661562499997 0.40144620781249996 0.3922789703125 0.363054371875 0.38931419375 0.35938396093749997 0.48798196718750003 0.3984332328125 0.49277661562499997
35 0.3151160359375 0.4813804515625 0.3211211734375 0.381833246875 0.2812490984375 0.378103671875 0.2752305671875 0.47706618125 0.3151160359375 0.4813804515625
18 0.1828125 0.40625 0.0453125 0.0921875
18 0.22265625 0.41015625 0.046875 0.0921875
18 0.26171875 0.41640625 0.0453125 0.0890625
18 0.340625 0.42734375 0.0515625 0.090625