11 0.7453125 0.25546875 0.0546875 0.0890625
10 0.6953125 0.2546875 0.0484375 0.090625
9 0.64921875 0.2578125 0.0609375 0.096875
8 0.59375 0.25859375 0.05 0.09375
20 0.5375 0.25390625 0.0578125 0.0984375
20 0.471875 0.25078125 0.0703125 0.1109375
19 0.4 0.25234375 0.0765625 0.1125
19 0.32109375 0.2546875 0.0859375 0.1125
13 0.35703125 0.375 0.0796875 0.1078125
13 0.4234375 0.37109375 0.05625 0.1046875
13 0.478125 0.36953125 0.05625 0.1
14 0.54296875 0.365625 0.0671875 0.0953125
14 0.6046875 0.36328125 0.059375 0.0921875
14 0.66171875 0.359375 0.053125 0.0890625
3 0.7203125 0.3671875 0.0375 0.059375
2 0.75703125 0.36328125 0.0375 0.0578125
5 0.4159552390625 0.5057856468749999 0.4072560515625 0.45263806406249996 0.3289417453125 0.462499709375 0.3375475109375 0.51850129375 0.4159552390625 0.5057856468749999
4 0.46711933125 0.5018609046875 0.4580097203125 0.4366120109375 0.4070511828125 0.44124226093749996 0.41513065937500004 0.509377865625 0.46711933125 0.5018609046875
29 0.532267815625 0.49032096562499994 0.529415115625 0.44053264375 0.46140987187500004 0.4471835484375 0.46519674687499996 0.50121535625 0.532267815625 0.49032096562499994
28 0.5768147171875 0.48733998125 0.5737240171875 0.43043312343749995 0.533100975 0.43256439531249996 0.5342649734375 0.49310196093750003 0.5768147171875 0.48733998125
1 0.637318309375 0.4788129859375 0.6364384703125 0.4303811421875 0.5731769859375 0.4375790734375 0.575865853125 0.4873731171875 0.637318309375 0.4788129859375
0 0.678044896875 0.47525272812499997 0.6760019265625 0.4204473359375 0.6381763265625 0.4217682359375 0.6421123453125 0.480070946875 0.678044896875 0.47525272812499997
23 0.63850213125 0.5577014953125 0.6277312671875 0.49553952656250005 0.584077934375 0.502275440625 0.5924671625 0.5656786921875 0.63850213125 0.5577014953125
15 0.6867085796875 0.545595071875 0.6733292078125 0.49684249375 0.632668115625 0.5011576921875001 0.6399834453125 0.5559125984375 0.6867085796875 0.545595071875
24 0.6859877578125 0.61336985 0.6795478687500001 0.5643749375 0.64056914375 0.5726847828125 0.6492850015625 0.623337384375 0.6859877578125 0.61336985
24 0.64932539375 0.6244940875 0.6373576109375 0.5722178734375001 0.603745209375 0.579182209375 0.61412415 0.633251075 0.64932539375 0.6244940875
24 0.6148749062500001 0.6326458015624999 0.6005249046875 0.578715609375 0.5631674953125 0.5887060046875 0.5773810015625 0.642061909375 0.6148749062500001 0.6326458015624999
12 0.5092509765625 0.6583384156250001 0.504920703125 0.6046373828125 0.45738199375 0.609771809375 0.46333718749999997 0.6697857203125 0.5092509765625 0.6583384156250001
16 0.46339777812499994 0.6715207734375 0.45489791874999996 0.6092794984375 0.407532659375 0.6190403203125 0.41740320468750003 0.6806546734375 0.46339777812499994 0.6715207734375
6 0.4151307390625 0.6818921421875 0.4043665515625 0.6214671093749999 0.3507851484375 0.629707834375 0.3614872328125 0.6930303171875 0.4151307390625 0.6818921421875
27 0.8101305265625 0.742217671875 0.806375709375 0.7029729546875 0.75673635 0.716287528125 0.7597929890625 0.759610021875 0.8101305265625 0.742217671875
25 0.7505951125 0.6753889765625 0.702551025 0.6898059546875001 0.707880128125 0.7318909796875 0.75507326875 0.712871265625 0.7505951125 0.6753889765625
25 0.752049259375 0.7170302609375 0.7010223453125 0.734446684375 0.708603715625 0.7747158875 0.758900859375 0.7561668375 0.752049259375 0.7170302609375
25 0.708021503125 0.7359394390625 0.7033098578125 0.69209568125 0.6468168234375 0.7073867609375 0.6522469078124999 0.752363540625 0.708021503125 0.7359394390625
25 0.708644109375 0.7758725906249999 0.7033429124999999 0.7372609296875 0.6506848093750001 0.7518390328125 0.6536808578125 0.7934264734375 0.708644109375 0.7758725906249999
25 0.65311884375 0.755228375 0.6482930578125 0.708493321875 0.589500325 0.7238647078125 0.5958629359375001 0.773441375 0.65311884375 0.755228375
25 0.655242959375 0.7939509796875 0.6506395171875 0.7535777859375 0.5951323765625001 0.774625 0.6004008890625 0.814974971875 0.655242959375 0.7939509796875
25 0.6980464921875 0.6934375953125 0.69962309375 0.6528485875000001 0.64298923125 0.6640911890625001 0.6452749203125 0.7074406046874999 0.6980464921875 0.6934375953125
31 0.5996703296875 0.8161585953125 0.594181428125 0.7729210390625 0.532399015625 0.790713053125 0.5379300828125 0.8385815875 0.5996703296875 0.8161585953125
31 0.588823384375 0.77079191875 0.582460171875 0.7246896125 0.5206397421875 0.741324840625 0.5261506125000001 0.788615025 0.588823384375 0.77079191875
17 0.534846275 0.8386892765624999 0.529180265625 0.790825453125 0.4613871453125 0.812880759375 0.4685409046875 0.8630088562499999 0.534846275 0.8386892765624999
17 0.5287260234375 0.7960528234375001 0.5238906421875 0.7498971625 0.4545363359375 0.7714279328125 0.456152053125 0.817696025 0.5287260234375 0.7960528234375001
17 0.5177175046875 0.7460593390625 0.5190692078125 0.7002666765625001 0.4534492125 0.7181927015625 0.45512551874999996 0.7661958484375 0.5177175046875 0.7460593390625
7 0.46458516093749996 0.8602517125 0.45675050625 0.8170960703124999 0.38280713125 0.8393661484375 0.38923032968750004 0.8906778703124999 0.46458516093749996 0.8602517125
7 0.45609146406249995 0.8159609718749999 0.453511734375 0.7685684296875 0.3734415 0.792210575 0.37519859218749996 0.8425271265625 0.45609146406249995 0.8159609718749999
7 0.4559368640625 0.7673256281249999 0.4540478484375 0.7175927390625 0.3800235046875 0.7375494203125 0.38042046093750004 0.793124978125 0.4559368640625 0.7673256281249999
42 0.371993746875 0.6040677859375 0.36332267812499996 0.5367367921875 0.337692446875 0.5413377828125 0.345634565625 0.609620721875 0.371993746875 0.6040677859375
41 0.3999133765625 0.598460359375 0.3918514703125 0.5331154890625001 0.3658661359375 0.53711121875 0.37485011875 0.6028099265625 0.3999133765625 0.598460359375
38 0.42701904375 0.5936534328125 0.41896359375000003 0.5283083375000001 0.39352616406249996 0.5334430453125 0.40145528124999996 0.598406515625 0.42701904375 0.5936534328125
37 0.47868746250000005 0.584900453125 0.467627103125 0.52159048125 0.44526190468750004 0.5266179046875 0.45618057968750003 0.5887747125 0.47868746250000005 0.584900453125
35 0.5023739515625001 0.580985003125 0.49547515000000003 0.5181087609375 0.47214386406250003 0.52210831875 0.47899118906249993 0.5855654125 0.5023739515625001 0.580985003125
33 0.49973658906249996 0.5185390046875 0.5038855609375 0.58006363125 0.5257163234375 0.5752478890625 0.5232809046875 0.51655870625 0.49973658906249996 0.5185390046875
34 0.55798523125 0.5709362234375 0.5538895359375 0.5105678499999999 0.523169825 0.513377775 0.5272784234375 0.5757723953125 0.55798523125 0.5709362234375
36 0.5897878796875 0.5643246140625 0.5842079890625 0.505455709375 0.5539069265625 0.5094091296875 0.5602576953125 0.5696987546875001 0.5897878796875 0.5643246140625