19 0.528125 0.2453125 0.1328125 0.2
14 0.646875 0.25390625 0.11875 0.184375
13 0.76328125 0.2625 0.1328125 0.18125
9 0.8890625 0.26171875 0.1328125 0.1828125
5 0.79765625 0.609375 0.13125 0.0828125
29 0.67421875 0.60625 0.125 0.0796875
7 0.5484375 0.59921875 0.1265625 0.08125
31 0.5265625 0.7125 0.115625 0.0765625
24 0.62265625 0.7078125 0.0765625 0.0828125
23 0.70703125 0.7125 0.096875 0.0984375
15 0.7984375 0.7140625 0.09375 0.0984375
25 0.76328125 0.91484375 0.1203125 0.0671875
25 0.64921875 0.90703125 0.1171875 0.0671875
25 0.65390625 0.84296875 0.1203125 0.065625
27 0.534375 0.90546875 0.1171875 0.059375
27 0.53828125 0.85078125 0.1203125 0.059375
39 0.4953125 0.45 0.0484375 0.1046875
38 0.5421875 0.4515625 0.05 0.10625
40 0.5875 0.45234375 0.05 0.1078125
41 0.6328125 0.453125 0.0484375 0.109375
42 0.678125 0.45390625 0.0484375 0.10625
35 0.72578125 0.45546875 0.0546875 0.109375
37 0.8398939343749999 0.5128680375 0.8528121000000001 0.4066083734375 0.8050569624999999 0.40719628906249994 0.793877471875 0.5104564171875 0.8398939343749999 0.5128680375
32 0.8892618984375 0.514219040625 0.9030136687500001 0.4080030640625 0.8543603140625 0.4097801671875 0.8423591015625 0.51299723125 0.8892618984375 0.514219040625