19 0.54296875 0.19453125 0.1234375 0.159375
14 0.6375 0.19921875 0.121875 0.1546875
14 0.734375 0.20546875 0.125 0.153125
9 0.8375 0.20703125 0.1421875 0.16875
33 0.7949065453124999 0.45653730000000003 0.8389540484375001 0.4606613984375 0.8562674265625001 0.360376678125 0.8116393890625 0.35634186562500003 0.7949065453124999 0.45653730000000003
18 0.7524579250000001 0.45240544531250004 0.792837703125 0.4562659171875 0.8101067593750001 0.35682686406249997 0.7691921125000001 0.35383464062500003 0.7524579250000001 0.45240544531250004
18 0.7021970828125 0.44638077656249997 0.7501623828125 0.4509201546875 0.7661711703125 0.3539589765625 0.7177411109375 0.3505728875 0.7021970828125 0.44638077656249997
45 0.6329038875 0.4400214703125 0.6706615671875 0.44364443593749997 0.6851377265624999 0.347168259375 0.6462771828125 0.3443073890625 0.6329038875 0.4400214703125
44 0.594219496875 0.43583233125 0.633191271875 0.44003653125 0.64541501875 0.34426220625 0.607812396875 0.341426828125 0.594219496875 0.43583233125
43 0.5572873953124999 0.43207284687499997 0.5944088484375001 0.43519372343749996 0.6059448453125 0.3415451296875 0.5671587671875 0.3392962625 0.5572873953124999 0.43207284687499997
40 0.51954746875 0.42846010625000003 0.5580122671875001 0.43134066718749997 0.5692382703125001 0.33810818125000003 0.5324978125000001 0.3353179859375 0.51954746875 0.42846010625000003
41 0.4825044640625 0.4241018796875 0.5201448328125 0.42805905624999996 0.5325091109375 0.335102403125 0.4957686265625 0.3323122078125 0.4825044640625 0.4241018796875
15 0.51484375 0.503125 0.0984375 0.0953125
15 0.60234375 0.51171875 0.096875 0.096875
23 0.69296875 0.5234375 0.1 0.1
23 0.784375 0.53828125 0.109375 0.09375
24 0.8313152687500001 0.6372017718749999 0.7503918953125 0.6275908453125 0.7348439234375 0.71153823125 0.8123191328124999 0.7264878375 0.8313152687500001 0.6372017718749999
6 0.6596625546875 0.6087399078125 0.5829301546875 0.59599243125 0.5693509609375 0.687768046875 0.638312746875 0.7002519625 0.6596625546875 0.6087399078125
6 0.7089951328125 0.6150171375 0.65626855 0.605205846875 0.6429961265624999 0.6908727734375 0.6901042421875 0.702295009375 0.7089951328125 0.6150171375
5 0.45424096875000003 0.6628640546875 0.5538123328125 0.6820630984375 0.560784659375 0.6173183375 0.4582617875 0.6015411375 0.45424096875000003 0.6628640546875
27 0.4327557984375 0.829567115625 0.5295983203125 0.853838203125 0.5359315484375 0.7927517671875 0.439008359375 0.772569365625 0.4327557984375 0.829567115625
27 0.444637103125 0.7692982890625 0.5383553640625001 0.789186990625 0.5461323640625 0.7261624953125 0.44812384843749997 0.709615025 0.444637103125 0.7692982890625
25 0.5379396578125 0.8582284031249999 0.6338083109375 0.880108025 0.645889196875 0.82032966875 0.543541734375 0.801205465625 0.5379396578125 0.8582284031249999
25 0.5383534796875 0.7991199156250001 0.6476738921875 0.8204231999999999 0.6576817609375001 0.7575156265625 0.5459295015625 0.7385697828125 0.5383534796875 0.7991199156250001
31 0.63653729375 0.8845315781249999 0.74117290625 0.9059427640625 0.7573395390625 0.845036059375 0.64795849375 0.8235295265625 0.63653729375 0.8845315781249999
18 0.6440656953125 0.8209761828125 0.7561237968750001 0.842623015625 0.768913965625 0.7778475312500001 0.6517900734375 0.75895579375 0.6440656953125 0.8209761828125