11 0.25625 0.07734375 0.125 0.15
10 0.35078125 0.09609375 0.1140625 0.1515625
9 0.44140625 0.1125 0.115625 0.15625
8 0.54375 0.1296875 0.13125 0.165625
19 0.840625 0.18515625 0.1265625 0.1578125
19 0.934375 0.209375 0.1109375 0.146875
18 0.6953125 0.15546875 0.2171875 0.1796875
13 0.9 0.35859375 0.1171875 0.1453125
13 0.80234375 0.34375 0.115625 0.14375
13 0.7125 0.32421875 0.109375 0.146875
14 0.62265625 0.31328125 0.1078125 0.1359375
14 0.52890625 0.29609375 0.1125 0.1359375
14 0.43984375 0.2796875 0.10625 0.1328125
3 0.35859375 0.2765625 0.08125 0.10625
0 0.39375 0.40703125 0.0859375 0.09375
1 0.484375 0.4296875 0.121875 0.090625
28 0.57890625 0.440625 0.0828125 0.096875
29 0.6703125 0.4640625 0.1234375 0.0921875
4 0.76953125 0.475 0.084375 0.1
5 0.85859375 0.4984375 0.1265625 0.09375
23 0.46171875 0.534375 0.1015625 0.1125
18 0.3765625 0.51875 0.0953125 0.1125
24 0.340625 0.6328125 0.0859375 0.0953125
24 0.41015625 0.64453125 0.078125 0.0953125
24 0.47734375 0.65546875 0.0828125 0.0953125
26 0.53359375 0.6734375 0.059375 0.0796875
30 0.59375 0.67578125 0.0828125 0.0953125
12 0.66171875 0.6875 0.08125 0.0921875
16 0.73203125 0.7015625 0.0859375 0.0953125
6 0.81328125 0.71640625 0.0875 0.09375
7 0.78828125 0.89609375 0.115625 0.084375
7 0.76953125 0.95859375 0.11875 0.0828125
27 0.11015625 0.84296875 0.1296875 0.090625
25 0.22578125 0.8609375 0.121875 0.084375
25 0.3375 0.878125 0.11875 0.084375
25 0.44375 0.90546875 0.1203125 0.0875
25 0.45859375 0.83671875 0.1203125 0.0859375
25 0.47265625 0.7671875 0.1203125 0.0875
25 0.359375 0.74765625 0.1234375 0.084375
25 0.3453125 0.8140625 0.121875 0.0828125
25 0.2390625 0.78828125 0.1203125 0.084375
31 0.58671875 0.78515625 0.11875 0.0875
31 0.56875 0.85546875 0.11875 0.0875
31 0.55234375 0.921875 0.115625 0.0796875
17 0.69453125 0.8046875 0.11875 0.0890625
17 0.67890625 0.875 0.11875 0.0875
17 0.66171875 0.940625 0.11875 0.0828125
36 0.53125 0.55078125 0.0640625 0.09375
34 0.58671875 0.5609375 0.065625 0.0953125
33 0.634375 0.5703125 0.05 0.0953125
35 0.67421875 0.57734375 0.0515625 0.0953125
37 0.71171875 0.58359375 0.0515625 0.09375
39 0.75 0.5921875 0.0515625 0.09375
18 0.7875 0.59140625 0.0453125 0.0796875
41 0.8265625 0.60546875 0.0515625 0.096875
42 0.86640625 0.6140625 0.05 0.0953125