19 0.05625 0.2734375 0.1125 0.125
19 0.175 0.26484375 0.1296875 0.1171875
20 0.3 0.2515625 0.1359375 0.1234375
20 0.42578125 0.23671875 0.1328125 0.1234375
8 0.56171875 0.2265625 0.1375 0.1234375
9 0.6859375 0.2109375 0.1328125 0.1265625
10 0.81015625 0.1953125 0.14375 0.1328125
13 0.065625 0.39453125 0.13125 0.1171875
13 0.18828125 0.38515625 0.1234375 0.1125
13 0.30390625 0.37265625 0.1265625 0.1203125
14 0.41484375 0.3640625 0.1140625 0.1109375
14 0.5296875 0.35234375 0.1375 0.115625
14 0.6578125 0.33984375 0.134375 0.115625
3 0.76484375 0.33984375 0.090625 0.0875
3 0.85390625 0.3296875 0.1015625 0.0875
2 0.94140625 0.3234375 0.090625 0.0796875
4 0.24609375 0.4828125 0.0953125 0.075
29 0.35703125 0.478125 0.1453125 0.06875
28 0.475 0.4609375 0.1015625 0.0765625
1 0.59296875 0.45546875 0.1484375 0.06875
0 0.709375 0.43984375 0.1 0.075
15 0.703125 0.528125 0.11875 0.084375
23 0.59140625 0.5390625 0.115625 0.0828125
24 0.71015625 0.61640625 0.096875 0.0703125
24 0.61953125 0.62265625 0.09375 0.0734375
24 0.5328125 0.63046875 0.0953125 0.071875
26 0.44921875 0.63984375 0.0765625 0.065625
12 0.309375 0.64765625 0.0953125 0.06875
16 0.21953125 0.65859375 0.0984375 0.0671875
6 0.12890625 0.6640625 0.0953125 0.06875
27 0.93359375 0.7359375 0.1328125 0.071875
27 0.93515625 0.7859375 0.1296875 0.065625
25 0.80234375 0.7453125 0.14375 0.065625
25 0.80859375 0.79375 0.14375 0.0609375
25 0.66484375 0.75703125 0.14375 0.0625
25 0.66953125 0.80390625 0.1421875 0.0625
25 0.528125 0.76953125 0.1359375 0.0609375
25 0.53359375 0.81484375 0.1375 0.0609375
31 0.4 0.82578125 0.1375 0.0625
31 0.39609375 0.771875 0.134375 0.0640625
17 0.246875 0.7390625 0.134375 0.0609375
17 0.2515625 0.79453125 0.140625 0.0625
17 0.259375 0.83984375 0.140625 0.059375
7 0.121875 0.8484375 0.1296875 0.059375
7 0.11328125 0.8015625 0.14375 0.0625
25 0.589771496875 0.725491628125 0.588232578125 0.6777910296874999 0.45151733125 0.6890016812499999 0.45775429531249995 0.7365008468750001 0.589771496875 0.725491628125
25 0.7217887937499999 0.7144823984374999 0.7149738140624999 0.66948320625 0.5861753234375 0.6794347296875001 0.5910025 0.72536224375 0.7217887937499999 0.7144823984374999
35 0.32265625 0.56328125 0.0515625 0.071875
38 0.1828125 0.57734375 0.0484375 0.071875
37 0.278125 0.56875 0.0515625 0.0703125
34 0.464925784375 0.5846032671875 0.4617399265625 0.5181030671875 0.3966502015625 0.5219120562499999 0.40076740156249996 0.5899492093750001 0.464925784375 0.5846032671875
36 0.5299875046875 0.57823074375 0.5318371703125 0.511317440625 0.4689554328125 0.5171071515625 0.4668293171875 0.5834715953125 0.5299875046875 0.57823074375
18 0.371875 0.553125 0.059375 0.0640625
18 0.13828125 0.5765625 0.0484375 0.0609375
18 0.09140625 0.58046875 0.05 0.059375
18 0.11875 0.49375 0.1609375 0.0796875