11 0.40252578906250003 0.26589488906250003 0.34907523125 0.1436902890625 0.2816857671875 0.1547181328125 0.33578598125000003 0.27509870937500003 0.40252578906250003 0.26589488906250003
10 0.490991853125 0.25713382500000004 0.465313009375 0.130887059375 0.3880853359375 0.137666490625 0.416891071875 0.26336190312499996 0.490991853125 0.25713382500000004
9 0.5532297328125 0.25470696875 0.52790755 0.13694467500000002 0.46963001406249993 0.141237425 0.4959966140625 0.25967029531249997 0.5532297328125 0.25470696875
8 0.6013303421875 0.2496444796875 0.577990190625 0.13666111718750001 0.5306949140625 0.1450005515625 0.550727353125 0.25343873437500003 0.6013303421875 0.2496444796875
20 0.6537048671875 0.2429736453125 0.639316028125 0.1549087484375 0.58237889375 0.1666577734375 0.6000791515625 0.2490103609375 0.6537048671875 0.2429736453125
19 0.6918602796875 0.2396647609375 0.6767230828125 0.1602791828125 0.6368941953125 0.1655926171875 0.6517871625 0.24502126093749999 0.6918602796875 0.2396647609375
19 0.72765948125 0.23591660625 0.71162775625 0.16438138124999999 0.6760816937499999 0.1680849015625 0.6940703234375001 0.239275071875 0.72765948125 0.23591660625
13 0.7602958265625 0.3370039625 0.7376514859375 0.253813678125 0.691867890625 0.2576128796875 0.7184511687499999 0.345237040625 0.7602958265625 0.3370039625
13 0.7989715875 0.3301843828125 0.7832497140625 0.24748295312500002 0.7410850484375 0.2523535125 0.7604419953125 0.3378329265625 0.7989715875 0.3301843828125
14 0.632259475 0.36043496249999996 0.6233139015625 0.2773934234375 0.5766901171875001 0.28305024687499997 0.5905609859375 0.369497003125 0.632259475 0.36043496249999996
14 0.5898944687500001 0.3721787359375 0.5706470390625 0.2824063328125 0.51147838125 0.29454883593750003 0.5273467359375 0.3857717984375 0.5898944687500001 0.3721787359375
1 0.61595148125 0.4560493796875 0.6030611265625 0.40325286406250005 0.5496825390625 0.41938073437499995 0.5580602156250001 0.47297295625 0.61595148125 0.4560493796875
28 0.6688630515625 0.441347015625 0.654006540625 0.387554028125 0.61164995625 0.3950226375 0.627877025 0.45260342812500004 0.6688630515625 0.441347015625
4 0.751933025 0.4199837515625 0.7388129796875 0.36588458125 0.7113550484375 0.371397734375 0.7264603171874999 0.427833171875 0.751933025 0.4199837515625
5 0.8025844421875 0.40769465 0.7965113296874999 0.36309816875 0.748568825 0.3742380390625 0.75910856875 0.42006166875 0.8025844421875 0.40769465
23 0.638248846875 0.550252153125 0.623508875 0.479984946875 0.5726064578125001 0.4924862015625 0.589057128125 0.5689157093749999 0.638248846875 0.550252153125
24 0.599616765625 0.65989948125 0.5830438734375 0.597007040625 0.523065265625 0.6069952578125 0.54414644375 0.6784948625 0.599616765625 0.65989948125
12 0.7714702171875001 0.586112375 0.7530081390625 0.5347180421875 0.7185932625 0.54725025625 0.73631088125 0.5999511203125001 0.7714702171875001 0.586112375
16 0.7999932125 0.574619059375 0.782905825 0.5176936515625 0.7517390234375 0.530828403125 0.7732910953125 0.5875542 0.7999932125 0.574619059375
6 0.8308515812499999 0.5586005375 0.8156855640625 0.5036868625 0.7808279437500001 0.5180600390625 0.7996917406249999 0.5729093234375 0.8308515812499999 0.5586005375
27 0.572975275 0.850876165625 0.559328659375 0.79569458125 0.48638133437500003 0.8344129328125 0.5050683828125 0.892231540625 0.572975275 0.850876165625
27 0.6035242843749999 0.9130671328125001 0.58921845625 0.8585894156249999 0.5144418125 0.9046818999999999 0.5298854687500001 0.9618971421875001 0.6035242843749999 0.9130671328125001
25 0.659661703125 0.8138486593750001 0.6482941953125 0.7582652046875 0.5869680609375 0.7961096890625 0.598133903125 0.85584211875 0.659661703125 0.8138486593750001
25 0.6671864734375 0.865408640625 0.6564661375 0.8179379093750001 0.5934187140625 0.8549106406250001 0.6039825125 0.9112234421875 0.6671864734375 0.865408640625
25 0.725317725 0.8263646078125 0.71413915625 0.78073756875 0.653844559375 0.8154620093749999 0.6661695234375 0.8685261125 0.725317725 0.8263646078125
31 0.8130009640625 0.7638931953125 0.80526316875 0.7200099796874999 0.7596871796875 0.7492009765625001 0.7667797453125 0.7949608578125 0.8130009640625 0.7638931953125
31 0.8067825750000001 0.7197420671875 0.80046369375 0.675021028125 0.7507434953125001 0.6984788171874999 0.7590982171875 0.7469543015625 0.8067825750000001 0.7197420671875
17 0.8528873156250001 0.736880696875 0.8451495203125001 0.6929974796875 0.8051604015624999 0.71826520625 0.810822346875 0.7648649734374999 0.8528873156250001 0.736880696875
17 0.8462106953124999 0.694573259375 0.8409087656249999 0.6467347484375 0.7986409 0.6724042796874999 0.8049616953125 0.7183002421875 0.8462106953124999 0.694573259375
7 0.89637119375 0.70805859375 0.888577134375 0.6682987171875 0.846118371875 0.6928266453124999 0.8544067203125 0.736612784375 0.89637119375 0.70805859375
7 0.88847664375 0.6677288046875 0.8840791296875 0.6250195 0.838738496875 0.64652979375 0.8485460687499999 0.6900480531250001 0.88847664375 0.6677288046875
36 0.6731673234375 0.53919815625 0.6561107328125 0.4720817109375 0.6294208109375 0.483447684375 0.6466219625 0.5485798703125 0.6731673234375 0.53919815625
33 0.7205153953125001 0.5234060859375 0.7039277625 0.4589492296875 0.6889385265625 0.46550977656250003 0.7023790140624999 0.53012980625 0.7205153953125001 0.5234060859375
39 0.7687129328125 0.5035466921875 0.7671398203125 0.4442774515625 0.75057895625 0.45072336562500004 0.7528409171875 0.5083041265625 0.7687129328125 0.5035466921875
41 0.8000174890625 0.4945010671875 0.786088159375 0.4362352984375 0.772169540625 0.4398647890625 0.7857988671875 0.499750471875 0.8000174890625 0.4945010671875
2 0.3910987578125 0.4079440640625 0.3565033328125 0.3302087953125 0.3060987671875 0.34614805312499997 0.3417918078125 0.4244732921875 0.3910987578125 0.4079440640625