19 0.5296875 0.26328125 0.128125 0.18125
14 0.41796875 0.23671875 0.1453125 0.184375
13 0.32109375 0.21328125 0.1296875 0.1703125
9 0.2203125 0.1828125 0.1453125 0.178125
5 0.20546875 0.49140625 0.125 0.0890625
29 0.31484375 0.51796875 0.121875 0.0859375
7 0.4296875 0.546875 0.1203125 0.0890625
31 0.40859375 0.6578125 0.1125 0.078125
24 0.328125 0.62890625 0.084375 0.0921875
23 0.2578125 0.60546875 0.1015625 0.10625
15 0.17421875 0.5828125 0.1015625 0.1078125
25 0.15703125 0.7640625 0.1140625 0.0765625
25 0.25703125 0.7890625 0.109375 0.0765625
27 0.3578125 0.81484375 0.109375 0.0765625
39 0.5131895578125001 0.4846333453125 0.5422865171875 0.396322746875 0.5043437234375 0.3863751125 0.47586739062500005 0.474828990625 0.5131895578125001 0.4846333453125
38 0.47498555781249996 0.4752193296875 0.49895114218750003 0.38513013749999997 0.462762034375 0.37439951875 0.43704192031250005 0.464677571875 0.47498555781249996 0.4752193296875
35 0.31844073906250003 0.43313885 0.3382575296875 0.3438736109375 0.2984011484375 0.331702409375 0.2804971 0.42259709218749997 0.31844073906250003 0.43313885
33 0.2806272796875 0.42203322187500003 0.2951825171875 0.33155325625 0.2562987390625 0.321982303125 0.24167163125000002 0.41244567656250003 0.2806272796875 0.42203322187500003
37 0.2394166796875 0.4119250796875 0.25259879375 0.320534178125 0.21559905625 0.30961641093750003 0.2025858015625 0.4034220015625 0.2394166796875 0.4119250796875
32 0.1982060765625 0.40181693437500005 0.20776011875 0.3089945015625 0.1687253140625 0.29998260625 0.159250428125 0.3922293890625 0.1982060765625 0.40181693437500005
18 0.3650306125 0.4302346734375 0.380509571875 0.34947078125000003 0.34200721562499997 0.3417696640625 0.3245716625 0.42030006249999996 0.3650306125 0.4302346734375
18 0.4029742515625 0.4407764296875 0.42446641406249996 0.36140079531249997 0.38535292499999996 0.3529646609375 0.3642789609375 0.430061140625 0.4029742515625 0.4407764296875
18 0.43125 0.40546875 0.0546875 0.090625