15 0.54765625 0.14375 0.128125 0.215625
15 0.64296875 0.134375 0.11875 0.196875
23 0.73515625 0.12578125 0.11875 0.1875
23 0.8390625 0.13515625 0.128125 0.1671875
7 0.58671875 0.44453125 0.15 0.1625
6 0.70625 0.41015625 0.1109375 0.1875
6 0.771875 0.4015625 0.0765625 0.184375
24 0.8875 0.3921875 0.1265625 0.1953125
27 0.6328125 0.821875 0.15 0.1515625
27 0.6125 0.68203125 0.1421875 0.15625
25 0.80984231875 0.6051397609375 0.6854249078125 0.6194709734375 0.6968871484375 0.759943865625 0.815156840625 0.74368870625 0.80984231875 0.6051397609375
18 0.8187177578125 0.7447494453125 0.9404797468749999 0.7280643953125 0.9315807656249999 0.592082853125 0.8049539921875001 0.60573999375 0.8187177578125 0.7447494453125
31 0.9425747359375001 0.7278071203125 0.8258389546875 0.7411951484375 0.838597115625 0.8681947484375 0.9509141953125001 0.8534586203125001 0.9425747359375001 0.7278071203125