11 0.10546875 0.12734375 0.1140625 0.1515625
10 0.209375 0.12734375 0.11875 0.159375
9 0.31953125 0.1359375 0.103125 0.1421875
8 0.4140625 0.1296875 0.1 0.153125
20 0.51640625 0.12890625 0.0984375 0.153125
21 0.749861190625 0.202861953125 0.7554715328125 0.053872053125 0.6513573234375001 0.0547138046875 0.657851575 0.20538720625 0.749861190625 0.202861953125
21 0.8598239 0.19949494843749999 0.8631901046875001 0.055555556250000006 0.7658354375 0.0513468015625 0.7633260109375 0.1978114484375 0.8598239 0.19949494843749999
13 0.796875 0.29609375 0.1015625 0.134375
13 0.696875 0.2984375 0.0859375 0.134375
13 0.60703125 0.2984375 0.090625 0.134375
14 0.509375 0.29921875 0.1015625 0.1375
14 0.4140625 0.30078125 0.09375 0.1375
14 0.31953125 0.303125 0.09375 0.134375
3 0.24140625 0.32265625 0.0765625 0.096875
3 0.1671875 0.3234375 0.08125 0.096875
0 0.32734375 0.43984375 0.0765625 0.084375
1 0.4234375 0.44375 0.103125 0.065625
28 0.51484375 0.43671875 0.06875 0.08125
29 0.60078125 0.4421875 0.10625 0.06875
4 0.69375 0.43359375 0.065625 0.0828125
5 0.78671875 0.43984375 0.109375 0.06875
15 0.3453125 0.5515625 0.08125 0.090625
23 0.42890625 0.5484375 0.0796875 0.09375
24 0.3328125 0.6578125 0.0703125 0.0765625
24 0.40234375 0.65625 0.0578125 0.075
24 0.46484375 0.6578125 0.06875 0.075
26 0.528125 0.66015625 0.046875 0.065625
30 0.5875 0.6515625 0.065625 0.0765625
12 0.6625 0.65625 0.065625 0.071875
16 0.72890625 0.6546875 0.0640625 0.06875
6 0.796875 0.65 0.065625 0.0734375
27 0.1609375 0.8484375 0.115625 0.059375
27 0.21960954375 0.9309116812499999 0.21391288749999998 0.875356125 0.11240206562499999 0.8824786328125 0.12181696093750001 0.9380341874999999 0.21960954375 0.9309116812499999
25 0.320250453125 0.928062678125 0.3155032390625 0.86965811875 0.2149661671875 0.8760683765625 0.2186601 0.9323361828125 0.320250453125 0.928062678125
25 0.418992478125 0.9266381765625 0.418992478125 0.86965811875 0.3184799375 0.8725071218749999 0.319301009375 0.9316239312500001 0.418992478125 0.9266381765625
25 0.52533004375 0.922364671875 0.5234311578125 0.8618233625 0.421044040625 0.86823361875 0.4218408046875 0.9294871796875 0.52533004375 0.922364671875
31 0.6354653781249999 0.9188034187499999 0.6345159359375 0.8603988609375 0.5340544875 0.8625356125 0.536723353125 0.9202279203125 0.6354653781249999 0.9188034187499999
31 0.640212590625 0.8618233625 0.64306091875 0.8062678062499999 0.538802825 0.8062678062499999 0.5405211234375 0.8660968656250001 0.640212590625 0.8618233625
31 0.640212590625 0.8062678062499999 0.6392631484375 0.7386039890625 0.536903490625 0.7428774921875 0.537672796875 0.8076923078125 0.640212590625 0.8062678062499999
17 0.7361062875 0.915954415625 0.73705573125 0.8611111109375 0.636618590625 0.8611111109375 0.6354653781249999 0.9188034187499999 0.7361062875 0.915954415625
17 0.7437018281250001 0.8632478625 0.7456007140625001 0.8048433046874999 0.6451655984375 0.803418803125 0.642111475 0.8653846156249999 0.7437018281250001 0.8632478625
17 0.748449040625 0.8076923078125 0.7550951390625 0.7471509968750001 0.651813271875 0.74430199375 0.644959803125 0.8048433046874999 0.748449040625 0.8076923078125
7 0.836747196875 0.9109686609375001 0.8414944109375 0.85612535625 0.738233025 0.8603988609375 0.7361062875 0.9123931625000001 0.836747196875 0.9109686609375001
7 0.842443853125 0.8582621078124999 0.8509888359375 0.7977207984375 0.7477297015625 0.79985755 0.7427523859375 0.8547008546875 0.842443853125 0.8582621078124999
34 0.54765625 0.55078125 0.0515625 0.084375
33 0.59453125 0.54921875 0.034375 0.084375
39 0.70390625 0.54921875 0.0375 0.0875
38 0.74296875 0.54765625 0.0359375 0.084375
41 0.7796875 0.54609375 0.034375 0.084375
42 0.8171875 0.5453125 0.034375 0.084375
18 0.6671875 0.540625 0.034375 0.0734375
18 0.63125 0.54296875 0.03125 0.071875
18 0.496875 0.5453125 0.053125 0.071875
18 0.609375 0.13359375 0.0875 0.140625