19 0.5234375 0.25 0.0984375 0.15625
14 0.628125 0.2515625 0.1078125 0.15625
13 0.7359375 0.25 0.1046875 0.1625
9 0.85625 0.25 0.1265625 0.165625
7 0.55078125 0.58125 0.125 0.0734375
29 0.67109375 0.58125 0.1171875 0.078125
5 0.79375 0.584375 0.125 0.075
31 0.53984375 0.7140625 0.1125 0.065625
24 0.63671875 0.7125 0.078125 0.0890625
23 0.72265625 0.7078125 0.0953125 0.1
15 0.8203125 0.7109375 0.0984375 0.09375
27 0.55078125 0.8984375 0.1140625 0.0671875
25 0.6671875 0.8984375 0.1140625 0.0671875
25 0.78203125 0.90078125 0.1171875 0.065625
25 0.78125 0.82734375 0.1171875 0.0671875
39 0.50390625 0.4296875 0.0421875 0.1
38 0.54921875 0.42890625 0.04375 0.1015625
40 0.5953125 0.4296875 0.0421875 0.1015625
41 0.6375 0.4296875 0.04375 0.1
35 0.725 0.43203125 0.0453125 0.0984375
33 0.76875 0.4296875 0.04375 0.103125
37 0.8125 0.4296875 0.046875 0.1
32 0.8752810500000001 0.47985803593750004 0.88932181875 0.3804147328125 0.8450890078125 0.3790979015625 0.8331863984375 0.4785785265625 0.8752810500000001 0.47985803593750004
18 0.68203125 0.421875 0.0453125 0.0859375