11 0.64921875 0.1703125 0.1 0.159375
10 0.5484375 0.18125 0.1 0.153125
9 0.45234375 0.19296875 0.090625 0.1515625
8 0.3546875 0.196875 0.103125 0.1546875
20 0.26796875 0.21328125 0.0828125 0.1375
20 0.17421875 0.2171875 0.09375 0.1390625
21 0.0796875 0.2234375 0.0953125 0.1421875
13 0.0375 0.37734375 0.075 0.1328125
13 0.12265625 0.36953125 0.09375 0.1359375
13 0.21015625 0.36640625 0.0875 0.1328125
14 0.2921875 0.3625 0.0921875 0.121875
14 0.37890625 0.35546875 0.0875 0.13125
14 0.46640625 0.34921875 0.0890625 0.128125
3 0.54296875 0.36171875 0.065625 0.09375
3 0.61015625 0.35390625 0.06875 0.1
2 0.68046875 0.353125 0.071875 0.09375
0 0.50859375 0.47890625 0.071875 0.0828125
1 0.415625 0.48828125 0.1078125 0.071875
28 0.32421875 0.4875 0.0671875 0.08125
29 0.24296875 0.49765625 0.103125 0.065625
4 0.16171875 0.49375 0.065625 0.0796875
5 0.08046875 0.50546875 0.103125 0.0703125
15 0.5140625 0.58125 0.078125 0.0921875
23 0.4375 0.5828125 0.0765625 0.090625
24 0.52109375 0.684375 0.0671875 0.0765625
24 0.45546875 0.68515625 0.0703125 0.0734375
24 0.390625 0.6890625 0.06875 0.0703125
26 0.3421875 0.69140625 0.0375 0.0609375
30 0.28671875 0.68984375 0.0671875 0.06875
12 0.2296875 0.68828125 0.05625 0.0703125
16 0.16875 0.6921875 0.0671875 0.0703125
6 0.109375 0.69296875 0.065625 0.071875
27 0.6984375 0.8578125 0.10625 0.0609375
27 0.70390625 0.9140625 0.10625 0.05625
25 0.60234375 0.91171875 0.1 0.059375
25 0.596875 0.8578125 0.1 0.0578125
25 0.49765625 0.85859375 0.0984375 0.05625
25 0.5046875 0.9109375 0.0953125 0.0546875
25 0.41015625 0.9078125 0.09375 0.05625
25 0.403125 0.85625 0.0953125 0.0546875
25 0.39609375 0.80078125 0.1046875 0.0640625
31 0.31796875 0.909375 0.0953125 0.0546875
31 0.30859375 0.8578125 0.096875 0.0578125
31 0.30078125 0.796875 0.09375 0.0625
17 0.22734375 0.90859375 0.0921875 0.0546875
17 0.21875 0.85625 0.09375 0.053125
17 0.2078125 0.80625 0.0953125 0.0546875
7 0.1390625 0.903125 0.0921875 0.053125
7 0.12734375 0.853125 0.0953125 0.0546875
36 0.3999438796875 0.6285702296875 0.3947174171875 0.5513908015625 0.3478885375 0.5525628546875 0.3543035140625 0.6301640265625 0.3999438796875 0.6285702296875
34 0.35060294375 0.630293253125 0.34473171874999997 0.55267309375 0.299748809375 0.5533174421875 0.3043135 0.630983225 0.35060294375 0.630293253125
33 0.299475221875 0.6303941453124999 0.2966688421875 0.5521616015624999 0.2625262609375 0.552932753125 0.26583367343750003 0.631568934375 0.299475221875 0.6303941453124999
35 0.26413690624999997 0.6312070546874999 0.25626003750000004 0.5527304421875 0.2232777875 0.5543033390625001 0.232723440625 0.631882903125 0.26413690624999997 0.6312070546874999
37 0.23160205625 0.6319220640625 0.2175777765625 0.5545023890625 0.18408806718749998 0.5573564046875 0.199642584375 0.6330381125 0.23160205625 0.6319220640625
39 0.1990818921875 0.6330576921875 0.18391356406249998 0.5552568375 0.152674603125 0.5580322546875001 0.166532353125 0.633352084375 0.1990818921875 0.6330576921875
41 0.13289080625 0.6345268734375 0.12231090156249999 0.5599348421875 0.0893310421875 0.5606653921875 0.101492028125 0.6356233421875 0.13289080625 0.6345268734375
42 0.1009607109375 0.6364841593749999 0.0903291671875 0.5606305375 0.0595702765625 0.560441265625 0.0701079375 0.63714043125 0.1009607109375 0.6364841593749999