13 0.76953125 0.34375 0.08125 0.1078125
13 0.6984375 0.3390625 0.078125 0.103125
14 0.62265625 0.33046875 0.0765625 0.1046875
14 0.55 0.32734375 0.075 0.1
19 0.4796875 0.32109375 0.075 0.103125
19 0.40625 0.31640625 0.084375 0.1
20 0.321875 0.30546875 0.0828125 0.1046875
23 0.7515625 0.459375 0.06875 0.075
15 0.6875 0.45625 0.071875 0.0765625
8 0.61953125 0.43984375 0.0796875 0.09375
9 0.5546875 0.43828125 0.0671875 0.09375
10 0.4875 0.4296875 0.071875 0.0953125
11 0.41875 0.42578125 0.075 0.0984375
3 0.35390625 0.4359375 0.053125 0.0671875
2 0.303125 0.4296875 0.0546875 0.06875
1 0.459375 0.53046875 0.0828125 0.0578125
28 0.525 0.53046875 0.053125 0.0625
29 0.590625 0.5390625 0.084375 0.05625
4 0.665625 0.53828125 0.059375 0.06875
5 0.734375 0.55 0.084375 0.0578125
12 0.74453125 0.63359375 0.053125 0.0640625
30 0.60546875 0.7 0.059375 0.065625
24 0.48125 0.69453125 0.059375 0.0625
24 0.4265625 0.690625 0.0578125 0.0640625
26 0.5578125 0.703125 0.040625 0.05625
27 0.29296875 0.884375 0.084375 0.05625
27 0.2921875 0.83515625 0.0859375 0.059375
25 0.37734375 0.88515625 0.078125 0.05625
25 0.3765625 0.83828125 0.0828125 0.05625
25 0.45703125 0.88828125 0.08125 0.0546875
31 0.5375 0.89296875 0.0828125 0.0546875
31 0.540625 0.8453125 0.0828125 0.053125
31 0.5453125 0.79765625 0.084375 0.05625
17 0.61796875 0.89765625 0.0828125 0.053125
17 0.621875 0.85234375 0.084375 0.053125
36 0.4328125 0.6109375 0.0453125 0.0671875
34 0.47421875 0.6140625 0.04375 0.06875
33 0.50859375 0.6140625 0.0296875 0.0671875
35 0.5375 0.61796875 0.0328125 0.0671875
37 0.565625 0.61875 0.03125 0.0671875
39 0.59375 0.62109375 0.0328125 0.0671875
38 0.621875 0.62109375 0.03125 0.0671875
41 0.65 0.62421875 0.0296875 0.0671875
42 0.67734375 0.625 0.0296875 0.0671875
40 0.7046875 0.628125 0.03125 0.0671875