13 0.1984375 0.26171875 0.175 0.15
14 0.36640625 0.26640625 0.15625 0.134375
14 0.515625 0.26796875 0.1515625 0.1328125
14 0.653125 0.26328125 0.1265625 0.125
19 0.78203125 0.26328125 0.1375 0.121875
19 0.91484375 0.259375 0.1484375 0.125
2 0.81171875 0.4015625 0.0828125 0.084375
3 0.71953125 0.4046875 0.1015625 0.0875
3 0.63359375 0.40703125 0.084375 0.0875
9 0.234375 0.41484375 0.1515625 0.1171875
8 0.078125 0.41953125 0.15625 0.1171875
11 0.52265625 0.40546875 0.146875 0.109375
5 0.109375 0.553125 0.190625 0.078125
4 0.2640625 0.53359375 0.1140625 0.0890625
29 0.40859375 0.5328125 0.171875 0.0734375
28 0.5453125 0.51484375 0.1078125 0.0828125
1 0.67734375 0.515625 0.1546875 0.06875
0 0.790625 0.50234375 0.0828125 0.075
23 0.66328125 0.6046875 0.1234375 0.08125
15 0.778125 0.59453125 0.1125 0.078125
6 0.06796875 0.765625 0.1171875 0.0828125
16 0.1890625 0.7515625 0.1140625 0.084375
12 0.30390625 0.7375 0.1140625 0.08125
30 0.41875 0.72578125 0.1109375 0.0828125
24 0.77421875 0.68515625 0.0921875 0.0765625
24 0.684375 0.69609375 0.0953125 0.0765625
24 0.58828125 0.70546875 0.1 0.0796875
26 0.50625 0.7203125 0.0671875 0.06875
25 0.9442378484375 0.7532925984375 0.8151287203124999 0.7725032734374999 0.818045946875 0.8253036093749999 0.9483602781249999 0.8069093687500001 0.9442378484375 0.7532925984375
25 0.9369220171875 0.8128434531250001 0.8107480718750001 0.8314914171875 0.8081668859375 0.8805284406249999 0.9395360640625 0.8616029390625 0.9369220171875 0.8128434531250001
25 0.8064424593749999 0.8311473484375 0.814935553125 0.77880838125 0.6796434515625001 0.7965166421875 0.676145290625 0.8500354124999999 0.8064424593749999 0.8311473484375
25 0.7974458015625 0.8809028281250001 0.8019989453124999 0.8311435953125 0.668623321875 0.8498036796875 0.6672520984375 0.9027537515624999 0.7974458015625 0.8809028281250001
25 0.6664445671875 0.848890915625 0.6692664234375 0.7968661234375001 0.5289590484375 0.8156222218750001 0.52118968125 0.8697845687499999 0.6664445671875 0.848890915625
25 0.6661800078125 0.9027911890625001 0.663054184375 0.8495841765625001 0.5255298625 0.871116225 0.5263891296875001 0.9264605078124999 0.6661800078125 0.9027911890625001
31 0.5246129703125 0.8755979671875 0.52364038125 0.81615768125 0.368625571875 0.8350647906249999 0.36865416406249996 0.8973598171875 0.5246129703125 0.8755979671875
31 0.5222041453124999 0.929573121875 0.5230489140625 0.8760913765625 0.37195674375 0.8997165546874999 0.374908540625 0.9535045109375 0.5222041453124999 0.929573121875
17 0.36838960468750004 0.9512600921875001 0.36674144062499997 0.8969912593749999 0.2084932125 0.9217404359374999 0.2115312328125 0.9779974484375 0.36838960468750004 0.9512600921875001
17 0.3541476625 0.8815507468750001 0.3507075609375 0.8221966281249999 0.1886839625 0.8462926218750001 0.191859771875 0.906500084375 0.3541476625 0.8815507468750001
7 0.077974271875 1 0.2008527375 0.9795914234374999 0.20654153125 0.9217330296874999 0.0258089421875 0.9466454453125 0.023999014062499997 1 0.077974271875 1
7 0.180508753125 0.8888354250000001 0.17669269375000002 0.835685284375 0.013004170312499999 0.8566150015625 0.01595596875 0.910402978125 0.180508753125 0.8888354250000001
36 0.5920156796875 0.6464954171875 0.5874393015625 0.5716834375000001 0.5180701203125 0.578211784375 0.52513825 0.6525389640625 0.5920156796875 0.6464954171875
34 0.5171549046874999 0.654465765625 0.516086146875 0.57829288125 0.44401660156249995 0.5836818546875 0.445795984375 0.660253759375 0.5171549046874999 0.654465765625
33 0.44310138437499996 0.65993585 0.44130977343750005 0.582962996875 0.387845784375 0.5889394828125 0.39051864531249997 0.6654801859374999 0.44310138437499996 0.65993585
35 0.3860658984375 0.666047684375 0.38220922343749997 0.5881151328125 0.3263002078125 0.5939727671874999 0.3281514421875 0.672602215625 0.3860658984375 0.666047684375
37 0.32813707187499996 0.6721907125000001 0.3242437625 0.5937423500000001 0.2665270796875 0.5985321640625 0.2719952015625 0.6782713390625 0.32813707187499996 0.6721907125000001
39 0.26667771406249996 0.6796930421875 0.26177385000000003 0.5984974328125 0.20320892031249999 0.60403936875 0.2131585265625 0.684034065625 0.26667771406249996 0.6796930421875
38 0.20789852031249997 0.6871018125 0.195970475 0.6038836375 0.135395034375 0.6088795390625 0.149984065625 0.6936563437500001 0.20789852031249997 0.6871018125
41 0.14096360937500002 0.6914992859375 0.1335005609375 0.60863871875 0.0756217703125 0.6134389437500001 0.084792996875 0.6967569078125 0.14096360937500002 0.6914992859375
42 0.0767233625 0.6962146640625 0.0688143234375 0.6139859125 0.009609075 0.6186282359375 0.0152496375 0.703305525 0.0767233625 0.6962146640625