10 0.27578125 0.078125 0.1421875 0.15625
8 0.48671875 0.0921875 0.1515625 0.184375
20 0.6078125 0.103125 0.13125 0.1796875
20 0.71796875 0.10859375 0.134375 0.1859375
19 0.8328125 0.12578125 0.1578125 0.1859375
13 0.89765625 0.33515625 0.11875 0.1484375
13 0.7212506375000001 0.3851651 0.8358093125 0.397290540625 0.8948455453124999 0.2423363 0.761890671875 0.22757984687500002 0.7212506375000001 0.3851651
13 0.6152762187499999 0.3725469515625 0.7203551015625 0.38624416093749997 0.759258834375 0.2327795203125 0.648748259375 0.2227290375 0.6152762187499999 0.3725469515625
14 0.5229709046875 0.3666714296875 0.614869584375 0.37641581875 0.6423719375 0.2337937515625 0.5371805234375 0.2227376890625 0.5229709046875 0.3666714296875
14 0.47578125 0.28046875 0.1359375 0.175
14 0.3640625 0.26875 0.1296875 0.1734375
3 0.27265625 0.28671875 0.08125 0.11875
3 0.2 0.27890625 0.0875 0.109375
2 0.128125 0.2734375 0.075 0.0984375
5 0.84140625 0.48359375 0.134375 0.0875
4 0.74296875 0.4625 0.0890625 0.103125
29 0.6453125 0.4625 0.1296875 0.090625
28 0.546875 0.446875 0.0875 0.096875
1 0.45078125 0.44140625 0.1265625 0.0875
0 0.3546875 0.42421875 0.0859375 0.0984375
15 0.33828125 0.534375 0.1140625 0.103125
23 0.4265625 0.546875 0.0921875 0.096875
25 0.3484375 0.815625 0.128125 0.078125
25 0.34921875 0.878125 0.1234375 0.075
25 0.35078125 0.928125 0.1140625 0.0625
25 0.24140625 0.9015625 0.1109375 0.0640625
25 0.4578125 0.9234375 0.1171875 0.06875
25 0.4640625 0.86875 0.1171875 0.0640625
25 0.46953125 0.81328125 0.1265625 0.071875
31 0.56484375 0.9390625 0.1171875 0.071875
31 0.5734375 0.87890625 0.11875 0.071875
31 0.5859375 0.821875 0.1234375 0.0671875
26 0.52265625 0.67421875 0.0625 0.0828125
24 0.28335306875 0.616031453125 0.288562203125 0.68297423125 0.35053757343749997 0.689057009375 0.35315809531250003 0.6227151421875 0.28335306875 0.616031453125
24 0.35044185781250003 0.69682363125 0.4219749265625 0.7050558375 0.4282183796875 0.6208076359375 0.3566235828125 0.61458895 0.35044185781250003 0.69682363125
24 0.42117517343750005 0.7071962375 0.4906473953125 0.7142329359375 0.498952278125 0.6269358515625 0.43338409375 0.6213505734375 0.42117517343750005 0.7071962375
30 0.54398030625 0.7191241640625 0.61548549375 0.72735395 0.626012028125 0.6520463624999999 0.5536241468750001 0.6450912062499999 0.54398030625 0.7191241640625
12 0.61382926875 0.725486175 0.6806679625000001 0.72832690625 0.698399909375 0.65900151875 0.6250152609375 0.6532478140625 0.61382926875 0.725486175
16 0.6795997593750001 0.73337834375 0.748729378125 0.743317778125 0.7712414015625 0.66992303125 0.69919299375 0.6597379906249999 0.6795997593750001 0.73337834375
6 0.749550540625 0.73877164375 0.8246289906250001 0.7499889171875 0.8394602984375 0.6751337953125 0.7656899734375 0.6647677734374999 0.749550540625 0.73877164375
45 0.8209281046875001 0.6311928609375 0.8584375265625 0.63537001875 0.8822394703124999 0.5497017390625001 0.8374699671875 0.544996275 0.8209281046875001 0.6311928609375
44 0.7970947453125 0.5316091234375 0.777811765625 0.6251920328125 0.81890159375 0.6305614953124999 0.8409354546875001 0.53687006875 0.7970947453125 0.5316091234375
18 0.7521677625 0.5366837671875 0.7372469453125 0.62067304375 0.778572653125 0.62501655 0.7934255765625 0.541673240625 0.7521677625 0.5366837671875
41 0.713628596875 0.53067380625 0.69713680625 0.616223046875 0.7379720562500001 0.6220554578125 0.7521677625 0.5366837671875 0.713628596875 0.53067380625
37 0.6588305671875 0.6141557234375 0.700022290625 0.6187199062500001 0.717276115625 0.52909784375 0.675157325 0.5240178656250001 0.6588305671875 0.6141557234375
27 0.0948644296875 0.7861270734375 0.10606371249999999 0.8351899015625 0.21216343750000002 0.8461327984375 0.2034123828125 0.7968828218749999 0.0948644296875 0.7861270734375
27 0.08463120468749999 0.8503626093750001 0.092071290625 0.9061956999999999 0.18668291875 0.9146437781250001 0.2013812609375 0.8658990687499999 0.08463120468749999 0.8503626093750001
17 0.613526934375 0.9644308390624999 0.7123026265625 0.9739487796875 0.7291981828125 0.9208632734375 0.6231652703125 0.911024996875 0.613526934375 0.9644308390624999
17 0.624293246875 0.9116947828124999 0.72740833125 0.9213282828124999 0.7429893796875 0.8641859515625001 0.6319265421875 0.8525127781249999 0.624293246875 0.9116947828124999
17 0.6379531546874999 0.8531462 0.7429893796875 0.8641859515625001 0.7577093703125 0.8069531187500001 0.6455819484374999 0.7971273828125 0.6379531546874999 0.8531462
7 0.712386303125 0.974331671875 0.8220971546875001 0.9894073156250001 0.8430475625 0.93086999375 0.72774780625 0.9180984015625 0.712386303125 0.974331671875
7 0.7261940124999999 0.9175079265624999 0.8335770734375 0.9298746046874999 0.85060838125 0.8754971656249999 0.73947765 0.8644699546875 0.7261940124999999 0.9175079265624999
35 0.633245015625 0.5190483875 0.6174627390625 0.6102989359375 0.6617438765625 0.61443689375 0.6774188359375 0.5242074109375 0.633245015625 0.5190483875
33 0.5918465046875 0.51366490625 0.5766021593749999 0.6054385984375 0.6188772250000001 0.6099314265625 0.631884128125 0.518905353125 0.5918465046875 0.51366490625
34 0.5352104375 0.5092607046875 0.5209017578124999 0.5953270140625 0.5755447609375001 0.60331235625 0.5921513421875 0.517310078125 0.5352104375 0.5092607046875
36 0.477374459375 0.5031818984374999 0.4646895015625 0.5911448453125 0.5183892250000001 0.59730506875 0.53384955 0.5091176703125 0.477374459375 0.5031818984374999