10 0.36171875 0.27578125 0.1359375 0.175
14 0.26171875 0.3 0.13125 0.175
13 0.153125 0.32578125 0.1484375 0.1828125
9 0.05703125 0.35234375 0.1140625 0.1703125
7 0.4296875 0.59296875 0.1328125 0.096875
5 0.19140625 0.653125 0.1328125 0.1
31 0.4671875 0.70234375 0.11875 0.09375
24 0.38046875 0.7140625 0.0875 0.0984375
23 0.3015625 0.73359375 0.1046875 0.109375
15 0.2171875 0.7515625 0.1046875 0.1109375
27 0.49609375 0.83046875 0.125 0.0890625
27 0.51484375 0.88984375 0.1234375 0.0875
25 0.39609375 0.91796875 0.1171875 0.0859375
25 0.2875 0.94140625 0.1234375 0.0875
38 0.3890625 0.453125 0.0640625 0.1046875
40 0.378974653125 0.5044864390625 0.35092734062500003 0.4123728296875 0.313797975 0.422820715625 0.3429121453125 0.514442115625 0.378974653125 0.5044864390625
41 0.340044390625 0.5145609062500001 0.31084095 0.42298504687499994 0.272568003125 0.43233940468750004 0.302369328125 0.5238021609375 0.340044390625 0.5145609062500001
42 0.3009950171875 0.524119446875 0.27060578281250003 0.4329528390625 0.23363767812499997 0.4424138453125 0.26125845000000003 0.5338366984375 0.3009950171875 0.524119446875
37 0.1810982046875 0.5534298171875001 0.1450424390625 0.46533528593750006 0.10597125156250001 0.475691284375 0.1411234515625 0.5621153703124999 0.1810982046875 0.5534298171875001
32 0.13998733125 0.5634643734375 0.1053689484375 0.473815859375 0.0668028 0.484734034375 0.0988764375 0.5734988515625 0.13998733125 0.5634643734375
18 0.45995079531250005 0.4727516875 0.4412621375 0.38812353593750004 0.39978545625 0.40025228593750006 0.41928888750000004 0.481595884375 0.45995079531250005 0.4727516875
18 0.25678778593749996 0.520742209375 0.23208908125 0.44252389374999995 0.1970070515625 0.45304400312500004 0.21991898124999998 0.530340709375 0.25678778593749996 0.520742209375
18 0.21648315 0.531133934375 0.19458039062500002 0.452541003125 0.157600421875 0.46105509375000003 0.178689009375 0.5398594 0.21648315 0.531133934375
18 0.31015625 0.6203125 0.1390625 0.1