19 0.433763446875 0 0.433701396875 0.11319502031249999 0.5429111421874999 0.1060674859375 0.546888859375 0.0018951109375000001 0.5334044437500001 0 0.433763446875 0
20 0.3553442359375 0 0.358717725 0.11901678281250001 0.43829348125 0.112456184375 0.43736613750000003 0 0.3553442359375 0
20 0.25823600468749996 0 0.2674461578125 0.126912109375 0.3605923953125 0.12044582343750002 0.3572281140625 0 0.25823600468749996 0
8 0.1588279 0 0.1791770203125 0.134138728125 0.2667316671875 0.12616440625 0.2587632015625 0 0.1588279 0
9 0.1459766171875 0 0.10951029999999999 0.0102465015625 0.1050566921875 0.1389911578125 0.1828259890625 0.1369185671875 0.1636669609375 0 0.1459766171875 0
10 0.0523272328125 0.146849878125 0.11067968749999998 0.1398704921875 0.11496476562499999 0.0059219609375 0.064380809375 0.0140861796875 0.0523272328125 0.146849878125
13 0.536870859375 0.300020209375 0.64122570625 0.30316465625 0.641317559375 0.13007983750000002 0.538251825 0.132322803125 0.536870859375 0.300020209375
13 0.4465044265625 0.295435503125 0.54211426875 0.29796307031249997 0.5414493421875 0.1509547421875 0.4583456390625 0.1560031890625 0.4465044265625 0.295435503125
13 0.37159459375 0.2964241828125 0.4492559 0.2965494890625 0.45949661875 0.15471036875 0.37924462187499997 0.1601595984375 0.37159459375 0.2964241828125
14 0.2752585953125 0.2937917296875 0.3699059328125 0.295579809375 0.366786959375 0.1591361109375 0.275629228125 0.159416153125 0.2752585953125 0.2937917296875
14 0.2094052171875 0.29266004375 0.2745455671875 0.2936915203125 0.274474875 0.1745272484375 0.21113592187500002 0.1699893484375 0.2094052171875 0.29266004375
14 0.1470983796875 0.2899586796875 0.2143585046875 0.29190156875 0.21228362500000003 0.18251474843749999 0.1437909140625 0.1801617625 0.1470983796875 0.2899586796875
3 0.09313171875000001 0.2910995109375 0.15016828124999998 0.2916078390625 0.1477375640625 0.20544466562500002 0.0992068 0.20589711406250003 0.09313171875000001 0.2910995109375
3 0.048454081249999996 0.29113158906250003 0.1017377515625 0.291347084375 0.09940726875 0.2044707078125 0.055128139062500005 0.20915720468750001 0.048454081249999996 0.29113158906250003
5 0.51576609375 0.3456824953125 0.5151928125 0.4283991453125 0.6347191890625 0.43731233124999996 0.6389424421875 0.35208428125 0.51576609375 0.3456824953125
18 0.4488052609375 0.4220933546875 0.5110934671875 0.427210871875 0.51281415 0.34599495 0.44927473124999995 0.34288345625 0.4488052609375 0.4220933546875
29 0.3454104796875 0.3370139046875 0.34556514531250004 0.4143755515625 0.44175039531250004 0.4240110515625 0.4427209546875 0.341235090625 0.3454104796875 0.3370139046875
28 0.2913364015625 0.41220754218750005 0.343990496875 0.416090215625 0.3436613609375 0.3287677890625 0.2849749921875 0.3256110546875 0.2913364015625 0.41220754218750005
1 0.201670815625 0.33208594062499996 0.206335640625 0.4013521328125 0.29140848125 0.4108822 0.286523634375 0.33528361093750003 0.201670815625 0.33208594062499996
45 0.5972778234375 0.5789957109375 0.64284605625 0.586403928125 0.64797475625 0.4809387 0.6021469828125 0.4759526390625 0.5972778234375 0.5789957109375
44 0.5534824281249999 0.5750220078125 0.597018284375 0.58141786875 0.6042486078125 0.47479339062500003 0.5614730156250001 0.468781671875 0.5534824281249999 0.5750220078125
40 0.506010115625 0.5661688703125 0.551491221875 0.5742921328125 0.55872154375 0.4676676890625 0.5140447984375001 0.46138878281249995 0.506010115625 0.5661688703125
41 0.4702835109375 0.5616931593750001 0.510716971875 0.5678343953125 0.5136438562500001 0.4642416265625 0.47742203437499997 0.45987830625 0.4702835109375 0.5616931593750001
37 0.4362084359375 0.55581355 0.472794428125 0.5617774390625 0.47857301874999997 0.45858545156249997 0.440349853125 0.45466815 0.4362084359375 0.55581355
35 0.3972924703125 0.5481629296875 0.43507244375000004 0.5542940562500001 0.43804771875000004 0.45725380156249995 0.40182590156250003 0.452890446875 0.3972924703125 0.5481629296875
33 0.36306708125 0.543352865625 0.3990510125 0.5485042499999999 0.40277649843749996 0.45302404531249996 0.3656040796875 0.448527125 0.36306708125 0.543352865625
34 0.3176586984375 0.53533513125 0.3658813703125 0.5431152703125 0.3675051875 0.44879430937500003 0.3218778875 0.44238181093750006 0.3176586984375 0.53533513125
36 0.27589061875 0.527283671875 0.3196041796875 0.53442953125 0.3254797234375 0.4443425953125 0.2855558359375 0.43873165937499997 0.27589061875 0.527283671875
23 0.208989053125 0.51451978125 0.27842907499999997 0.5308246515625 0.2853068875 0.4336055734375 0.21961741093749998 0.42510080937500005 0.208989053125 0.51451978125
4 0.60859375 0.68203125 0.090625 0.1
16 0.5683734828125 0.716263584375 0.572195834375 0.6338884171875 0.4954486671875 0.6281934375 0.499683628125 0.7015187546874999 0.5683734828125 0.716263584375
12 0.4337070140625 0.6874329218749999 0.49578113281249997 0.7016975859375 0.48994905624999996 0.6121471703125 0.42856306093749996 0.6006107203125 0.4337070140625 0.6874329218749999
30 0.363005375 0.673133778125 0.4343950484375 0.6901611390625 0.4204088828125 0.59655553125 0.36272486875 0.5862666671875 0.363005375 0.673133778125
24 0.26791236875 0.6461359671875 0.314526521875 0.6602232906250001 0.31289769375 0.56835439375 0.264318453125 0.5622543171875 0.26791236875 0.6461359671875
24 0.21747164687499998 0.633491690625 0.26820094375000003 0.6449850374999999 0.267170159375 0.5626550984375001 0.21433927968750002 0.5523210078125 0.21747164687499998 0.633491690625
7 0.5012706796875 0.7591986015625001 0.5037842343750001 0.830343221875 0.622422265625 0.862774228125 0.6198879890625 0.7911425078125001 0.5012706796875 0.7591986015625001
7 0.497991334375 0.9026038921874999 0.61049430625 0.9425556125 0.6085614406250001 0.8666446390625 0.4993496140625 0.8367498781249999 0.497991334375 0.9026038921874999
7 0.6161805375 1 0.612278934375 0.9367544734375001 0.504919821875 0.900574415625 0.5034585125000001 0.967176378125 0.5930856953125 1 0.6161805375 1
17 0.4068662203125 0.9301518359375001 0.5036033671875 0.9651192046875 0.5030704765625 0.8930414687500001 0.407567525 0.8621641703125 0.4068662203125 0.9301518359375001
17 0.40823409218749995 0.795346125 0.4115703046875 0.8604648171875 0.49806871406250003 0.8872474203125 0.5068894546875 0.8244845796875 0.40823409218749995 0.795346125
17 0.4134046140625 0.7240699515625 0.411208028125 0.7906111 0.50443869375 0.8212309187500001 0.5101587828125 0.7529411953125 0.4134046140625 0.7240699515625
31 0.3155661703125 0.8339608937499999 0.318830275 0.8943298109375 0.4072016625 0.926842590625 0.4099180515625 0.8661310343749999 0.3155661703125 0.8339608937499999
31 0.316882628125 0.7694160890624999 0.32375790000000004 0.833399559375 0.40621598125 0.8648834515624999 0.40698278749999994 0.7973521703124999 0.316882628125 0.7694160890624999
31 0.40790497031250006 0.7934188921875001 0.3940407140625 0.730803459375 0.31294500625 0.707769371875 0.326889434375 0.767185953125 0.40790497031250006 0.7934188921875001
25 0.24422817968750002 0.8663944718750001 0.3198045 0.8934679687499999 0.3128146984375 0.8328469093749999 0.238023815625 0.806335115625 0.24422817968750002 0.8663944718750001
25 0.3149009234375 0.8343361296875 0.3087768421875 0.7719133968749999 0.22968256562499997 0.7484333015625 0.23762287343750002 0.8091879625 0.3149009234375 0.8343361296875
25 0.2516976109375 0.7435270046875 0.3267892015625 0.7678991546875 0.31304524218749996 0.7070561515625 0.23850330937500003 0.6856704453125 0.2516976109375 0.7435270046875
25 0.1614102890625 0.6617443015625 0.1724628171875 0.7199749109375 0.2525479734375 0.7443738046874999 0.2432561234375 0.686338409375 0.1614102890625 0.6617443015625
25 0.233779446875 0.7493151078125 0.1580924859375 0.72673514375 0.16578393593750002 0.7823637140625 0.2370732171875 0.80620151875 0.233779446875 0.7493151078125
25 0.17242455 0.838571921875 0.24691472499999997 0.8672233578125 0.24457759218750003 0.8079834796875 0.165683696875 0.78307695 0.17242455 0.838571921875
25 0.10304976875 0.7597282843750001 0.10999759687499999 0.81262819375 0.17197513281250001 0.8348722421874999 0.1662851109375 0.7787976640625 0.10304976875 0.7597282843750001
25 0.16325701718750002 0.7803039046875 0.15374061249999998 0.7232143328125 0.09390654375 0.7075321828125001 0.10144927968749999 0.757321446875 0.16325701718750002 0.7803039046875
27 0.110392034375 0.810943971875 0.101637825 0.7634638765624999 0.0412143515625 0.7444921718749999 0.04520701875 0.785054871875 0.110392034375 0.810943971875