13 0.10149113125 0.3466367921875 0.22499132031250002 0.32038601718750004 0.178840275 0.169446240625 0.06832729062500001 0.1906131953125 0.10149113125 0.3466367921875
14 0.24921875 0.2328125 0.1546875 0.1796875
19 0.35546875 0.2046875 0.153125 0.184375
29 0.273844725 0.5973489953125 0.38005665 0.57169359375 0.36546180625 0.5061737359375 0.25612755625 0.532732953125 0.273844725 0.5973489953125
7 0.380215890625 0.5688243421875 0.4883273359375 0.5445032375000001 0.46935914062500006 0.47953173437499996 0.36144256406249997 0.5056945578125001 0.380215890625 0.5688243421875
31 0.4188106578125 0.677073646875 0.51834463125 0.6534197296875 0.503280971875 0.5928688125 0.405223134375 0.6152312906249999 0.4188106578125 0.677073646875
24 0.37265625 0.65078125 0.0953125 0.0984375
23 0.2710431296875 0.719762196875 0.3511308296875 0.695040915625 0.33156626875 0.60299689375 0.2395801390625 0.6258686640625 0.2710431296875 0.719762196875
15 0.2427601578125 0.6260335671874999 0.1590754234375 0.64505523125 0.186746040625 0.7391216093749999 0.27582329843750003 0.7158669703125 0.2427601578125 0.6260335671874999
25 0.2216587953125 0.8543156359375 0.32488184375 0.8311386015625001 0.3061850828125 0.7721849078125 0.2008245265625 0.7949912984374999 0.2216587953125 0.8543156359375
25 0.4348255484375 0.8054129937500001 0.3291597375 0.8298536671875001 0.3437758515625 0.8852285390624999 0.447334378125 0.859103396875 0.4348255484375 0.8054129937500001
25 0.3062596703125 0.7701386078125 0.32453027031250004 0.83204449375 0.42817247031249994 0.8063128875000001 0.409793878125 0.74564395625 0.3062596703125 0.7701386078125
27 0.431036090625 0.7410511765625001 0.44565676875 0.7997653421875001 0.5470781031249999 0.7731228015625 0.533230915625 0.713135928125 0.431036090625 0.7410511765625001
27 0.45405444062500006 0.8008277421875001 0.4661815609375 0.8528459984375001 0.5668022781250001 0.8298039546875 0.5532669484375 0.7738638703125 0.45405444062500006 0.8008277421875001
40 0.4296875 0.38046875 0.0578125 0.1015625
41 0.3781263359375 0.44009113437499997 0.4186168171875 0.43148461562499996 0.39574242656249997 0.33969636875 0.354685675 0.34980834375000003 0.3781263359375 0.44009113437499997
43 0.33995087812499997 0.449719640625 0.379728078125 0.4412647359375 0.352934378125 0.3485184828125 0.3107613296875 0.3585907140625 0.33995087812499997 0.449719640625
44 0.29863252500000004 0.45895005468749994 0.340688171875 0.45057121875000006 0.311968290625 0.3588882046875 0.2719151625 0.368509834375 0.29863252500000004 0.45895005468749994
45 0.217989753125 0.47858062968750004 0.25808711406249996 0.469942303125 0.23420970937500002 0.3765937125 0.1936342390625 0.3854953125 0.217989753125 0.47858062968750004
33 0.17838946718749998 0.48682128750000003 0.21976675625 0.4782118546875 0.195729053125 0.3861398640625 0.153401075 0.395416209375 0.17838946718749998 0.48682128750000003
18 0.098751584375 0.5059689109375001 0.14103167656249999 0.49698200000000003 0.113073165625 0.4016708828125 0.073708165625 0.4108759421875 0.098751584375 0.5059689109375001
9 0 0.297680978125 0.0267775484375 0.3661775390625 0.11896480000000001 0.3425062125 0.08050554062500001 0.20404871562500002 0 0.2192101078125 0 0.297680978125
37 0.139108746875 0.49738506562499996 0.1810415234375 0.4872392625 0.15136650000000001 0.3932972953125 0.11150522656249999 0.403034165625 0.139108746875 0.49738506562499996
45 0.25994693125 0.46856435625000004 0.29927629375000003 0.460020146875 0.2728624484375 0.367754446875 0.2332906 0.3761657015625 0.25994693125 0.46856435625000004
18 0.15948382187500001 0.61857495 0.273777965625 0.5929145234375001 0.257360590625 0.5360733921875 0.1409834734375 0.5612214140625 0.15948382187500001 0.61857495
25 0.2401020953125 0.9146619843750001 0.3453180640625 0.8885958640625 0.32727408593749996 0.8295010453125 0.2195658453125 0.8569557484375 0.2401020953125 0.9146619843750001