19 0.38984375 0.27734375 0.11875 0.1671875
13 0.2234375 0.29921875 0.11875 0.1609375
9 0.1328125 0.31484375 0.10625 0.153125
6 0.43671875 0.5984375 0.115625 0.09375
29 0.33203125 0.6015625 0.1125 0.090625
5 0.2359375 0.60859375 0.103125 0.084375
31 0.46640625 0.7203125 0.1171875 0.0921875
24 0.3796875 0.70625 0.0734375 0.0953125
23 0.30859375 0.70546875 0.0890625 0.109375
15 0.2375 0.703125 0.0796875 0.1046875
27 0.5272832953125001 0.93052744375 0.5139353703125 0.8678016062499999 0.41643684687500004 0.8662037140625 0.42926438906250003 0.9264526140625 0.5272832953125001 0.93052744375
25 0.4272763890625 0.9284320562499999 0.4132859125 0.8691966171875001 0.32120385625000003 0.8659874656250001 0.3349303734375 0.924409978125 0.4272763890625 0.9284320562499999
25 0.41463135781249993 0.870707575 0.3970731390625 0.8102735031250001 0.307563509375 0.8092528906249999 0.3202973453125 0.8686649359375 0.41463135781249993 0.870707575
25 0.33323347812500004 0.9203983453125 0.31860045000000004 0.8646533046875 0.2342764140625 0.8603538328125 0.244103759375 0.9150742218750001 0.33323347812500004 0.9203983453125
25 0.3199458984375 0.8661642609375001 0.3060725703125 0.8077623828125 0.21531330781250002 0.8060673703125 0.2300564765625 0.8634969765625 0.3199458984375 0.8661642609375001
39 0.47819045625 0.49571850156249997 0.4618565125 0.39850065625000003 0.42427476249999996 0.4024466765625 0.43950032656250004 0.49915241874999994 0.47819045625 0.49571850156249997
38 0.437654009375 0.4988275125 0.4193787234375 0.4020494734375 0.38435298281249997 0.40697202031249996 0.4007444859375 0.502261634375 0.437654009375 0.4988275125
40 0.39829166250000003 0.5014375734375001 0.37736341875 0.4079543390625 0.3445394625 0.411983053125 0.364437796875 0.5044422515625 0.39829166250000003 0.5014375734375001
41 0.36226564843750003 0.5000724 0.3440318484375 0.409132440625 0.3105165515625 0.4138427078125 0.328492325 0.5036501484375 0.36226564843750003 0.5000724
42 0.2691682125 0.4196538375 0.289774296875 0.5108447843749999 0.32362816250000004 0.5078401078125 0.3007443875 0.41638487656249995 0.2691682125 0.4196538375
35 0.23386706093749998 0.42344630937499994 0.2526231546875 0.5125596921875 0.288849303125 0.5098060015625 0.26764665 0.4192832875 0.23386706093749998 0.42344630937499994
33 0.1964352421875 0.4287070078125 0.21631646718750003 0.514740309375 0.25286477500000004 0.5142789078125001 0.229280784375 0.4235064765625 0.1964352421875 0.4287070078125
18 0.16173692343749999 0.43124597500000006 0.1801684296875 0.506963984375 0.2141028328125 0.504532378125 0.19505755625 0.42948502031249997 0.16173692343749999 0.43124597500000006
18 0.1800878890625 0.5063909125 0.16278151406250002 0.427592821875 0.1315157671875 0.4319869359375 0.1493702234375 0.5095392171875 0.1800878890625 0.5063909125