11 0.2265625 0.28671875 0.059375 0.0921875
10 0.27578125 0.28046875 0.053125 0.0921875
9 0.321875 0.278125 0.065625 0.0984375
8 0.37734375 0.271875 0.0546875 0.0953125
20 0.4328125 0.26015625 0.0625 0.1015625
20 0.49765625 0.24921875 0.0765625 0.1140625
19 0.56953125 0.2421875 0.08125 0.115625
19 0.64765625 0.234375 0.090625 0.1171875
13 0.6265625 0.35859375 0.0859375 0.1125
13 0.56015625 0.36328125 0.0625 0.10625
13 0.50546875 0.36796875 0.0609375 0.1015625
14 0.440625 0.371875 0.071875 0.0984375
14 0.3796875 0.37734375 0.0640625 0.09375
14 0.32265625 0.3796875 0.0578125 0.090625
3 0.26484375 0.3953125 0.040625 0.0609375
2 0.228125 0.39609375 0.040625 0.059375
5 0.6634963328125 0.498565409375 0.6652130765625001 0.44193247343750003 0.58628068125 0.4416884484375 0.584123396875 0.4955000421875 0.6634963328125 0.498565409375
4 0.5853796124999999 0.49896499375000003 0.5850952234375 0.4303526203125 0.5339522390625 0.43196716718749995 0.5328623671875 0.49783988749999997 0.5853796124999999 0.49896499375000003
29 0.53469195 0.4969648484375 0.531865778125 0.44287428125000006 0.46355689218749996 0.4445607046875 0.466793125 0.49432556875 0.53469195 0.4969648484375
28 0.46514977343749997 0.497329228125 0.458927421875 0.43710104375 0.418347440625 0.4399363625 0.4222149796875 0.49679570625 0.46514977343749997 0.497329228125
1 0.423160809375 0.4967129578125 0.41976126718750006 0.44696238125 0.3560941171875 0.4475277375 0.3611231921875 0.495705803125 0.423160809375 0.4967129578125
0 0.3565181984375 0.49753863281250005 0.3533195640625 0.439190821875 0.315614934375 0.44248955 0.3202662890625 0.49713540624999997 0.3565181984375 0.49753863281250005
23 0.41622629218749996 0.576458046875 0.4168260765625 0.512505003125 0.3726772265625 0.5111393 0.36956228593749996 0.5741505609375 0.41622629218749996 0.576458046875
15 0.3678740015625 0.5725555250000001 0.368461859375 0.5173172390625 0.327577959375 0.5179895453125 0.32023975937500004 0.568009265625 0.3678740015625 0.5725555250000001
24 0.3668587921875 0.6406113109375 0.369336684375 0.5892740703125 0.329635784375 0.5857764765625 0.3292148765625 0.6351910140625 0.3668587921875 0.6406113109375
24 0.4029657359375 0.646166078125 0.40667797656250004 0.5912353578125 0.3724673765625 0.5884192546875 0.3669596671875 0.6417643140625 0.4029657359375 0.646166078125
24 0.4405087765625 0.6504333734375 0.4481138890625 0.595742984375 0.4098174125 0.5903797796875 0.40214681093750004 0.6456568093749999 0.4405087765625 0.6504333734375
12 0.5570812078125 0.664052090625 0.55567815625 0.6037597578125 0.5078680640625 0.6044571140625 0.5101145781249999 0.6582855953125 0.5570812078125 0.664052090625
16 0.6039973984375 0.669242084375 0.60628546875 0.606884078125 0.5580837187500001 0.6029683859375 0.55723251875 0.6657815953124999 0.6039973984375 0.669242084375
6 0.6610047921875 0.6747110390625 0.6639100359375 0.6105562953125 0.609723728125 0.6089069265625 0.606403734375 0.670193384375 0.6610047921875 0.6747110390625
27 0.2737819703125 0.7893357296875 0.27153614375 0.74596364375 0.2206441484375 0.73879783125 0.22170004843750002 0.778207621875 0.2737819703125 0.7893357296875
25 0.27277049062500003 0.7423701671875 0.32192978125 0.7554967140625 0.3220902859375 0.71307593125 0.272647325 0.704621515625 0.27277049062500003 0.7423701671875
25 0.2742478328125 0.7858094859375 0.32643062968750003 0.7980905953125 0.32904790781250004 0.757197615625 0.2762788140625 0.746129628125 0.2742478328125 0.7858094859375
25 0.3796432953125 0.7690366921875 0.37955161406250004 0.7237334015625 0.32161615781249997 0.71544106875 0.32228284218750003 0.759532225 0.3796432953125 0.7690366921875
25 0.38322434843750003 0.809968303125 0.3811298296875 0.7683257218749999 0.3270876078125 0.7602736906249999 0.32653150468750003 0.7992435984374999 0.38322434843750003 0.809968303125
25 0.43817573281250005 0.7830859375 0.4384490421875 0.7331034 0.378221240625 0.725011621875 0.3791269953125 0.771986434375 0.43817573281250005 0.7830859375
25 0.43873327656249994 0.8248629859375001 0.43904509375 0.7841717078125 0.3813866859375 0.7700459937499999 0.3817378109375 0.810679271875 0.43873327656249994 0.8248629859375001
25 0.38108858749999996 0.7235989328125 0.3780742734375 0.68029408125 0.3204924234375 0.6760372125 0.327003828125 0.7161315375 0.38108858749999996 0.7235989328125
31 0.5036153578125 0.840680365625 0.503271490625 0.79249456875 0.43978129375 0.78236455625 0.4396026375 0.8259487546875001 0.5036153578125 0.840680365625
31 0.509217634375 0.789650690625 0.5089242031250001 0.74204139375 0.44553725 0.7330641765625 0.44483992499999997 0.779598325 0.509217634375 0.789650690625
17 0.5754642546875 0.85646914375 0.5764556140625 0.8058428703124999 0.5064799468750001 0.7922138640624999 0.506689303125 0.8404114312500001 0.5754642546875 0.85646914375
17 0.5822385171875 0.8099842468749999 0.578203528125 0.763864121875 0.5067422390625 0.7509460031249999 0.507567859375 0.7973469125 0.5822385171875 0.8099842468749999
17 0.57698110625 0.758742840625 0.57279480625 0.7108932125 0.5054793 0.701097871875 0.5124016499999999 0.7463844703125 0.57698110625 0.758742840625
7 0.657555665625 0.8742663890625 0.6576776609375 0.8225543468750001 0.5815714078124999 0.8094616968749999 0.5790545015624999 0.8532504671875 0.657555665625 0.8742663890625
7 0.6656147125 0.824764515625 0.6612266640625 0.77460888125 0.5788720078125 0.7609010671875 0.5820872046875001 0.8082547421875 0.6656147125 0.824764515625
7 0.6544111609375001 0.7763669890625 0.6480322000000001 0.7211573062500001 0.572127515625 0.710370678125 0.5763134953125 0.759963078125 0.6544111609375001 0.7763669890625
42 0.6665742234375001 0.5899912109375001 0.6661355453125 0.5212493421875 0.6401356390624999 0.5198061859374999 0.6397347875 0.58769204375 0.6665742234375001 0.5899912109375001
41 0.6367464109375 0.5867916625 0.6376567703125 0.5204877921875 0.6113781703125001 0.5196886609375 0.6113398921875 0.5855289609375001 0.6367464109375 0.5867916625
38 0.60980291875 0.5856634281249999 0.609755878125 0.52021786875 0.583882290625 0.5182214765625 0.58385045 0.5840612125 0.60980291875 0.5856634281249999
37 0.5543117125 0.58277275625 0.5575739921875 0.519748603125 0.5347628125 0.5174842859375001 0.5315004390625 0.5816702734375 0.5543117125 0.58277275625
35 0.5312800156249999 0.5823672921874999 0.5303428265625 0.5185487171875 0.506698025 0.517422340625 0.50751333125 0.580670665625 0.5312800156249999 0.5823672921874999
33 0.478910625 0.519272509375 0.48364577343750004 0.577821034375 0.505900703125 0.5799403796875 0.5025207843749999 0.5183687171875 0.478910625 0.519272509375
34 0.4821592375 0.5785320031250001 0.4786332203125 0.51610175 0.44780004531250006 0.5170565609375 0.45109193281250004 0.5774740984375 0.4821592375 0.5785320031250001
36 0.44868559843750006 0.576522796875 0.44764157187500003 0.515908596875 0.41708456875 0.5156774171875 0.41872058437500004 0.5747875375 0.44868559843750006 0.576522796875