19 0.196875 0.37265625 0.0921875 0.1171875
21 0.2703125 0.3609375 0.090625 0.115625
20 0.34375 0.3484375 0.0921875 0.1265625
20 0.41875 0.3390625 0.0953125 0.121875
8 0.496875 0.33515625 0.0890625 0.109375
9 0.57578125 0.31640625 0.0890625 0.1203125
10 0.65 0.30234375 0.0875 0.121875
11 0.72734375 0.28828125 0.0953125 0.125
13 0.2171875 0.4921875 0.1015625 0.1171875
13 0.2984375 0.47578125 0.096875 0.1171875
13 0.37734375 0.46484375 0.084375 0.1078125
14 0.44453125 0.45390625 0.084375 0.10625
14 0.5140625 0.4453125 0.0859375 0.10625
14 0.58515625 0.43203125 0.084375 0.10625
3 0.646875 0.4359375 0.0640625 0.08125
3 0.69765625 0.428125 0.0609375 0.08125
2 0.75 0.41796875 0.0625 0.084375
5 0.25 0.59140625 0.0953125 0.0703125
4 0.32109375 0.575 0.06875 0.0734375
29 0.390625 0.56796875 0.0921875 0.0671875
28 0.46015625 0.553125 0.065625 0.071875
5 0.53828125 0.54375 0.0921875 0.0703125
0 0.6109375 0.528125 0.0703125 0.0765625
15 0.621875 0.6125 0.078125 0.0859375
23 0.5546875 0.621875 0.078125 0.084375
24 0.6296875 0.69609375 0.0640625 0.0703125
24 0.5765625 0.703125 0.0578125 0.06875
24 0.525 0.7109375 0.0609375 0.06875
26 0.478125 0.7234375 0.04375 0.05625
30 0.4296875 0.72578125 0.0671875 0.0734375
12 0.37265625 0.73515625 0.0640625 0.0703125
16 0.315625 0.746875 0.065625 0.075
6 0.26171875 0.759375 0.065625 0.0671875
7 0.27578125 0.84375 0.0921875 0.0640625
7 0.28671875 0.88984375 0.0921875 0.0609375
7 0.29375 0.93359375 0.0890625 0.059375
17 0.36796875 0.878125 0.0875 0.059375
17 0.375 0.921875 0.0875 0.05625
17 0.35859375 0.83203125 0.0890625 0.059375
31 0.4421875 0.8171875 0.0890625 0.0609375
31 0.45 0.86484375 0.0890625 0.059375
31 0.45546875 0.9078125 0.0875 0.05625
25 0.53125 0.85 0.0890625 0.0625
25 0.5359375 0.89453125 0.0859375 0.059375
25 0.52265625 0.796875 0.0875 0.0609375
25 0.615625 0.8359375 0.0875 0.0609375
25 0.61875 0.88125 0.0875 0.059375
25 0.6046875 0.78203125 0.0875 0.059375
25 0.6984375 0.821875 0.0859375 0.059375
25 0.70078125 0.86796875 0.0875 0.0609375
27 0.784375 0.85234375 0.0875 0.0609375
27 0.7796875 0.80703125 0.0875 0.059375
36 0.49921875 0.6328125 0.05 0.071875
18 0.459375 0.63359375 0.046875 0.0625
33 0.42421875 0.6453125 0.040625 0.0703125
35 0.39375 0.64921875 0.040625 0.0703125
37 0.3640625 0.65546875 0.040625 0.0703125
39 0.33359375 0.66015625 0.0421875 0.06875
38 0.30546875 0.6640625 0.040625 0.0734375
18 0.27421875 0.6640625 0.0359375 0.0609375
42 0.2421875 0.67578125 0.0421875 0.071875