13 0.0703125 0.19609375 0.115625 0.15
13 0.1796875 0.196875 0.1 0.1484375
14 0.28203125 0.1984375 0.1078125 0.146875
14 0.38671875 0.2015625 0.1078125 0.1484375
14 0.49296875 0.19921875 0.1125 0.1515625
19 0.6125 0.19609375 0.1109375 0.1625
19 0.72109375 0.19765625 0.103125 0.1625
20 0.81640625 0.20703125 0.096875 0.1421875
8 0.08125 0.35 0.14375 0.128125
18 0.19296875 0.353125 0.0859375 0.11875
10 0.290625 0.35234375 0.1171875 0.121875
3 0.47734375 0.36875 0.078125 0.0984375
3 0.5484375 0.36796875 0.071875 0.1046875
2 0.61875 0.36875 0.06875 0.09375
18 0.39375 0.3546875 0.0890625 0.11875
0 0.59765625 0.48515625 0.0859375 0.0921875
1 0.5 0.49453125 0.1234375 0.078125
28 0.4015625 0.48828125 0.078125 0.0921875
29 0.30234375 0.496875 0.1234375 0.0765625
4 0.20234375 0.48515625 0.084375 0.09375
5 0.0921875 0.49921875 0.1359375 0.0734375
23 0.50625 0.59609375 0.0921875 0.0859375
15 0.59921875 0.59765625 0.09375 0.0859375
6 0.09296875 0.721875 0.08125 0.096875
16 0.16640625 0.72109375 0.0765625 0.090625
12 0.24140625 0.721875 0.078125 0.0890625
30 0.31796875 0.71953125 0.0796875 0.090625
26 0.3875 0.7265625 0.053125 0.075
24 0.4515625 0.71640625 0.0765625 0.0890625
24 0.525 0.715625 0.075 0.0859375
24 0.5953125 0.715625 0.0703125 0.08125
27 0.78359375 0.90546875 0.109375 0.0625
27 0.76328125 0.82265625 0.115625 0.0640625
25 0.6546875 0.90078125 0.1109375 0.0640625
25 0.54765625 0.90234375 0.1046875 0.0640625
25 0.4390625 0.90546875 0.1109375 0.0640625
31 0.3265625 0.91484375 0.1140625 0.0640625
17 0.2203125 0.840625 0.1140625 0.0703125
17 0.21640625 0.91171875 0.109375 0.0640625
7 0.1 0.921875 0.125 0.065625
7 0.10390625 0.85078125 0.1234375 0.065625
36 0.43125 0.59765625 0.0578125 0.0890625
34 0.37421875 0.596875 0.0546875 0.0875
33 0.32421875 0.5984375 0.040625 0.0859375
35 0.28125 0.59921875 0.0421875 0.0859375
37 0.23984375 0.6 0.0421875 0.0875
39 0.19765625 0.60078125 0.04375 0.0875
38 0.15546875 0.6015625 0.0421875 0.0875
41 0.1125 0.60078125 0.04375 0.0859375
42 0.06953125 0.6 0.0453125 0.0859375