19 0.83125 0.11875 0.1046875 0.1359375
19 0.728125 0.1140625 0.109375 0.1421875
20 0.621875 0.1125 0.1078125 0.1421875
20 0.51640625 0.109375 0.1046875 0.14375
8 0.41171875 0.10625 0.1078125 0.1484375
10 0.2140625 0.09921875 0.1046875 0.1484375
11 0.11328125 0.1015625 0.0953125 0.1359375
13 0.81953125 0.2828125 0.10625 0.1375
13 0.71640625 0.2765625 0.0984375 0.1375
13 0.62421875 0.275 0.09375 0.134375
14 0.528125 0.27265625 0.1 0.1328125
14 0.43203125 0.27265625 0.0953125 0.13125
14 0.3390625 0.265625 0.0890625 0.13125
3 0.2609375 0.2859375 0.06875 0.0890625
3 0.19453125 0.28359375 0.06875 0.0875
2 0.12578125 0.2796875 0.0703125 0.0921875
5 0.784375 0.425 0.11875 0.075
4 0.69140625 0.41171875 0.071875 0.090625
29 0.6015625 0.41640625 0.1109375 0.0765625
0 0.31484375 0.40234375 0.0734375 0.0859375
15 0.315625 0.51875 0.084375 0.0984375
23 0.40546875 0.51875 0.0859375 0.0984375
36 0.4765625 0.52421875 0.0515625 0.0890625
35 0.61484375 0.528125 0.0390625 0.0875
41 0.7703125 0.534375 0.04375 0.090625
39 0.72734375 0.53125 0.040625 0.0875
6 0.7765625 0.6421875 0.0703125 0.084375
16 0.70546875 0.6390625 0.0703125 0.084375
12 0.634375 0.6390625 0.0671875 0.0734375
30 0.559375 0.63984375 0.0703125 0.0765625
26 0.49453125 0.63984375 0.053125 0.0765625
24 0.43125 0.63046875 0.0671875 0.08125
24 0.365625 0.6265625 0.0640625 0.0828125
24 0.2984375 0.62578125 0.071875 0.078125
17 0.66640625 0.878125 0.109375 0.0640625
17 0.665625 0.8140625 0.109375 0.065625
17 0.66796875 0.74765625 0.109375 0.0703125
7 0.7703125 0.8796875 0.1046875 0.0640625
7 0.77265625 0.81953125 0.1078125 0.065625
7 0.7796875 0.75625 0.1109375 0.06875
31 0.55859375 0.871875 0.10625 0.065625
31 0.55859375 0.81171875 0.10625 0.0625
25 0.4515625 0.8671875 0.1078125 0.0671875
25 0.453125 0.8046875 0.10625 0.0640625
25 0.34140625 0.8609375 0.1015625 0.0640625
25 0.3453125 0.80078125 0.1046875 0.0609375
25 0.23828125 0.8578125 0.1 0.0609375
25 0.23515625 0.79609375 0.1046875 0.0640625
27 0.1359375 0.85 0.103125 0.0671875
27 0.13203125 0.78984375 0.103125 0.0671875
18 0.6875 0.52421875 0.0375 0.075
18 0.65078125 0.521875 0.034375 0.0765625
18 0.5765625 0.5203125 0.0390625 0.0765625
18 0.52890625 0.51796875 0.05625 0.0796875
18 0.80703125 0.52734375 0.0359375 0.0796875
18 0.44765625 0.41015625 0.1875 0.0828125
18 0.3125 0.10234375 0.096875 0.1484375