11 0.89765625 0.16015625 0.109375 0.134375
10 0.79765625 0.15546875 0.1046875 0.1328125
18 0.71171875 0.15078125 0.0859375 0.1265625
8 0.6265625 0.146875 0.1015625 0.134375
20 0.5234375 0.1359375 0.10625 0.1375
20 0.42734375 0.13046875 0.103125 0.134375
19 0.33046875 0.1234375 0.1046875 0.140625
19 0.2328125 0.121875 0.103125 0.13125
13 0.2328125 0.26953125 0.1 0.1265625
13 0.32421875 0.275 0.0984375 0.1265625
13 0.41171875 0.284375 0.090625 0.128125
14 0.5 0.2890625 0.1015625 0.125
14 0.59140625 0.296875 0.0953125 0.125
14 0.67890625 0.30234375 0.096875 0.125
3 0.7546875 0.3265625 0.071875 0.08125
3 0.82265625 0.32890625 0.071875 0.08125
2 0.8953125 0.33203125 0.075 0.0890625
0 0.6921875 0.43203125 0.08125 0.0921875
1 0.59765625 0.4328125 0.1125 0.078125
28 0.49453125 0.4171875 0.084375 0.090625
29 0.40078125 0.41796875 0.1109375 0.0765625
4 0.31171875 0.4046875 0.078125 0.0859375
5 0.22265625 0.40625 0.1109375 0.075
15 0.6734375 0.54765625 0.0921875 0.10625
23 0.5859375 0.5421875 0.0921875 0.1015625
24 0.671875 0.6609375 0.0765625 0.0875
24 0.603125 0.65390625 0.0703125 0.0828125
24 0.534375 0.6484375 0.0765625 0.0859375
26 0.47578125 0.64765625 0.0515625 0.075
12 0.3578125 0.6375 0.0765625 0.0859375
16 0.2796875 0.63203125 0.078125 0.0875
6 0.20546875 0.625 0.08125 0.0875
7 0.1734375 0.73203125 0.1171875 0.0765625
7 0.17109375 0.8 0.1125 0.078125
7 0.16640625 0.8640625 0.1171875 0.0671875
31 0.4046875 0.74921875 0.1140625 0.0765625
31 0.39921875 0.815625 0.1140625 0.071875
31 0.396875 0.88125 0.1125 0.075
25 0.5234375 0.75 0.1078125 0.071875
25 0.51484375 0.821875 0.1140625 0.071875
25 0.50625 0.8890625 0.1109375 0.0734375
25 0.640625 0.7671875 0.1109375 0.075
25 0.62890625 0.8328125 0.1140625 0.075
25 0.61796875 0.8984375 0.1125 0.0734375
25 0.72890625 0.9078125 0.1140625 0.078125
25 0.74140625 0.84140625 0.115625 0.0734375
27 0.85078125 0.85 0.1109375 0.0734375
27 0.84453125 0.91796875 0.1140625 0.075
17 0.29140625 0.73828125 0.115625 0.075
17 0.28828125 0.80625 0.115625 0.071875
17 0.2828125 0.87109375 0.1140625 0.071875
36 0.5171875 0.5390625 0.05625 0.0859375
34 0.48544371249999996 0.577452775 0.4868864140625 0.4948973890625 0.4390965984375 0.4900560734375 0.43428571250000003 0.574804203125 0.48544371249999996 0.577452775
33 0.4293610296875 0.5744598359374999 0.44029598437499995 0.48885330937499993 0.4030809796875 0.48521715 0.396248784375 0.5702869515625 0.4293610296875 0.5744598359374999
35 0.3937218171875 0.57103895625 0.40089865625 0.48609837968749997 0.36459471250000003 0.482525928125 0.3574024515625 0.5684992578125 0.3937218171875 0.57103895625
37 0.3561712578125 0.568413165625 0.3621492140625 0.4829244015625 0.32683780156250003 0.4804658234375 0.3217309234375 0.565540509375 0.3561712578125 0.568413165625
39 0.3180374328125 0.5652822359375 0.32456633749999997 0.48076070312499997 0.288391903125 0.47719730781249997 0.28294916875 0.5628286250000001 0.3180374328125 0.5652822359375
38 0.27983894062500003 0.5630754890625 0.28455343593750004 0.47796272812499996 0.247636828125 0.47376731875000005 0.24533397968749998 0.5611270562499999 0.27983894062500003 0.5630754890625
41 0.24287163750000001 0.5609548734375001 0.24713212968749998 0.47348852499999994 0.2099202859375 0.47112992187499997 0.20778341875 0.558501265625 0.24287163750000001 0.5609548734375001
42 0.2065845859375 0.5579530453125 0.20961388125 0.47040064062500003 0.17451292031250001 0.4686539984375 0.1689370359375 0.556713571875 0.2065845859375 0.5579530453125