20 0.6265625 0.228125 0.1265625 0.15625
19 0.525 0.25234375 0.11875 0.1359375
19 0.4359375 0.27421875 0.1078125 0.140625
14 0.34921875 0.29140625 0.1046875 0.140625
14 0.26875 0.31015625 0.1 0.1328125
13 0.1859375 0.32421875 0.109375 0.1359375
13 0.1125 0.3453125 0.1109375 0.13125
10 0.4484375 0.41875 0.1 0.115625
9 0.33982820468749997 0.492949896875 0.42488997656249994 0.47791205625 0.39198600781250004 0.370937853125 0.3117491421875 0.3853796375 0.33982820468749997 0.492949896875
8 0.266018934375 0.5034175750000001 0.34072085625000004 0.492856075 0.310706125 0.38761069843749996 0.24222129531249997 0.400304796875 0.266018934375 0.5034175750000001
15 0.26973039375 0.5043824921875 0.24875860625000001 0.41647916562500004 0.1862033125 0.425659434375 0.2005252953125 0.5157212312499999 0.26973039375 0.5043824921875
23 0.1997735078125 0.5171552546875 0.172505484375 0.4380437 0.0875062921875 0.45296065781249994 0.110882225 0.53869310625 0.1997735078125 0.5171552546875
18 0.6038697796875 0.4462280015625 0.5818186015625 0.33946810625 0.4893710765625 0.3574005578125 0.5011660421874999 0.465152609375 0.6038697796875 0.4462280015625
3 0.670537790625 0.436510925 0.654288096875 0.3420137609375 0.5858030234375 0.3514970890625 0.6014030546875 0.44851976093749996 0.670537790625 0.436510925
2 0.730605034375 0.4241000890625 0.7109254671875 0.3313184390625 0.6550065671875 0.3442235046875 0.667930203125 0.437462484375 0.730605034375 0.4241000890625
28 0.4484375 0.534375 0.0828125 0.0765625
4 0.3 0.5578125 0.0859375 0.08125
18 0.54375 0.51796875 0.1046875 0.0734375
18 0.3796875 0.5421875 0.0859375 0.071875
5 0.2171875 0.575 0.10625 0.065625
25 0.55 0.7984375 0.1046875 0.0609375
25 0.6515625 0.84296875 0.103125 0.059375
27 0.75546875 0.83671875 0.10625 0.065625
27 0.765625 0.88828125 0.1109375 0.065625
25 0.66796875 0.8953125 0.0984375 0.059375
25 0.5796875 0.89921875 0.096875 0.0609375
25 0.56328125 0.8515625 0.096875 0.059375
31 0.45859375 0.81640625 0.0984375 0.0578125
31 0.4765625 0.8671875 0.096875 0.0609375
31 0.49296875 0.91015625 0.0953125 0.0546875
7 0.30078125 0.8265625 0.084375 0.053125
7 0.3125 0.87578125 0.0890625 0.05625
7 0.3328125 0.91484375 0.090625 0.0546875
17 0.37890625 0.8203125 0.0953125 0.059375
17 0.39296875 0.86875 0.084375 0.0609375
17 0.4125 0.91171875 0.0859375 0.053125
24 0.59140625 0.70390625 0.06875 0.071875
24 0.53125 0.709375 0.0640625 0.0703125
24 0.47421875 0.71796875 0.06875 0.0703125
26 0.428125 0.7234375 0.0453125 0.0640625
30 0.37890625 0.72734375 0.065625 0.0703125
16 0.3203125 0.73515625 0.0703125 0.065625
6 0.26328125 0.740625 0.071875 0.0625
12 0.2375 0.665625 0.06875 0.06875
36 0.562134728125 0.6489003296875 0.6073246937500001 0.645465834375 0.5846051734375 0.57376708125 0.5411804234375001 0.5801213140625 0.562134728125 0.6489003296875
34 0.5589425828125 0.6518661421874999 0.5386246375 0.58079174375 0.49429187968750005 0.5855971624999999 0.5156221265625 0.65641930625 0.5589425828125 0.6518661421874999
33 0.5115789046875 0.656844265625 0.49259848906250003 0.5873828249999999 0.4625703328125 0.5894788937500001 0.48274420156250003 0.660313290625 0.5115789046875 0.656844265625
35 0.480433771875 0.6605561265625 0.4637182125 0.5904182640625 0.43168489218749995 0.5943680703124999 0.45111261562499994 0.66495305 0.480433771875 0.6605561265625
39 0.41890338906249996 0.6696535375 0.40063733125 0.6014321578125 0.36974321250000003 0.602521390625 0.3893999453125 0.6723160796875 0.41890338906249996 0.6696535375
38 0.387803871875 0.6737989796875 0.3693554796875 0.60384324375 0.34108141875000003 0.6077245171875 0.3606563875 0.6766522953125 0.387803871875 0.6737989796875
41 0.358300384375 0.67646154375 0.335459034375 0.609159425 0.3073070234375 0.6129173359375 0.330575346875 0.6793755640625 0.358300384375 0.67646154375
18 0.303489359375 0.6717012265625 0.32730789531250004 0.670512959375 0.305140309375 0.6131450671875001 0.284720878125 0.6153689875 0.303489359375 0.6717012265625
18 0.25842446875 0.6207631578125 0.2748369453125 0.6769046296875 0.300251596875 0.6742334421875 0.2813064515625 0.61565010625 0.25842446875 0.6207631578125
18 0.43079467187500003 0.5938786671875 0.3997862546875 0.598891303125 0.42084150625000005 0.657941278125 0.44703970625 0.6539831875 0.43079467187500003 0.5938786671875