13 0.2261461921875 0.2676040296875 0.30938115625 0.2845383984375 0.3314033875 0.17101565937500002 0.246047909375 0.1583031328125 0.2261461921875 0.2676040296875
13 0.308408834375 0.28436695156249997 0.385681084375 0.3010025234375 0.4111351640625 0.1850745234375 0.330260509375 0.1712716671875 0.308408834375 0.28436695156249997
14 0.3858097859375 0.300272628125 0.46612770625 0.3166926421875 0.4880927125 0.209180634375 0.406786196875 0.1922868875 0.3858097859375 0.300272628125
14 0.4685872328125 0.3141159359375 0.545859484375 0.33075150625 0.567824415625 0.223239484375 0.4903556578125 0.20890285937500003 0.4685872328125 0.3141159359375
14 0.5454018953124999 0.3276604328125 0.6233890625 0.345927271875 0.6493007296875 0.233090359375 0.5689715546875 0.21806391406249997 0.5454018953124999 0.3276604328125
19 0.6183986703125 0.3457999203125 0.702863509375 0.36144596875 0.735838771875 0.24834935156250001 0.6516467734375 0.23264178593749998 0.6183986703125 0.3457999203125
19 0.7060378109375 0.3605004765625 0.7931621453125001 0.3781206453125 0.8232205125000001 0.26450969999999996 0.7346435625 0.24539593750000002 0.7060378109375 0.3605004765625
20 0.7942632406250001 0.3775622078125 0.8734801390625 0.3945406734375 0.901922746875 0.284407834375 0.8189464796875001 0.264961865625 0.7942632406250001 0.3775622078125
2 0.644550021875 0.4760955828125 0.694982878125 0.4857408453125 0.71135630625 0.4156255890625 0.6600740125 0.405245921875 0.644550021875 0.4760955828125
3 0.5889980718750001 0.46705286562500004 0.6463659671875 0.4771683734375 0.6633829078125 0.4034035796875 0.6047898 0.3917369859375 0.5889980718750001 0.46705286562500004
3 0.5279980609375 0.4547917359375 0.5917862578124999 0.46829714375 0.6091894609375 0.392342603125 0.54796820625 0.3798373859375 0.5279980609375 0.4547917359375
18 0.45228442500000005 0.4406887890625 0.5292278593749999 0.45350340312500004 0.5498484765625 0.35930113750000003 0.47126188906250005 0.34562737656250003 0.45228442500000005 0.4406887890625
10 0.3728100578125 0.42517007656250005 0.44949608124999996 0.43944453906250003 0.473548628125 0.342836996875 0.390124053125 0.3294401671875 0.3728100578125 0.42517007656250005
9 0.29236343124999997 0.40947998593749996 0.3715803234375 0.4264584796875 0.38895515937499997 0.3279208859375 0.31020202812500003 0.3134673390625 0.29236343124999997 0.40947998593749996
8 0.2084849578125 0.396195128125 0.28478480625 0.41265926875 0.30979555625 0.304931715625 0.21713732812500003 0.2867152125 0.2084849578125 0.396195128125
0 0.609493165625 0.56119581875 0.6686770078125 0.57238411875 0.6868093078124999 0.509352396875 0.6200911234375 0.49691789374999995 0.609493165625 0.56119581875
18 0.519909303125 0.5461523578125 0.605603725 0.5605100046875 0.6200467671875 0.5013433671875 0.5332861125 0.48443245625 0.519909303125 0.5461523578125
28 0.45327546406249997 0.5374134328125 0.5177072515625001 0.5472692859375 0.5342808609375 0.48170494062499997 0.46446718125 0.46947719374999997 0.45327546406249997 0.5374134328125
29 0.3592160921875 0.5193230171875001 0.4515882234375 0.5356107171875 0.46487286875 0.48301324687499997 0.372085309375 0.467290925 0.3592160921875 0.5193230171875001
4 0.2994459640625 0.5057735140624999 0.35888728125 0.5155020312499999 0.3725438453125 0.44942333437500004 0.30964716718749996 0.4374771984375 0.2994459640625 0.5057735140624999
5 0.20305575937499998 0.48952993749999996 0.29711513125 0.507620353125 0.3068965203125 0.4521473375 0.214833671875 0.43486216874999994 0.20305575937499998 0.48952993749999996
15 0.5790776906249999 0.6484027421875 0.6490860140625 0.6607470984375 0.6631286921874999 0.5924786390625 0.5919249390625 0.5784507375 0.5790776906249999 0.6484027421875
23 0.5111426421874999 0.6356713703125 0.580049940625 0.648574175 0.5940927671875 0.58030574375 0.5226236531249999 0.5662310515625 0.5111426421874999 0.6356713703125
36 0.4658288875 0.6254235046875001 0.5093267015625 0.6345985515625 0.5212960296875 0.5667171234375 0.4786936328125 0.5594252140625 0.4658288875 0.6254235046875001
34 0.4190279171875 0.61792385 0.46058108437499995 0.626756003125 0.47365144062500003 0.558316096875 0.4300611515625 0.5508499953125 0.4190279171875 0.61792385
33 0.38478604375000003 0.6104976625 0.4156988765625 0.6164187984375 0.4311696734375 0.550001440625 0.3977580265625 0.543790778125 0.38478604375000003 0.6104976625
35 0.3537122875 0.605488890625 0.38470560625 0.6109538484375 0.3994882609375 0.5448855390625 0.367262234375 0.5390011765625 0.3537122875 0.605488890625
37 0.32227219375 0.5990043968750001 0.35318502343749997 0.60492555 0.367359978125 0.5387500703125 0.33610704999999996 0.533507678125 0.32227219375 0.5990043968750001
39 0.2915202390625 0.5921708734375 0.3218253671875 0.5979848718749999 0.336974409375 0.5333922734375001 0.3028732015625 0.5264723921875001 0.2915202390625 0.5921708734375
38 0.25671978281249996 0.5869753703125 0.2899830296875 0.5937813328125 0.3034698421875 0.5279549015625 0.27075715312500004 0.521984728125 0.25671978281249996 0.5869753703125
39 0.2233760953125 0.580625609375 0.2573275296875 0.5870825328125 0.27065341875 0.52216848125 0.237523303125 0.5149494421874999 0.2233760953125 0.580625609375
18 0.195770128125 0.5630577765625 0.22554795 0.5683084093749999 0.239213325 0.5156839890625 0.2046473734375 0.5103277890625 0.195770128125 0.5630577765625
24 0.570336178125 0.7308975734375001 0.6285156296875 0.7420969375 0.646301078125 0.6803211078125 0.5848695984375001 0.669041684375 0.570336178125 0.7308975734375001
24 0.5134168984375 0.72321305 0.5686381375 0.73342043125 0.5853690625 0.6705179046875 0.5262581515625 0.6592945359375 0.5134168984375 0.72321305
24 0.458276 0.712549484375 0.511432865625 0.7238039671875 0.5267874140625 0.6615995031249999 0.4689654890625 0.6509551890624999 0.458276 0.712549484375
18 0.40609327031250003 0.702877875 0.45706055156250003 0.7123351671875 0.4719683203125 0.64911116875 0.41845532499999993 0.639698359375 0.40609327031250003 0.702877875
30 0.3480746953125 0.690766140625 0.40511913125000004 0.7012950203125 0.42047373125 0.6390905296875 0.3615646265625 0.6290793625 0.3480746953125 0.690766140625
12 0.293219796875 0.6820344796875 0.34860199999999997 0.691329525 0.362982465625 0.6275421421875 0.3049754015625 0.6167506296874999 0.293219796875 0.6820344796875
16 0.2382398234375 0.6704585328125 0.29086941718750003 0.6811497125 0.305294515625 0.62066281875 0.2503203046875 0.61122688125 0.2382398234375 0.6704585328125
6 0.1779959484375 0.66030628125 0.237551684375 0.6708075640625 0.25124400156250004 0.6073692515625 0.1888138640625 0.5956805875 0.1779959484375 0.66030628125
7 0.1492810125 0.7520836015625 0.23853417656250003 0.7682917125000001 0.2474987203125 0.7138976515625 0.1569471359375 0.6964228593749999 0.1492810125 0.7520836015625
7 0.145804003125 0.789570996875 0.2308031671875 0.8050289749999999 0.2393831953125 0.7670302921875 0.14881978125 0.7514023765625 0.145804003125 0.789570996875
17 0.2378460375 0.76864074375 0.3261250640625 0.7832659796875 0.3381727921875 0.7327082046875 0.247731075 0.7147810406249999 0.2378460375 0.76864074375
17 0.230374025 0.8181238296875 0.3190194359375 0.8342248140624999 0.3279481703125 0.7835874421875 0.2392458015625 0.7673469234375 0.230374025 0.8181238296875
31 0.3297624578125 0.7768517109374999 0.41439522812499996 0.790833996875 0.4266484640625 0.7426643375 0.339620415625 0.7268701937500001 0.3297624578125 0.7768517109374999
31 0.31849217812499997 0.8336614375 0.40486761250000003 0.8484213890625 0.41525311093750006 0.7966297796874999 0.328252546875 0.7824535828125 0.31849217812499997 0.8336614375
25 0.41493135781249996 0.7984545375 0.5029690671875 0.8144483484375 0.514972121875 0.7605900609375 0.4287841 0.7455303125 0.41493135781249996 0.7984545375
25 0.406529884375 0.8496552671875 0.4910017765625 0.864549940625 0.5047922203125 0.8147698203125 0.41573952812500004 0.7972922687499999 0.406529884375 0.8496552671875
25 0.503415940625 0.8154678828125 0.5893891765625 0.83250883125 0.6031349484375 0.77942818125 0.5165285078124999 0.7633525437500001 0.503415940625 0.8154678828125
25 0.4930662484375 0.8635028203124999 0.579119928125 0.8800875484375 0.5913732140625 0.8319178781250001 0.5043443125 0.814678575 0.4930662484375 0.8635028203124999
25 0.5798885578124999 0.8792823046875 0.6673989609375 0.8947127500000001 0.678803175 0.8478045265624999 0.5969494890625 0.8315949968749999 0.5798885578124999 0.8792823046875
18 0.5931516921875 0.8289388375 0.6775430953125 0.8442897046875 0.6864718296875 0.7936523359375001 0.607814903125 0.7788611671875 0.5931516921875 0.8289388375
27 0.6667912125 0.8946055875000001 0.75466804375 0.9115117843749999 0.767573659375 0.8667497750000001 0.683833525 0.849853153125 0.6667912125 0.8946055875000001
27 0.6768819484375 0.8338248515625001 0.7601383890625 0.8485052078124999 0.776162996875 0.803822809375 0.691546515625 0.7883366281249999 0.6768819484375 0.8338248515625001