20 0.79375 0.30078125 0.115625 0.146875
21 0.69609375 0.2859375 0.1125 0.14375
21 0.60234375 0.271875 0.1109375 0.14375
14 0.51484375 0.259375 0.1015625 0.1390625
14 0.43203125 0.25078125 0.0984375 0.1296875
13 0.3578125 0.2390625 0.0921875 0.1265625
13 0.278125 0.22578125 0.103125 0.1296875
2 0.78203125 0.44453125 0.078125 0.096875
3 0.72265625 0.434375 0.0765625 0.0953125
11 0.64921875 0.41484375 0.1 0.1125
10 0.56953125 0.39765625 0.0875 0.1125
9 0.48671875 0.38671875 0.1 0.1140625
8 0.4015625 0.36796875 0.096875 0.1171875
15 0.32734375 0.3640625 0.08125 0.09375
23 0.26171875 0.34921875 0.084375 0.096875
1 0.5671875 0.5171875 0.109375 0.0796875
28 0.48984375 0.49609375 0.071875 0.08125
4 0.32890625 0.46328125 0.065625 0.0828125
5 0.25703125 0.45703125 0.0953125 0.075
12 0.22734375 0.54765625 0.0671875 0.0765625
24 0.55859375 0.71328125 0.071875 0.0828125
24 0.50078125 0.6984375 0.071875 0.084375
26 0.4046875 0.67890625 0.053125 0.06875
30 0.3515625 0.66640625 0.06875 0.0828125
16 0.2953125 0.6515625 0.065625 0.0734375
6 0.2359375 0.6359375 0.071875 0.0796875
27 0.64765625 0.91484375 0.109375 0.0765625
27 0.676334871875 1 0.687357725 0.9522374265625 0.59446151875 0.9294639531250001 0.5824306078125 0.980576565625 0.6519425531249999 1 0.676334871875 1
25 0.5819889203125 0.9828488500000001 0.5926153296875001 0.9220306671875 0.500478246875 0.8954745187500001 0.48985680781249996 0.9555076187499999 0.5819889203125 0.9828488500000001
25 0.4907401828125 0.9509630484375 0.499303825 0.895246234375 0.41093344531250003 0.8709943499999999 0.4036564 0.924603115625 0.4907401828125 0.9509630484375
31 0.4027939625 0.923649428125 0.409590253125 0.87151930625 0.323555203125 0.846149271875 0.31758227968749997 0.8984394390625001 0.4027939625 0.923649428125
31 0.4101972984375 0.8747814921874999 0.41686658125 0.8179104031250001 0.33024333125 0.795570221875 0.3238287203125 0.8501326718750001 0.4101972984375 0.8747814921874999
31 0.436615446875 0.798167790625 0.44053140781250005 0.7446917453124999 0.35821818437499997 0.72711958125 0.3545590515625 0.7782874093750001 0.436615446875 0.798167790625
17 0.3166989046875 0.902984009375 0.3228856953125 0.8538796015625 0.240615428125 0.8308134609375 0.2339273 0.8813925125000001 0.3166989046875 0.902984009375
17 0.3241022390625 0.8541160734375 0.32988826250000003 0.79628725 0.24198171249999997 0.7752697140625 0.2362823109375 0.8315432812499999 0.3241022390625 0.8541160734375
7 0.23321209375000002 0.8796813953125 0.24329186875 0.8266174265625 0.16032578125000002 0.8018439374999999 0.15420563125 0.8548915328125 0.23321209375000002 0.8796813953125
34 0.5828125 0.6203125 0.0609375 0.0828125
36 0.534375 0.609375 0.059375 0.0828125
33 0.49375 0.60234375 0.0453125 0.0796875
35 0.46171875 0.59453125 0.0453125 0.08125
37 0.428125 0.5875 0.0453125 0.0796875
39 0.39765625 0.5796875 0.0421875 0.0765625
38 0.36796875 0.57265625 0.04375 0.0796875
41 0.3438423484375 0.6059894234375001 0.3517859296875 0.5320730046875 0.323441196875 0.5257058406249999 0.3148144609375 0.5994894671875 0.3438423484375 0.6059894234375001
42 0.3155258015625 0.598770234375 0.3232805828125 0.5265321265625 0.295514759375 0.519419984375 0.285786571875 0.5929895125 0.3155258015625 0.598770234375