19 0.26796875 0.13046875 0.128125 0.1609375
19 0.3609375 0.1484375 0.13125 0.153125
20 0.459375 0.1625 0.125 0.1453125
8 0.65703125 0.190625 0.1234375 0.15
10 0.85078125 0.2171875 0.121875 0.1453125
11 0.94296875 0.22734375 0.1140625 0.1671875
2 0.95625 0.39140625 0.0875 0.0953125
3 0.8875 0.37890625 0.08125 0.0921875
3 0.82109375 0.3703125 0.084375 0.0953125
14 0.7390625 0.36328125 0.1109375 0.1359375
14 0.6484375 0.34921875 0.1171875 0.1375
14 0.54921875 0.33828125 0.1171875 0.13125
13 0.42734375 0.31875 0.11875 0.140625
13 0.33125 0.303125 0.1171875 0.140625
13 0.23984375 0.29140625 0.121875 0.1453125
5 0.25546875 0.42109375 0.121875 0.0828125
4 0.353125 0.428125 0.0875 0.1
29 0.4421875 0.44375 0.1171875 0.084375
28 0.53359375 0.4546875 0.0859375 0.0890625
1 0.628125 0.46953125 0.1171875 0.084375
0 0.7234375 0.47578125 0.0921875 0.09375
15 0.69765625 0.58203125 0.1015625 0.1125
23 0.6109375 0.57265625 0.1 0.1125
24 0.61328125 0.6828125 0.08125 0.090625
24 0.54609375 0.6765625 0.078125 0.0890625
30 0.4265625 0.6609375 0.0796875 0.090625
26 0.4875 0.678125 0.0609375 0.0796875
12 0.35546875 0.65 0.084375 0.0953125
16 0.2859375 0.64765625 0.084375 0.0921875
6 0.215625 0.640625 0.0828125 0.0921875
7 0.1426996203125 0.7926911203125 0.252308984375 0.8058400859375 0.26143279375 0.7409208109375001 0.14959639687499998 0.7283174703124999 0.1426996203125 0.7926911203125
7 0.18828125 0.8890625 0.1171875 0.078125
17 0.24471837968750002 0.8655683046875 0.23808900156249999 0.926664234375 0.3441493671875 0.9378997609375 0.350492609375 0.8786542703125001 0.24471837968750002 0.8655683046875
31 0.3602551734375 0.8135388609374999 0.46583574843750003 0.824706975 0.47511625625000004 0.762148509375 0.3680970703125 0.750778215625 0.3602551734375 0.8135388609374999
31 0.3445326625 0.9387401171875001 0.45050050625000004 0.9503758843749999 0.4604885796875 0.8895942203124999 0.35355185312500004 0.87456524375 0.3445326625 0.9387401171875001
25 0.4503835828125 0.9490132703124999 0.556177465625 0.9607354359375 0.5666957796875 0.899819040625 0.45957465624999994 0.8891684765625 0.4503835828125 0.9490132703124999
25 0.461594959375 0.8887166750000001 0.5650540375 0.9010547359375 0.5752948984375 0.838631234375 0.4696236921875 0.8262417703124999 0.461594959375 0.8887166750000001
25 0.46533989531250003 0.8229007828125001 0.569379925 0.834586440625 0.57822101875 0.7723340359375 0.4743176828125 0.762501940625 0.46533989531250003 0.8229007828125001
25 0.5814235156249999 0.8427009703125 0.68310395625 0.8537845015625001 0.69574376875 0.7916981578125 0.590112609375 0.7808899640625 0.5814235156249999 0.8427009703125
25 0.5688492640625 0.8996004984375 0.6779499109375 0.9149335953125 0.68725146875 0.856474309375 0.5797777515625 0.8413698625 0.5688492640625 0.8996004984375
25 0.672981203125 0.9136486265625001 0.6620336625000001 0.9741376796875001 0.7657962625 0.9843162328125 0.7785112187500001 0.9251766578125 0.672981203125 0.9136486265625001
25 0.6767183890624999 0.9149079140625 0.777855671875 0.9249974609375 0.789736209375 0.8661947203125001 0.6877164890625 0.854058946875 0.6767183890624999 0.9149079140625
27 0.765998596875 0.9828765484374999 0.8637507140625 0.9940455265624999 0.877854465625 0.935468171875 0.7786123828125 0.9244568328125 0.765998596875 0.9828765484374999
27 0.7778565890625 0.9225696359375 0.8749005640625 0.9321168046875 0.89301895625 0.8763058375 0.79160476875 0.8668243609375 0.7778565890625 0.9225696359375
41 0.304883940625 0.5805086890625 0.34415235 0.586027503125 0.356203709375 0.5002776250000001 0.3125234828125 0.49476502968749997 0.304883940625 0.5805086890625
35 0.40546875 0.5515625 0.0515625 0.0921875
33 0.44296875 0.55625 0.0515625 0.090625
34 0.511491628125 0.6072130703124999 0.5624440390625 0.6137411484374999 0.5718994453125 0.5299901734375 0.5220336999999999 0.5232187749999999 0.511491628125 0.6072130703124999
36 0.45660612812499995 0.6016281218749999 0.5103313968750001 0.6086636078125001 0.519864928125 0.5243323578125 0.46569849531249996 0.5167197625 0.45660612812499995 0.6016281218749999
20 0.56015625 0.17578125 0.125 0.15625
9 0.74921875 0.203125 0.1171875 0.15
37 0.344254353125 0.5869523921875001 0.382898553125 0.5927400921875 0.39112694375 0.5026920546875 0.35379017031250004 0.4974447125 0.344254353125 0.5869523921875001
40 0.26550080781249996 0.57829136875 0.3040958796875 0.5844287921875 0.3113344109375 0.49634222499999997 0.27453387500000004 0.490933471875 0.26550080781249996 0.57829136875
44 0.226807453125 0.572853371875 0.26550080781249996 0.57829136875 0.2746721015625 0.4893561046875 0.23379525625 0.4825413875 0.226807453125 0.572853371875
45 0.1897220875 0.5695042484374999 0.227066046875 0.5743959875 0.23396222031249997 0.4853571609375 0.19563199375 0.4806805265625 0.1897220875 0.5695042484374999
24 0.68828125 0.69609375 0.0890625 0.0953125
25 0.5600377062499999 0.9600782453125 0.6639691062499999 0.969916871875 0.6728196828125 0.913904478125 0.5689143078125001 0.9003992249999999 0.5600377062499999 0.9600782453125
31 0.3563022125 0.876479040625 0.46029167031249996 0.8885246203125 0.46907785156250004 0.8257493421875 0.362654146875 0.8138760156249999 0.3563022125 0.876479040625
17 0.24794138124999998 0.8678530234374999 0.35602209687499997 0.8786384500000001 0.3642321109375 0.8178826546875 0.253847784375 0.80236915 0.24794138124999998 0.8678530234374999
17 0.36887769375 0.7523526484375 0.2602666078125 0.741859709375 0.2528539234375 0.8050477046875001 0.36166734375 0.8141009734375 0.36887769375 0.7523526484375
7 0.1381352984375 0.8557773296875 0.246697909375 0.8688836406249999 0.2523532578125 0.8056846500000001 0.1453469234375 0.7927931484374999 0.1381352984375 0.8557773296875