11 0.0765625 0.25 0.128125 0.1421875
10 0.1625 0.23046875 0.121875 0.134375
9 0.25 0.20390625 0.11875 0.140625
8 0.33515625 0.18125 0.11875 0.1421875
20 0.41640625 0.1546875 0.1234375 0.1453125
19 0.5875 0.11171875 0.1234375 0.14375
19 0.675 0.0890625 0.10625 0.1328125
13 0.68359375 0.2265625 0.1046875 0.13125
13 0.60234375 0.25078125 0.1 0.1265625
13 0.52734375 0.27265625 0.103125 0.1296875
14 0.453125 0.29296875 0.1015625 0.1296875
14 0.3796875 0.3140625 0.10625 0.1296875
14 0.303125 0.33515625 0.10625 0.13125
3 0.24140625 0.37109375 0.078125 0.0921875
3 0.18515625 0.38125 0.075 0.0921875
2 0.1203125 0.403125 0.0796875 0.0921875
0 0.32109375 0.453125 0.0796875 0.0875
1 0.40078125 0.43671875 0.1078125 0.0828125
28 0.47578125 0.409375 0.071875 0.0796875
29 0.5546875 0.390625 0.1046875 0.0828125
4 0.6265625 0.36328125 0.078125 0.090625
5 0.703125 0.35 0.10625 0.0828125
15 0.3609375 0.540625 0.09375 0.1
24 0.38046875 0.63125 0.075 0.078125
24 0.4359375 0.6125 0.0703125 0.0796875
24 0.49375 0.596875 0.0734375 0.0765625
30 0.6046875 0.56484375 0.0671875 0.0765625
12 0.65625 0.5484375 0.065625 0.0765625
16 0.71171875 0.534375 0.071875 0.0796875
6 0.76796875 0.51640625 0.065625 0.078125
27 0.3015625 0.8609375 0.1046875 0.0734375
25 0.3875 0.8359375 0.1015625 0.071875
31 0.63203125 0.6515625 0.103125 0.08125
31 0.63828125 0.70703125 0.09375 0.0703125
31 0.64921875 0.75390625 0.09375 0.0671875
17 0.7203125 0.68359375 0.0984375 0.075
17 0.7296875 0.7328125 0.09375 0.065625
36 0.484375 0.50859375 0.0609375 0.0796875
34 0.52734375 0.496875 0.0609375 0.0796875
37 0.62734375 0.46640625 0.046875 0.0765625
39 0.65703125 0.4578125 0.0484375 0.078125
42 0.7484375 0.43125 0.0484375 0.078125
33 0.565625 0.484375 0.0515625 0.078125
18 0.4296875 0.5203125 0.08125 0.0921875
18 0.5953125 0.4703125 0.040625 0.065625
18 0.6859375 0.44375 0.0453125 0.0671875
18 0.7171875 0.434375 0.046875 0.0671875
18 0.5515625 0.5796875 0.0671875 0.071875
18 0.51328125 0.74140625 0.2 0.1921875
18 0.50703125 0.13046875 0.11875 0.1484375