13 0.67578125 0.25546875 0.0921875 0.1125
13 0.58984375 0.26484375 0.0890625 0.1046875
14 0.51328125 0.27265625 0.0828125 0.103125
14 0.43515625 0.2734375 0.084375 0.11875
19 0.35546875 0.28046875 0.08125 0.115625
19 0.2859375 0.290625 0.078125 0.1140625
20 0.2 0.290625 0.096875 0.1265625
20 0.12421875 0.3 0.090625 0.121875
23 0.68359375 0.39296875 0.0890625 0.096875
15 0.6046875 0.4 0.08125 0.090625
8 0.52578125 0.39375 0.0875 0.1203125
9 0.446875 0.4046875 0.0859375 0.1140625
10 0.37109375 0.4140625 0.08125 0.1078125
11 0.29140625 0.41640625 0.0859375 0.115625
2 0.16796875 0.4421875 0.0671875 0.0796875
1 0.3625 0.53125 0.096875 0.065625
28 0.43828125 0.51875 0.0625 0.0765625
29 0.51875 0.5171875 0.1015625 0.06875
4 0.596875 0.5078125 0.0640625 0.075
5 0.67734375 0.50546875 0.10625 0.06875
12 0.6953125 0.58828125 0.053125 0.0734375
6 0.6984375 0.68515625 0.06875 0.071875
16 0.63515625 0.6890625 0.065625 0.075
30 0.57421875 0.69296875 0.0640625 0.071875
26 0.525 0.69609375 0.04375 0.0640625
24 0.47734375 0.69765625 0.059375 0.06875
24 0.4203125 0.70078125 0.059375 0.06875
24 0.36015625 0.703125 0.0640625 0.071875
7 0.70625 0.871875 0.1078125 0.0578125
7 0.7109375 0.925 0.10625 0.0640625
17 0.6046875 0.8765625 0.1 0.059375
17 0.6109375 0.93046875 0.1015625 0.059375
17 0.5984375 0.81796875 0.1015625 0.0609375
31 0.4984375 0.81953125 0.1 0.0625
31 0.5078125 0.87578125 0.09375 0.059375
31 0.51328125 0.9296875 0.096875 0.0546875
25 0.3109375 0.8796875 0.0921875 0.0546875
25 0.325 0.93203125 0.0921875 0.0609375
25 0.4203125 0.92578125 0.09375 0.059375
25 0.45337358906249997 0.849014653125 0.44169779218749994 0.7959253828125 0.352188253125 0.7971827078125 0.3621390109375 0.8484953421875 0.45337358906249997 0.849014653125
25 0.46158506250000003 0.89567260625 0.4550190203125 0.847370134375 0.3621390109375 0.8484953421875 0.371460165625 0.900913371875 0.46158506250000003 0.89567260625
27 0.2265625 0.9328125 0.0953125 0.0578125
36 0.33046875 0.61171875 0.046875 0.0765625
34 0.375 0.6125 0.0484375 0.0734375
33 0.41484375 0.60859375 0.0359375 0.071875
35 0.4484375 0.60703125 0.0359375 0.0734375
37 0.499680740625 0.6395712515625 0.494996321875 0.5668862390625 0.46043321718749997 0.5699731359375 0.4674863796875 0.6410404453125 0.499680740625 0.6395712515625
39 0.5416971937499999 0.637024209375 0.5345358984375 0.5641213625 0.5030768921875 0.5689464046875 0.5095572500000001 0.639271653125 0.5416971937499999 0.637024209375
38 0.5753650593749999 0.6342788875 0.5689239500000001 0.5622052359375 0.537727090625 0.5653503062499999 0.5426795265625 0.6361734343750001 0.5753650593749999 0.6342788875
41 0.60856896875 0.6323480796875 0.6026298171875 0.5598482921875 0.5709037890625 0.563030365625 0.5774386093749999 0.634133890625 0.60856896875 0.6323480796875
42 0.63961769375 0.62939485625 0.6351072953125 0.558554284375 0.6035893203125 0.56113580625 0.6090601343750001 0.6319226984374999 0.63961769375 0.62939485625
40 0.6721943390625 0.62594375625 0.6691214078125001 0.5512905906250001 0.6400681687499999 0.5538924609375 0.641118403125 0.6285078484375 0.6721943390625 0.62594375625