9 0.9819099265625001 0.20591564375 0.8688025875 0.2069186109375 0.8495003750000001 0.331477515625 0.9712226171875 0.3302831984375 0.9819099265625001 0.20591564375
13 0.8625682984375 0.21042898281250003 0.7441173046875 0.21945565937499997 0.7312934015625 0.33260541718750003 0.8563340484375 0.33178764374999997 0.8625682984375 0.21042898281250003
14 0.7441173046875 0.2199571453125 0.651493946875 0.221963071875 0.6384641953125 0.3311015484375 0.7369924171875 0.33128615781250004 0.7441173046875 0.2199571453125
7 0.59375 0.52109375 0.134375 0.059375
29 0.7296875 0.521875 0.134375 0.059375
5 0.934711034375 0.4945720734375 0.8007483453124999 0.49256614218749994 0.8007483453124999 0.5514181734375 0.9320392078124999 0.5532454734375001 0.934711034375 0.4945720734375
31 0.58359375 0.646875 0.1265625 0.0625
24 0.68359375 0.63828125 0.08125 0.0703125
23 0.77421875 0.6359375 0.1015625 0.084375
15 0.942727965625 0.597221459375 0.8254582781250001 0.597221459375 0.8254582781250001 0.6807508015625 0.9266970015625 0.6824734140625 0.942727965625 0.597221459375
25 0.9175648421875 0.7746027171875001 0.7912836796875 0.7742880921874999 0.7874191890625 0.8264478140625 0.9130947171875 0.82808960625 0.9175648421875 0.7746027171875001
27 0.584375 0.796875 0.1234375 0.05
41 0.54921875 0.4015625 0.046875 0.084375
40 0.6204834171875 0.3604324625 0.573510165625 0.3604324625 0.5706000171875 0.442061121875 0.6173862812500001 0.442061121875 0.6204834171875 0.3604324625
43 0.6700376 0.36304835468749996 0.622548165625 0.362176390625 0.615500375 0.442061121875 0.662810940625 0.44210643281250006 0.6700376 0.36304835468749996
44 0.7149460796875 0.3613044265625 0.6690052140625 0.3604324625 0.6602299859375 0.4432690609375 0.70771941875 0.4438503609375 0.7149460796875 0.3613044265625
45 0.7563616671875 0.3610868546875 0.7109369828125 0.3616681609375 0.7076235203125 0.442061121875 0.7532645312499999 0.4430514875 0.7563616671875 0.3610868546875
35 0.77890625 0.4015625 0.05 0.0828125
33 0.8552033890624999 0.36159709218749997 0.8066815921874999 0.36101578125 0.8005208109374999 0.442061121875 0.8490091171874999 0.4426897578125 0.8552033890624999 0.36159709218749997
37 0.9016604359375 0.36334102343749997 0.8521062531249999 0.36305036562500004 0.8477436 0.442061121875 0.8954661625 0.443852371875 0.9016604359375 0.36334102343749997
32 0.951331978125 0.3622511484375 0.8991968515625001 0.36254180156250004 0.8953534609375 0.4453297296875 0.9456538984374999 0.44566905625000003 0.951331978125 0.3622511484375
21 0.584375 0.2671875 0.1328125 0.134375