21 0.61640625 0.359375 0.1234375 0.159375
14 0.7203125 0.3703125 0.125 0.1625
13 0.82109375 0.3875 0.1125 0.1453125
9 0.93203125 0.3984375 0.1359375 0.159375
5 0.8203125 0.678125 0.128125 0.0828125
29 0.7046875 0.6609375 0.1171875 0.0796875
7 0.59453125 0.64765625 0.11875 0.08125
31 0.57109375 0.765625 0.1125 0.0734375
24 0.65625 0.771875 0.078125 0.0859375
23 0.7328125 0.77734375 0.096875 0.1046875
15 0.8203125 0.78671875 0.0953125 0.109375
25 0.79375 0.91328125 0.121875 0.075
25 0.7828125 0.96640625 0.121875 0.0671875
25 0.6671875 0.9515625 0.11875 0.065625
25 0.67421875 0.8984375 0.1203125 0.071875
27 0.55625 0.91953125 0.109375 0.0671875
27 0.559375 0.86875 0.1125 0.0703125
39 0.56796875 0.50234375 0.05 0.0953125
38 0.60703125 0.5078125 0.05 0.09375
40 0.65078125 0.51328125 0.0515625 0.0953125
41 0.6921875 0.51875 0.05 0.0984375
42 0.7445622109375 0.5717719984375 0.7638499859375 0.48098016406250005 0.72581355625 0.47563449375 0.7072511328125 0.565978253125 0.7445622109375 0.5717719984375
35 0.7877009203124999 0.5778347484374999 0.802684028125 0.4864379328125 0.7637678125 0.482068646875 0.7472107171875 0.573794265625 0.7877009203124999 0.5778347484374999
33 0.8294016734375 0.5836954078125001 0.845113815625 0.49240105156249997 0.8064907515625 0.48587290312500003 0.7892146796875 0.5774974796875 0.8294016734375 0.5836954078125001
37 0.8724645796875 0.59029751875 0.8919342984374999 0.49843122656250005 0.8501210328125 0.493654784375 0.83314816875 0.5831219125 0.8724645796875 0.59029751875
32 0.9151117171875001 0.5946411390625 0.9365973328124999 0.504158190625 0.8963630625000001 0.4985036328125 0.876211075 0.589724025 0.9151117171875001 0.5946411390625