21 0.81171875 0.2859375 0.1078125 0.1015625
19 0.71875 0.28828125 0.1015625 0.1046875
20 0.6265625 0.29140625 0.096875 0.1046875
22 0.534375 0.2921875 0.109375 0.1046875
8 0.43671875 0.29453125 0.10625 0.1015625
9 0.33828125 0.29453125 0.1109375 0.10625
10 0.246875 0.2953125 0.1 0.1
11 0.15703125 0.296875 0.096875 0.096875
13 0.80859375 0.39765625 0.1078125 0.0984375
13 0.7140625 0.396875 0.1046875 0.1
13 0.621875 0.4015625 0.1015625 0.0984375
14 0.5265625 0.40234375 0.0984375 0.09375
14 0.43046875 0.40703125 0.1 0.09375
14 0.334375 0.4078125 0.1078125 0.0953125
2 0.146875 0.41953125 0.0859375 0.065625
5 0.80390625 0.48984375 0.121875 0.0546875
4 0.71171875 0.4859375 0.0765625 0.0625
29 0.61796875 0.490625 0.115625 0.053125
28 0.52578125 0.49140625 0.075 0.0609375
1 0.4359375 0.49453125 0.1171875 0.0546875
0 0.34296875 0.4921875 0.078125 0.0625
15 0.346875 0.57578125 0.0953125 0.0734375
23 0.43046875 0.575 0.09375 0.0765625
34 0.5546875 0.575 0.05625 0.06875
33 0.60078125 0.57421875 0.040625 0.0671875
35 0.64296875 0.57421875 0.0453125 0.06875
37 0.68203125 0.57265625 0.04375 0.06875
41 0.72109375 0.57265625 0.0453125 0.06875
40 0.7609375 0.5734375 0.04375 0.06875
18 0.8 0.571875 0.0453125 0.065625
45 0.840625 0.57265625 0.046875 0.0671875
6 0.81015625 0.66640625 0.0796875 0.0671875
16 0.73828125 0.665625 0.075 0.06875
12 0.66875 0.66875 0.0671875 0.0640625
30 0.59921875 0.6703125 0.071875 0.0640625
26 0.53984375 0.6765625 0.046875 0.0546875
24 0.48515625 0.6703125 0.071875 0.0671875
24 0.415625 0.671875 0.071875 0.065625
24 0.346875 0.67421875 0.06875 0.0640625
7 0.828125 0.85703125 0.115625 0.0484375
17 0.71640625 0.8578125 0.1171875 0.0515625
17 0.715625 0.8046875 0.1171875 0.053125
31 0.60703125 0.85859375 0.115625 0.0515625
31 0.6046875 0.80703125 0.1125 0.053125
25 0.49375 0.85703125 0.1171875 0.0515625
25 0.490625 0.80625 0.11875 0.053125
25 0.38046875 0.85859375 0.1125 0.0515625
25 0.3796875 0.80703125 0.1171875 0.053125
25 0.27109375 0.80703125 0.1125 0.0546875
25 0.271875 0.85703125 0.1125 0.0546875
27 0.1640625 0.859375 0.1109375 0.053125
27 0.1609375 0.81015625 0.109375 0.053125