11 0 0.13808673437500002 0.016941871875 0.21318378437500002 0.1512030296875 0.20825321406250002 0.1213761078125 0.036482112500000004 0 0.046242145312499996 0 0.13808673437500002
10 0.14933644375 0.209869671875 0.25176956562499997 0.20270685 0.23054595781249998 0.040735845312500005 0.1186714203125 0.042522784375 0.14933644375 0.209869671875
9 0.2479331453125 0.2044610796875 0.3424867734375 0.197849246875 0.33204311875000003 0.048498028124999995 0.2206928171875 0.050239743749999996 0.2479331453125 0.2044610796875
18 0.3488100421875 0.2033508953125 0.44937657968750006 0.19780455937500002 0.4364460765625 0.0411974625 0.33658868750000004 0.043991890625 0.3488100421875 0.2033508953125
20 0.44191069687500006 0.204270440625 0.534597740625 0.19927509375000002 0.5250847109375 0.063232421875 0.4242079625 0.064342565625 0.44191069687500006 0.204270440625
20 0.508610903125 0.0616649078125 0.5112957078125 0.0641966421875 0.5225717703125 0.19714413749999998 0.60727606875 0.1912210359375 0.59807324375 0.059614498437499996 0.508610903125 0.0616649078125
19 0.60727606875 0.1912210359375 0.6863809187500001 0.19014739687499999 0.6912773 0.0620127734375 0.60272621875 0.0625092171875 0.60727606875 0.1912210359375
19 0.6781913640624999 0.18626215468750001 0.75916249375 0.183571996875 0.774321821875 0.06066361875 0.68193363125 0.06253961875 0.6781913640624999 0.18626215468750001
3 0.12781310937499998 0.377476075 0.209718521875 0.36927210312500003 0.19217151562499998 0.2598779671875 0.108096034375 0.26668719687500003 0.12781310937499998 0.377476075
3 0.2063205703125 0.36785864375 0.2796433265625 0.3627314171875 0.26393747031250003 0.2639404765625 0.1907024328125 0.2681300265625 0.2063205703125 0.36785864375
14 0.27762695625 0.3653490015625 0.3661560171875 0.3575073796875 0.3573064765625 0.24667955468749997 0.2637348765625 0.2506472734375 0.27762695625 0.3653490015625
14 0.366270909375 0.3591504125 0.45272615624999996 0.3531048734375 0.440363690625 0.239220590625 0.35541771718750004 0.244236184375 0.366270909375 0.3591504125
14 0.45047992031249995 0.3524364265625 0.5335946625 0.345798928125 0.523018778125 0.226010978125 0.4409810625 0.22897114375 0.45047992031249995 0.3524364265625
13 0.5322704421875 0.34258942187499997 0.6064579343750001 0.33409959218749996 0.592598990625 0.2145412 0.5158842671875 0.21857680937500001 0.5322704421875 0.34258942187499997
13 0.6011584203125 0.33694675625000003 0.67655499375 0.330023478125 0.66793811875 0.20679642031249998 0.58963436875 0.2113570609375 0.6011584203125 0.33694675625000003
13 0.675345665625 0.3284569734375 0.7505700656250001 0.319069115625 0.751512425 0.20673102656250003 0.6692169015625 0.20888606406250002 0.675345665625 0.3284569734375
0 0.355364396875 0.47053421406249996 0.3409797125 0.3906380734375 0.26982043437500003 0.3966690046875 0.2844026890625 0.4779729890625 0.355364396875 0.47053421406249996
1 0.354384853125 0.47225377812499997 0.4523611390625 0.45797281874999995 0.4468434546875 0.39479277343749997 0.3485224921875 0.4041446296875 0.354384853125 0.47225377812499997
28 0.45650884999999997 0.45438064687499996 0.529601909375 0.44596737812500004 0.52299266875 0.3671785625 0.45110005781250007 0.373679509375 0.45650884999999997 0.45438064687499996
29 0.5319629531250001 0.44827886406250006 0.626656178125 0.43422747968750003 0.6234994578124999 0.3733589546875 0.53298395 0.38445473125 0.5319629531250001 0.44827886406250006
6 0.62538940625 0.43183947343750007 0.6820668296875 0.4245740984375 0.6791430218750001 0.35130629375 0.6203511374999999 0.3556564078125 0.62538940625 0.43183947343750007
7 0.6820093828125 0.42375256562499997 0.7571763390624999 0.4135432078125 0.758914209375 0.3597621796875 0.679043984375 0.369084625 0.6820093828125 0.42375256562499997
15 0.2927897796875 0.5979139625000001 0.38080182812499996 0.5826787343750001 0.367514459375 0.487020734375 0.27966206250000003 0.49808137343750003 0.2927897796875 0.5979139625000001
23 0.377633575 0.584551315625 0.46576051406249996 0.5709590906249999 0.4526454859375 0.4777656875 0.3670244046875 0.4888784484375 0.377633575 0.584551315625
24 0.307631065625 0.7000675125 0.3727188078125 0.6872608265625 0.3661670984375 0.6092935374999999 0.2922356421875 0.6188977640625 0.307631065625 0.7000675125
24 0.3705875453125 0.688235378125 0.43435106562500003 0.6722191515625 0.425955325 0.5993339843750001 0.3632489421875 0.6118693937499999 0.3705875453125 0.688235378125
24 0.43475318906249993 0.6779697859375 0.4952337328125 0.6621831312500001 0.4909856203125 0.585705796875 0.42547771250000005 0.5972047468749999 0.43475318906249993 0.6779697859375
26 0.49938136093749996 0.658590965625 0.5459797375 0.6487282171875 0.5390804734375 0.5815171593749999 0.48806530937500003 0.5876716 0.49938136093749996 0.658590965625
42 0.7227921578125 0.5193301859375 0.75146321875 0.515610728125 0.7478481218749999 0.44213728124999996 0.7141408515625 0.4466131546875 0.7227921578125 0.5193301859375
41 0.6957557796875 0.5246498734375 0.723589615625 0.5198459343749999 0.715428625 0.4466903453125 0.6839745671874999 0.45086455625 0.6957557796875 0.5246498734375
38 0.6679616 0.5300225515625 0.6965928906250001 0.5257343624999999 0.68679745 0.45097852656250004 0.6594924093750001 0.4547184859375 0.6679616 0.5300225515625
39 0.638652278125 0.5355011765625 0.66875905625 0.5305383 0.661196675 0.45505477968749997 0.63022379375 0.45819312500000003 0.638652278125 0.5355011765625
37 0.6099902796875 0.5407980859375 0.6387478046874999 0.5348767546875 0.6293217296875 0.459673946875 0.5970170421875001 0.463513925 0.6099902796875 0.5407980859375
35 0.5806327828125 0.5455882359374999 0.6099630687500001 0.5404089390625 0.5984090609375 0.46457286093750005 0.5660739046875001 0.4681202765625 0.5806327828125 0.5455882359374999
33 0.5467186515625 0.552261203125 0.5776313234375 0.5473623187500001 0.5668691703125 0.4679514625 0.536325165625 0.47117755156249996 0.5467186515625 0.552261203125
34 0.5045103156249999 0.5595141421875 0.547128184375 0.550668396875 0.5355469671875001 0.47444317031249994 0.49121065937499997 0.48106284062500004 0.5045103156249999 0.5595141421875
30 0.5475532984375 0.6461416921875001 0.6066778625 0.6349685671875 0.5982055468749999 0.5659557203125 0.5391646171875 0.5769877171875 0.5475532984375 0.6461416921875001
12 0.6039226656250001 0.6328149734374999 0.6568809984375 0.6228551171875 0.6512727640625 0.55755240625 0.592966665625 0.5639436421874999 0.6039226656250001 0.6328149734374999
16 0.655680978125 0.6205927921875001 0.7045466703125001 0.6117011906250001 0.7002745125 0.550606503125 0.647790840625 0.55620180625 0.655680978125 0.6205927921875001
18 0.70342828125 0.610606278125 0.755759390625 0.5991261125 0.7541894124999999 0.5319768500000001 0.695725184375 0.543079521875 0.70342828125 0.610606278125
7 0.7195618515625 0.7593831375 0.7948122328125 0.7404346859375 0.7959674328124999 0.68990964375 0.721475459375 0.706398459375 0.7195618515625 0.7593831375
7 0.716224296875 0.8084966359375001 0.7902745796875 0.7872858640625 0.7927114328125 0.7401905531249999 0.7185969671875 0.7583828031250001 0.716224296875 0.8084966359375001
7 0.6829335078125001 0.689992928125 0.753463946875 0.6705924343749999 0.7518897531250001 0.6257328015625 0.6804856078125 0.6418490640625001 0.6829335078125001 0.689992928125
31 0.5279712640625001 0.727234834375 0.6065861640625 0.708171734375 0.6049528546875 0.6575926609375 0.527246734375 0.6737362515624999 0.5279712640625001 0.727234834375
31 0.5540249484374999 0.800381928125 0.6371767625 0.77814561875 0.638384840625 0.7273678546875 0.5542030296875 0.7461062390625 0.5540249484374999 0.800381928125
31 0.5586487015625 0.8528938609375001 0.6388100734375 0.8287246937500001 0.6380245234374999 0.7766583578125 0.556034628125 0.799527409375 0.5586487015625 0.8528938609375001
25 0.4607528125 0.827609859375 0.5512829265625 0.80200165 0.5493515125 0.74715948125 0.46251054687500004 0.771081740625 0.4607528125 0.827609859375
25 0.46906571562500005 0.8784358421875 0.554909865625 0.8538692953125 0.5530778187500001 0.8004481578125 0.46643008906250005 0.825070896875 0.46906571562500005 0.8784358421875
25 0.3691265140625 0.8511527546875 0.46259738749999996 0.8267668859375 0.4627092828125 0.773923803125 0.367415115625 0.7977231796875001 0.3691265140625 0.8511527546875
25 0.3730515578125 0.9072834953125 0.467221140625 0.8792788187499999 0.4654884609375 0.8272787109375 0.367401690625 0.8519873562500001 0.3730515578125 0.9072834953125
25 0.269472890625 0.8823968734375001 0.372067271875 0.8523750968750001 0.36535052343749996 0.7971535609375 0.2635008953125 0.8228393203125 0.269472890625 0.8823968734375001
25 0.276189640625 0.937618409375 0.3722037984375 0.90877075625 0.3664838625 0.85419350625 0.26772404375000003 0.8832331546875001 0.276189640625 0.937618409375
27 0.15690723906249998 0.9195418171874999 0.2686251296875 0.8838841343749999 0.2607128296875 0.82517625 0.1495135640625 0.85365776875 0.15690723906249998 0.9195418171874999
27 0.1657169828125 0.9774729578124999 0.2737954078125 0.944211740625 0.267727684375 0.8846608796875 0.1550815390625 0.9196694828125 0.1657169828125 0.9774729578124999
17 0.63807420625 0.7773688734374999 0.715592928125 0.75624045625 0.7187449484374999 0.7060407484375 0.6394682703125001 0.7265781046875001 0.63807420625 0.7773688734374999
17 0.638661021875 0.8265931468750001 0.7114937765625 0.80650639375 0.7156426125 0.7569509734375 0.6364140453125 0.778198953125 0.638661021875 0.8265931468750001
17 0.608430740625 0.7073287609375 0.683555228125 0.6927936765625 0.6798289203125 0.6395049968750001 0.6059301796875001 0.65538235 0.608430740625 0.7073287609375