13 0.71328125 0.2921875 0.1125 0.128125
13 0.6375 0.3140625 0.103125 0.121875
14 0.5625 0.3296875 0.109375 0.1265625
14 0.48515625 0.35078125 0.103125 0.11875
2 0.28828125 0.5203125 0.0671875 0.078125
3 0.34453125 0.50703125 0.071875 0.08125
11 0.42672471874999995 0.4261097140625 0.3540850296875 0.44287990781250003 0.37799198125 0.538973221875 0.44899674999999994 0.522580478125 0.42672471874999995 0.4261097140625
10 0.47265625 0.46796875 0.0921875 0.1125
9 0.5359375 0.4515625 0.0828125 0.109375
8 0.60234375 0.43671875 0.096875 0.115625
15 0.671875 0.43125 0.0859375 0.0890625
23 0.73671875 0.41484375 0.0859375 0.090625
1 0.45703125 0.559375 0.0890625 0.065625
28 0.52890625 0.54375 0.0671875 0.065625
29 0.6015625 0.53046875 0.0921875 0.06875
4 0.6703125 0.51328125 0.065625 0.065625
5 0.73984375 0.49921875 0.09375 0.0703125
24 0.49375 0.7109375 0.06875 0.075
24 0.566880190625 0.6623152046875 0.51126013125 0.67515610625 0.5251975375 0.7355256421874999 0.5779258781250001 0.7255225515625 0.566880190625 0.6623152046875
24 0.59765625 0.690625 0.0703125 0.078125
26 0.64296875 0.68671875 0.0484375 0.059375
30 0.6859375 0.6734375 0.0671875 0.071875
16 0.73828125 0.66484375 0.0640625 0.0640625
6 0.7890625 0.6546875 0.06875 0.071875
12 0.775 0.57890625 0.075 0.0796875
7 0.8225351609375 0.7172577203125 0.738978340625 0.7365483328125 0.748428284375 0.7774805390624999 0.8297213812500001 0.761387465625 0.8225351609375 0.7172577203125
7 0.8361944375 0.767753946875 0.7536073265625001 0.7849440953125 0.7636743765625 0.8305181656249999 0.8468888015625 0.8140763249999999 0.8361944375 0.767753946875
7 0.8464734937499999 0.812277428125 0.7630823265625 0.8281519328125 0.77406965625 0.8722949515625 0.8559646187500001 0.8533880093749999 0.8464734937499999 0.812277428125
17 0.764572409375 0.827182971875 0.684440209375 0.8409127812499999 0.6938333265625001 0.8857303671875 0.7729958640625 0.8705548609375 0.764572409375 0.827182971875
17 0.750640921875 0.7847424171874999 0.67188480625 0.8003011078125001 0.6808299953125 0.8423217187500001 0.7611773875 0.8276264843750001 0.750640921875 0.7847424171874999
17 0.736925734375 0.7349756328125 0.6611477234375001 0.7510393125 0.670291009375 0.7925415765625 0.7469916999999999 0.7758217468749999 0.736925734375 0.7349756328125
31 0.657965321875 0.748911928125 0.5809680578124999 0.7638260453125 0.5907366125 0.8073319046874999 0.6671898046875 0.7916218703125 0.657965321875 0.748911928125
31 0.6716916578125 0.8001041640625 0.59248865625 0.8164815515624999 0.602433778125 0.8600632859375 0.6813343656249999 0.8446256234374999 0.6716916578125 0.8001041640625
31 0.6832743671875 0.8433884796875001 0.6050696796875 0.8585813531250001 0.6147410359375 0.900472603125 0.6923624 0.8827530734375 0.6832743671875 0.8433884796875001
25 0.599838103125 0.8538242515625001 0.5216452281249999 0.8704454500000001 0.53392371875 0.91674346875 0.6104622828124999 0.901219725 0.599838103125 0.8538242515625001
25 0.58990595 0.8135576875 0.5120553921875 0.828907309375 0.52382795 0.8707007453125 0.6002332890625001 0.85553599375 0.58990595 0.8135576875
25 0.5796293796875001 0.7635362203125 0.5002290640625 0.780436178125 0.5114389546875 0.8211688984375 0.5901658296875001 0.8064202859374999 0.5796293796875001 0.7635362203125
25 0.5215412390624999 0.8685154484375 0.447127484375 0.884979690625 0.458433296875 0.925137046875 0.5325127734375 0.9091524859375 0.5215412390624999 0.8685154484375
25 0.5129322875 0.8270944484375 0.43584229375000005 0.8429840109375 0.4477384125 0.8839758984375001 0.5227604765625 0.8696650140625 0.5129322875 0.8270944484375
27 0.44743778437500004 0.8803763921875 0.37356365937499997 0.8950464921875 0.384136965625 0.9358524562499999 0.45805517812499996 0.9208566890625001 0.44743778437500004 0.8803763921875
27 0.43472423281249994 0.8363253890625 0.3602059234375 0.85233675625 0.37422110468750003 0.8929021421875 0.4457075828125 0.8783907546874999 0.43472423281249994 0.8363253890625
36 0.4546875 0.63984375 0.0546875 0.071875
34 0.4953125 0.63125 0.05625 0.071875
18 0.528125 0.6234375 0.04375 0.065625
21 0.40859375 0.36875 0.0984375 0.11875
21 0.3375 0.38359375 0.0953125 0.1171875
22 0.26796875 0.39765625 0.096875 0.1171875
35 0.55625 0.61953125 0.04375 0.071875
37 0.58359375 0.6140625 0.04375 0.071875
41 0.6125 0.6078125 0.0484375 0.0734375
40 0.6421875 0.60234375 0.046875 0.0734375
44 0.67109375 0.596875 0.0453125 0.071875
45 0.70078125 0.58984375 0.046875 0.0734375
18 0.73046875 0.584375 0.04375 0.0734375