14 1 0.140237525 0.94100326875 0.125319028125 0.90120458125 0.295177571875 1 0.3211944453125 1 0.140237525
19 0.8215966453125001 0.096963215625 0.8017864953125 0.092967725 0.7623766046875 0.263395075 0.9089285171875 0.2999345703125 0.943733125 0.1237126171875 0.8215966453125001 0.096963215625
13 0.6678672265625 0.039759471875 0.623787090625 0.2119950609375 0.623104646875 0.212376928125 0.7636157156250001 0.2479622890625 0.8152055640625001 0.07932625 0.6678672265625 0.039759471875
20 0.3890625 0.090625 0.2 0.18125
19 0.24765625 0.0734375 0.1953125 0.146875
13 1 0.3709026875 0.889286940625 0.33777974374999997 0.8348256328125 0.519268765625 0.9710803359375 0.5525934640625 1 0.44580357499999995 1 0.3709026875
13 0.75492860625 0.313244959375 0.7049562265625 0.4895533796875 0.8382828046874999 0.5233579578125 0.8878429703125 0.347459971875 0.75492860625 0.313244959375
8 0.7488367203124999 0.28447396875000003 0.6081274203125 0.2519012640625 0.592333896875 0.31850079375 0.563645625 0.4419743234375 0.6972917109375001 0.4756546140625 0.7488367203124999 0.28447396875000003
9 0.6118143171875 0.2546134125 0.477614590625 0.22509804687499999 0.4315726953125 0.4097620046875 0.5661316140625 0.443669890625 0.6118143171875 0.2546134125
10 0.3515625 0.3125 0.1828125 0.20625
11 0.21640625 0.27421875 0.1859375 0.2171875
1 0.25902539999999996 0.45675690468749996 0.1037510609375 0.4213547734375 0.08488789218750001 0.5176709671874999 0.23795421718749998 0.5530745984375 0.25902539999999996 0.45675690468749996
0 0.3374149359375 0.5762168859375 0.358171684375 0.4605001640625 0.262264859375 0.4437641421875 0.236261171875 0.5509964203125 0.3374149359375 0.5762168859375
29 0.3372853578125 0.576736596875 0.48316441718750003 0.6114522765625 0.5074404953125 0.5170376906249999 0.35575979062499996 0.481979534375 0.3370262 0.5777760187500001 0.3372853578125 0.576736596875
5 0.5807211999999999 0.6363279328125 0.72950108125 0.6712148515624999 0.7523915375 0.5764547906249999 0.6015332234375 0.5410496609375001 0.5807211999999999 0.6363279328125
28 0.5795947328125 0.6349430375 0.6113068796875 0.5225098203125 0.5119308203124999 0.49607653125000006 0.48455003906250005 0.6117977515625 0.5795947328125 0.6349430375
4 0.7303189109375 0.66810665 0.819257884375 0.6891775921875001 0.8497934671875 0.5637546078125 0.7649664421875 0.5409488 0.7303189109375 0.66810665
12 0.8198159390624999 0.6810364578125 0.9003116015625 0.7005542625000001 0.9296464156249999 0.5947045453124999 0.84845794375 0.575014003125 0.818863971875 0.6819031421874999 0.8198159390624999 0.6810364578125
16 0.09765625 0.62578125 0.1328125 0.146875
6 0.13964072031250002 0.6963757890625 0.23217332656249998 0.7177907046875001 0.25600539375000003 0.6044968 0.1560263625 0.5834333546875 0.1356583515625 0.6975909453125 0.13964072031250002 0.6963757890625
6 0.23108558124999998 0.7158634453125 0.32548340468750003 0.73608735625 0.35243053281250003 0.6191539781250001 0.2579939890625 0.5994724312499999 0.23108558124999998 0.7158634453125
30 0.3859375 0.6953125 0.134375 0.1421875
24 0.44782422187500004 0.646802425 0.423285584375 0.7538479609375 0.42862759375000004 0.7651162 0.5151840578125 0.783937059375 0.5392303640625 0.66683244375 0.44782422187500004 0.646802425
24 0.5142416453124999 0.787566215625 0.612481684375 0.8098521375000001 0.6340159015625 0.69101715 0.537326428125 0.6685658109375 0.5142416453124999 0.787566215625
24 0.6671875 0.75703125 0.1265625 0.146875
3 0.75 0.76875 0.11875 0.1421875
2 0.83125 0.78984375 0.115625 0.1390625
17 0 0.8889880953124999 0.06547443750000001 0.9069674234375 0.1314629234375 0.9234202015624999 0.14678923906250002 0.8416828171875 0 0.8081204328125 0 0.8889880953124999
7 0.2835390453125 0.9602371406250001 0.2980362890625 0.875528815625 0.144755725 0.8439358953125 0.1322033546875 0.9235947015624999 0.2835390453125 0.9602371406250001
31 0.4575145359375 0.9119790999999999 0.3015024671875 0.8736329406250001 0.28465591562500003 0.9616155046875001 0.3340875578125 0.973940196875 0.432799621875 0.9963479468750001 0.4575145359375 0.9119790999999999
31 0.4681127140625 0.8367869718750001 0.329342796875 0.8032917828125001 0.3049407734375 0.8564099546874999 0.30610575624999997 0.857818703125 0.460536803125 0.8952044015625 0.4681127140625 0.8367869718750001
25 0.5915984734374999 1 0.6070718875 0.9437477546874999 0.45461371249999993 0.9118078625000001 0.43379650937500003 0.9982525515624999 0.43469825 0.9973733453125 0.446862265625 1 0.5915984734374999 1
25 0.602605328125 0.86981048125 0.461705525 0.8357842515625 0.4631292734375 0.8969690640625 0.6150371765625 0.9337256703125 0.602605328125 0.86981048125
25 0.7537983421875001 1 0.7598152 0.9807269046875 0.6062305609374999 0.9474021140625 0.5935809421875 1 0.7537983421875001 1
27 0.8109375 0.98203125 0.159375 0.0359375
17 0 0.787089403125 0.1392048125 0.8217970609374999 0.17918965625 0.7769703234375 0.036178503125 0.742431925 0 0.769376103125 0 0.787089403125
7 0.18399711875 0.7759323828125 0.1523146921875 0.8239474343750001 0.30753324375 0.8581746156250001 0.322988315625 0.8083502062499999 0.18399711875 0.7759323828125
18 0.8788301328125 1 0.8626295781250001 0.957435253125 0.7476775156250001 0.9329668609375 0.7695100484374999 0.9873213953125 0.8311080046875 1 0.8788301328125 1