11 0.78810405625 0 0.7359632781250001 0.007739989062499999 0.7310467359375 0.17673555937500002 0.8470328984375 0.159499740625 0.8538527671875 0 0.78810405625 0
10 0.7325267281250001 0.1783976109375 0.7266778515625 0.0137200984375 0.63259023125 0.0437737109375 0.6425946890625001 0.1947768359375 0.7325267281250001 0.1783976109375
9 0.638092228125 0.1982146921875 0.6228930046875 0.0470066171875 0.530951015625 0.06553837343749999 0.5518269796874999 0.214078584375 0.638092228125 0.1982146921875
8 0.5530492453125 0.21390680624999997 0.5368054453125 0.090896303125 0.4632813359375 0.098424365625 0.47656210468750004 0.2283964765625 0.5530492453125 0.21390680624999997
20 0.468135125 0.2305158359375 0.45836709062500003 0.0916348125 0.37907402343749996 0.11119395781250001 0.3892034578125 0.24534906093750003 0.468135125 0.2305158359375
20 0.38971891406250003 0.2490167203125 0.378260125 0.115983471875 0.307155721875 0.131586696875 0.3217876171875 0.2623039421875 0.38971891406250003 0.2490167203125
19 0.31992103437499997 0.257891146875 0.3004694 0.139071575 0.245015528125 0.1506052125 0.2678791625 0.26894525625 0.31992103437499997 0.257891146875
19 0.2678791625 0.26894525625 0.247579109375 0.15305000156249998 0.1858978046875 0.16452381875 0.20811711875 0.2782792890625 0.2678791625 0.26894525625
14 0.6467964421875 0.34846553125 0.6402555734375001 0.2141657140625 0.5530947015625001 0.23432712968749997 0.5656416375 0.3577133453125 0.6467964421875 0.34846553125
14 0.5611388765624999 0.359784665625 0.54982730625 0.23262858125000002 0.4745141859375 0.248247903125 0.48844589374999997 0.36784324687500003 0.5611388765624999 0.359784665625
14 0.484685084375 0.36837179531249997 0.4698428484375 0.2503429171875 0.401574884375 0.2613758546875 0.4156537875 0.375196509375 0.484685084375 0.36837179531249997
13 0.41897002656250004 0.3783266953125 0.4011917859375 0.2599911953125 0.3537236765625 0.2688201546875 0.3694847328125 0.380965896875 0.41897002656250004 0.3783266953125
13 0.3702266828125 0.379423121875 0.3534283359375 0.2681424109375 0.2941454640625 0.281508828125 0.3104982859375 0.3842211484375 0.3702266828125 0.379423121875
13 0.302333840625 0.3875263375 0.286955503125 0.279642309375 0.22269006249999998 0.29155122968749997 0.2398839609375 0.39342609375 0.302333840625 0.3875263375
2 0.8389942859374999 0.3243308875 0.8516606984375 0.224013434375 0.7847359796875 0.224788084375 0.7766435328125 0.3309359640625 0.8389942859374999 0.3243308875
3 0.774120303125 0.33344833125 0.782069209375 0.2337938796875 0.720210434375 0.24320681406250003 0.7119678031250001 0.34146404375 0.774120303125 0.33344833125
3 0.7155303609375 0.339524859375 0.719258953125 0.2440597859375 0.65776055625 0.2491065703125 0.6476375187500001 0.347628075 0.7155303609375 0.339524859375
0 0.646721246875 0.45708291093750003 0.6447899953125 0.376079034375 0.5773746234375 0.37979964375 0.5789755984375 0.4594114359375 0.646721246875 0.45708291093750003
1 0.5817962078125001 0.45901502499999997 0.578268871875 0.3940589734375 0.494886103125 0.40002365468749995 0.5006894703125 0.46178282968750006 0.5817962078125001 0.45901502499999997
28 0.46875 0.4265625 0.059375 0.0765625
29 0.44922464375000004 0.4639809875 0.4434398078125 0.4036577078125 0.36780856093750003 0.4099714828125 0.374401946875 0.463707875 0.44922464375000004 0.4639809875
4 0.371779590625 0.4655149234375 0.364985440625 0.398140990625 0.32257671875 0.40194339687499997 0.3307561203125 0.46696489375 0.371779590625 0.4655149234375
5 0.3277372609375 0.465950665625 0.3215784515625 0.4099954484375 0.24835176875 0.41956753750000003 0.2545486484375 0.47048265312500004 0.3277372609375 0.465950665625
15 0.621875 0.52421875 0.096875 0.08125
23 0.54921875 0.52109375 0.078125 0.0859375
24 0.66952624375 0.6466369875 0.6697240390625 0.573964896875 0.6054273203125 0.5794049609374999 0.6086083328125 0.642971184375 0.66952624375 0.6466369875
24 0.60702530625 0.645351415625 0.6042399203125 0.5788525875 0.549606928125 0.57789975 0.553529890625 0.6399231984375 0.60702530625 0.645351415625
24 0.55382726875 0.64203915625 0.545387071875 0.5763350593750001 0.4875024953125 0.579435453125 0.49582909218750004 0.6386822624999999 0.55382726875 0.64203915625
26 0.4734375 0.609375 0.046875 0.0578125
12 0.426052853125 0.6333844140625 0.421594028125 0.575751778125 0.371803521875 0.574837621875 0.38003099218749997 0.6333791109375 0.426052853125 0.6333844140625
16 0.3778532078125 0.6315274265624999 0.371205009375 0.5720447359375 0.327166434375 0.57104145 0.33321612031250003 0.6277312546875 0.3778532078125 0.6315274265624999
27 0.8396125624999999 0.8881363140625 0.8345985046875001 0.8327394625 0.7384973015625 0.8167563390625 0.7396477234375001 0.872696190625 0.8396125624999999 0.8881363140625
27 0.841526078125 0.8130653453125 0.8371579656250001 0.755419959375 0.742044903125 0.7464904671875 0.74591680625 0.8013285874999999 0.841526078125 0.8130653453125
25 0.7398820765624999 0.8129654703125 0.7374703140625 0.7557643875 0.643221509375 0.74599418125 0.6435308531249999 0.8027714859374999 0.7398820765624999 0.8129654703125
25 0.735093903125 0.867582184375 0.7357978984375 0.8121009625 0.6431343484375 0.7999502109375001 0.6457686687499999 0.8528045109375 0.735093903125 0.867582184375
25 0.6371357203125 0.7504457343750001 0.63049561875 0.697435159375 0.544187896875 0.6894259078125 0.548702621875 0.742015934375 0.6371357203125 0.7504457343750001
25 0.6446693078125 0.8040499890625 0.640850484375 0.7506429078125 0.5552840421874999 0.7410909765625 0.561480921875 0.7920060906249999 0.6446693078125 0.8040499890625
25 0.6457686687499999 0.8528045109375 0.6417019640625 0.804467021875 0.5597987671875 0.7936810015625 0.56332223125 0.8392178375 0.6457686687499999 0.8528045109375
25 0.5569781593750001 0.7940774125 0.551802346875 0.73798404375 0.47333323437499997 0.7310308984375 0.476066684375 0.7845905171875 0.5569781593750001 0.7940774125
25 0.564163309375 0.83838038125 0.5593359343750001 0.7915882984375 0.481807025 0.784503015625 0.48711176875 0.8290702578125 0.564163309375 0.83838038125
31 0.484933984375 0.8272185750000001 0.478751625 0.7777399203125 0.40792153906250006 0.7704324296875 0.41184150781250006 0.8187905421874999 0.484933984375 0.8272185750000001
31 0.47829253437499997 0.7799621921875 0.4776536 0.728985209375 0.40766325312499996 0.7208404515625 0.41148409687500004 0.7684932437499999 0.47829253437499997 0.7799621921875
17 0.41184150781250006 0.8187905421874999 0.410245434375 0.7679480765625 0.3456669203125 0.7640774859375 0.3518127421875 0.8078072734375 0.41184150781250006 0.8187905421874999
17 0.4074769671875 0.7740911609375 0.399397484375 0.7248791296875 0.33274142812499996 0.7198620203125 0.341065034375 0.765443490625 0.4074769671875 0.7740911609375
17 0.41221707187499995 0.72595445625 0.40310071406250003 0.6761688984374999 0.33560113125 0.6719895874999999 0.34224258281250003 0.7192459703125 0.41221707187499995 0.72595445625
7 0.3380852671875 0.7169532421875 0.330487153125 0.6712698109375 0.2622623328125 0.6686309265625 0.2658849234375 0.7148730828125001 0.3380852671875 0.7169532421875
7 0.3378479203125 0.7630186250000001 0.3335651546875 0.7204655046874999 0.273505671875 0.71452130625 0.27811653281250004 0.7541513140625 0.3378479203125 0.7630186250000001
7 0.3533957671875 0.80542704375 0.3473335046875 0.7638432625 0.286776609375 0.7543727203125 0.2906455203125 0.7955455046875 0.3533957671875 0.80542704375
36 0.5197987093750001 0.5579941328125 0.51147846875 0.48488088124999995 0.4771453890625 0.486069871875 0.484844671875 0.5556341812500001 0.5197987093750001 0.5579941328125
34 0.480581315625 0.55637005625 0.4771263046875 0.48599053281250004 0.44223844218749997 0.488925228125 0.447670434375 0.5555820734375 0.480581315625 0.55637005625
33 0.44316735781250005 0.5562149390625 0.43682552656249996 0.48870172656250005 0.4127475125 0.489132959375 0.4208205125 0.5559107531249999 0.44316735781250005 0.5562149390625
35 0.41811168125 0.555307215625 0.41105278125 0.4874026625 0.38691289218749997 0.48735047187499997 0.3951893640625 0.5555760265624999 0.41811168125 0.555307215625
37 0.391952928125 0.55428609375 0.3847931765625 0.488140496875 0.3612348796875 0.48890132968750005 0.3693199328125 0.554491871875 0.391952928125 0.55428609375
38 0.3455172171875 0.5544370328125 0.34030665781249997 0.490142553125 0.3188639140625 0.489756040625 0.32338122343750003 0.5541479500000001 0.3455172171875 0.5544370328125
39 0.3227085015625 0.5533924734375 0.317112690625 0.49042717031249994 0.296289496875 0.4903786 0.30223923125 0.5528691484375 0.3227085015625 0.5533924734375
42 0.29995835937500004 0.552764690625 0.2950301359375 0.4905555921875 0.273832225 0.49183471718750005 0.2791092375 0.5535697875000001 0.29995835937500004 0.552764690625