14 0.51328125 0.1828125 0.096875 0.1375
14 0.61015625 0.18359375 0.096875 0.14375
13 0.7015625 0.1890625 0.0953125 0.1375
13 0.79453125 0.19140625 0.109375 0.134375
22 0.30859375 0.17890625 0.0890625 0.1265625
22 0.22421875 0.175 0.08125 0.1234375
23 0.7859375 0.346875 0.0828125 0.103125
15 0.70625 0.346875 0.0875 0.1015625
9 0.5234375 0.328125 0.0921875 0.125
10 0.4296875 0.32421875 0.090625 0.125
11 0.34296875 0.31953125 0.0859375 0.1234375
3 0.2734375 0.334375 0.065625 0.0875
2 0.2140625 0.3328125 0.059375 0.0828125
1 0.4078125 0.4390625 0.1046875 0.06875
28 0.50625 0.440625 0.065625 0.06875
29 0.590625 0.44609375 0.10625 0.06875
4 0.6734375 0.44765625 0.065625 0.075
5 0.7625 0.4515625 0.1125 0.071875
12 0.7671875 0.55703125 0.0671875 0.08125
24 0.3828125 0.646875 0.065625 0.0796875
24 0.44453125 0.6515625 0.0625 0.075
24 0.51953125 0.6546875 0.065625 0.0734375
26 0.5765625 0.6609375 0.0515625 0.06875
30 0.63515625 0.6625 0.06875 0.078125
16 0.703125 0.66796875 0.06875 0.078125
7 0.725 0.8875 0.1078125 0.0640625
17 0.6296875 0.825 0.1046875 0.059375
17 0.6234375 0.8796875 0.096875 0.0578125
17 0.63046875 0.76953125 0.1046875 0.0640625
31 0.53046875 0.7578125 0.1015625 0.0640625
31 0.53046875 0.81484375 0.1 0.059375
31 0.5265625 0.86875 0.096875 0.0578125
25 0.43046875 0.8609375 0.096875 0.059375
25 0.43046875 0.80703125 0.0984375 0.0609375
25 0.33515625 0.8546875 0.09375 0.05625
25 0.3359375 0.8 0.1 0.065625
27 0.23984375 0.84765625 0.0953125 0.0609375
34 0.4265625 0.53671875 0.05 0.078125
33 0.46875 0.540625 0.0375 0.0796875
35 0.50234375 0.54140625 0.0375 0.0796875
37 0.5375 0.54609375 0.0375 0.078125
39 0.57265625 0.54453125 0.0390625 0.0796875
38 0.60703125 0.5453125 0.0390625 0.0828125
41 0.64375 0.5484375 0.040625 0.08125
42 0.67890625 0.54921875 0.0375 0.08125
40 0.71484375 0.5515625 0.040625 0.0828125
18 0.4078125 0.1796875 0.1203125 0.1375
18 0.615625 0.33046875 0.096875 0.1234375
18 0.76953125 0.66953125 0.065625 0.0828125
18 0.37734375 0.52890625 0.05 0.0671875