27 0.49453125 0.91640625 0.1515625 0.1125
27 0.5275570578125001 0.792388375 0.396297225 0.8251151265625 0.42353620000000003 0.8945887234375001 0.5458596906250001 0.8657962265625001 0.5275570578125001 0.792388375
25 0.63515625 0.8921875 0.1421875 0.1
25 0.6109375 0.82578125 0.1484375 0.103125
31 0.76171875 0.85625 0.15625 0.11875
25 0.76171875 0.6171875 0.1203125 0.1265625
7 0.48700794218750004 0.6622869015624999 0.351836309375 0.695988975 0.377985628125 0.7724251265625 0.5064246859375 0.74016320625 0.48700794218750004 0.6622869015624999
6 0.56171875 0.66953125 0.128125 0.140625
6 0.63671875 0.64921875 0.0859375 0.1109375
23 0.70234375 0.47265625 0.146875 0.1421875
23 0.5137660953125 0.45717848281249995 0.5527161984375 0.5701526484375 0.6586104203125001 0.5406831140625 0.6272038640625001 0.42838407968750003 0.5137660953125 0.45717848281249995
15 0.36875 0.55390625 0.1515625 0.153125
15 0.47578125 0.525 0.15 0.153125
33 0.70663288125 0.23068620156250003 0.65497525 0.244588275 0.6831495984375 0.3681895859375 0.7348546890625001 0.3545142671875 0.70663288125 0.23068620156250003
45 0.4815132125 0.42125771875 0.53295875625 0.4084309046875 0.4987507296875 0.28762893906250003 0.44906830937500003 0.301549728125 0.4815132125 0.42125771875
18 0.6417381843750001 0.2519781640625 0.5042432671875 0.287793065625 0.536088203125 0.40458350625 0.6723824796875 0.3690679578125 0.6417381843750001 0.2519781640625
44 0.39926589375 0.31498924375000004 0.4332243296875 0.43534224843749997 0.4830363453125 0.42138914843749997 0.449589884375 0.30090849375 0.39926589375 0.31498924375000004
40 0.29949947187500003 0.34395332343749996 0.3343614890625 0.4625474703125 0.3855962125 0.448750840625 0.35006345156249996 0.3308351171875 0.29949947187500003 0.34395332343749996
41 0.2921875 0.41015625 0.084375 0.1390625
9 0.61171875 0.0859375 0.1953125 0.171875
14 0.48125 0.10390625 0.16875 0.2078125
14 0.3625 0.12890625 0.1796875 0.2234375
19 0.23203125 0.1625 0.184375 0.2265625
43 0.40014745312500005 0.31579182499999997 0.3493018875 0.3305138078125 0.38618968593749997 0.4480387859375 0.4356802125 0.433707546875 0.40014745312500005 0.31579182499999997
18 0.740625 0.7859375 0.14375 0.1078125