31 0.7790809109375 0.6310536453125 0.6950659406249999 0.6636366484375 0.7095133875 0.7184142390625 0.7912439140624999 0.6873686 0.7790809109375 0.6310536453125
31 0.785478396875 0.68754230625 0.7028061453125 0.7198399078125 0.7154843421875 0.7728899828125 0.7992560640625 0.7382551 0.785478396875 0.68754230625
31 0.7990708765625001 0.7382944625000001 0.71392899375 0.7721687921875 0.7279486375 0.8249337328124999 0.8086096625 0.7888564687499999 0.7990708765625001 0.7382944625000001
25 0.6933050515625 0.662959146875 0.6037313734375 0.6956718984375 0.6201619703125 0.753183328125 0.7039336921875 0.7185484484375 0.6933050515625 0.662959146875
25 0.7041556359375 0.7206048546875 0.617906875 0.755766246875 0.6290297234375 0.8080951296875 0.715056540625 0.77087733125 0.7041556359375 0.7206048546875
25 0.7137228171875 0.772212615625 0.630585071875 0.808816321875 0.6446047171875 0.8615812625 0.7277347359374999 0.8239274078125 0.7137228171875 0.772212615625
25 0.6050595578125 0.6964413734375 0.5060593234375 0.737468546875 0.523345525 0.799005278125 0.6208036734375 0.756202303125 0.6050595578125 0.6964413734375
25 0.6174658125 0.75480820625 0.5217901765625 0.7982840875 0.53736516875 0.8517702187499999 0.6336957703125 0.8102587031249999 0.6174658125 0.75480820625
25 0.6292303625 0.810156065625 0.5362376234374999 0.8530616765625 0.553154065625 0.9062626765624999 0.6461600671875 0.862302453125 0.6292303625 0.810156065625
27 0.505593771875 0.7365157124999999 0.407045825 0.7795503312500001 0.4205796265625 0.8366257046875001 0.52206211875 0.7929673296875 0.505593771875 0.7365157124999999
27 0.5130607640625 0.7980359984375001 0.4145140875 0.8410703484375001 0.43496903124999997 0.897726378125 0.5362376234374999 0.8530616765625 0.5130607640625 0.7980359984375001
27 0.5335176125000001 0.8546916234375 0.43496903124999997 0.897726378125 0.4536547234375 0.9526548921875 0.55047116875 0.9068329437499999 0.5335176125000001 0.8546916234375
17 0.4102697421875 0.835661765625 0.3014444046875 0.8829844921875001 0.32635149375 0.940797771875 0.43143052812500005 0.894271346875 0.4102697421875 0.835661765625
17 0.3559943609375 1 0.452313275 0.9529400265625 0.4300265296875 0.8956215656250001 0.3283346453125 0.9435316125 0.34829766875 1 0.3559943609375 1
7 0.3035506015625 0.8877957609375 0.1893861828125 0.93625334375 0.21359352656250002 0.99737073125 0.328762446875 0.9455442609375 0.3035506015625 0.8877957609375
7 0.34729865625 1 0.32937451875 0.9433105812499999 0.2124659796875 0.9986621890625 0.2131755640625 1 0.34729865625 1
6 0.3735566875 0.6299518484375 0.2952713546875 0.6560580265625 0.32509816406250003 0.7370167734375 0.3945417578125 0.7075310109374999 0.3735566875 0.6299518484375
16 0.44671212968749996 0.6112468078125 0.375116546875 0.635931034375 0.40012145156249995 0.7073968015625 0.46929309999999996 0.683227796875 0.44671212968749996 0.6112468078125
26 0.4925460828125 0.602556290625 0.4446579546875 0.6200977609375 0.462585859375 0.6846534640625 0.5131911328125 0.6654826546875 0.4925460828125 0.602556290625
24 0.557553746875 0.5719098328125 0.4951073703125 0.5935975453125 0.5209678796875 0.6690886109374999 0.5863871281249999 0.64045825 0.557553746875 0.5719098328125
24 0.6204612203125001 0.5511759015625 0.55644423125 0.5721456671875 0.5841320328124999 0.6430411671875 0.6381199515625 0.6199959828125 0.6204612203125001 0.5511759015625
30 0.6744041328125 0.534451028125 0.615098196875 0.5512640546875 0.6387616546875 0.62301495625 0.69409101875 0.5996846390624999 0.6744041328125 0.534451028125
12 0.72764698125 0.5210303281249999 0.6763770140625 0.5361352593750001 0.6956463687500001 0.6004058296875 0.747806990625 0.5819562109375 0.72764698125 0.5210303281249999
5 0.6998984890625 0.31131135312499997 0.6032293671875 0.3371179609375 0.6233543218750001 0.40541383125 0.7186551921875 0.37884626250000003 0.6998984890625 0.31131135312499997
29 0.6057025890625 0.3365922625 0.508414340625 0.3593751 0.52692590625 0.433272859375 0.6235682234375 0.40642015625 0.6057025890625 0.3365922625
28 0.5028143890625 0.36056540625 0.437531484375 0.37549350625 0.46070909687499995 0.4515548390625 0.5215601140625 0.43441339375 0.5028143890625 0.36056540625
1 0.43368424687499996 0.37841484531249997 0.3297297796875 0.4026146296875 0.3504383953125 0.48025255468749994 0.46162274375 0.44925705625 0.43368424687499996 0.37841484531249997
0 0.3185062484375 0.40394847343749996 0.230676509375 0.42472084218750006 0.26205866875 0.5064007796875 0.345072603125 0.48139308906249995 0.3185062484375 0.40394847343749996
12 0.7100706109375 0.4149593484375 0.6575563703125 0.4286458921875 0.67639856875 0.5054183875 0.7319693515625 0.4898200078125 0.7100706109375 0.4149593484375
40 0.657613384375 0.42547840312499996 0.6292576171875 0.434029903125 0.6492548796875 0.5162365546875 0.680003065625 0.506545453125 0.657613384375 0.42547840312499996
42 0.6304630171875 0.43629798593749997 0.601309059375 0.44501915 0.6170252953124999 0.5268736109375001 0.651797828125 0.5163271078125 0.6304630171875 0.43629798593749997
41 0.597583909375 0.44391773125 0.5625470078125 0.45262720312500004 0.5821244234375 0.536816315625 0.619439903125 0.5263603703124999 0.597583909375 0.44391773125
38 0.564156421875 0.45291618749999996 0.5260364 0.46291207031250003 0.5496381578125 0.546245784375 0.5845390296875 0.536303075 0.564156421875 0.45291618749999996
18 0.5253852125 0.4605261875 0.4906221640625 0.4704395984375 0.5144806046875 0.5549809015625 0.5503146859375 0.545470909375 0.5253852125 0.4605261875
37 0.48992756562500006 0.4718493890625 0.455977975 0.4815898953125 0.47996475624999996 0.5667349921875 0.515413815625 0.555413615625 0.48992756562500006 0.4718493890625
35 0.456756759375 0.48205543281249996 0.41959570468749996 0.49247855781250005 0.44422419062499996 0.5806426296875 0.4802214375 0.56794258125 0.456756759375 0.48205543281249996
33 0.41956065468750003 0.49311708281250005 0.382665246875 0.504745890625 0.40555565312499997 0.5926483265625 0.44316263906250003 0.57960611875 0.41956065468750003 0.49311708281250005
34 0.3829129265625 0.5028000203125 0.328190840625 0.51758693125 0.35185128906249996 0.6091121375 0.40555565312499997 0.5926483265625 0.3829129265625 0.5028000203125
36 0.32288345 0.52123935 0.26415151875 0.5368785796875 0.295149303125 0.63126170625 0.35075491406250003 0.6118694765625 0.32288345 0.52123935
23 0.6793042125000001 0.1791663625 0.5984868328124999 0.1982378515625 0.6255189609375 0.3016678734375 0.7085836296875 0.2808565609375 0.6793042125000001 0.1791663625
15 0.6014933874999999 0.208958128125 0.5239145640625 0.22734123906249998 0.5463154703125 0.3248138390625 0.624165903125 0.30321762343750003 0.6014933874999999 0.208958128125
8 0.5167288859375 0.1941595078125 0.42806356718750005 0.211743753125 0.4594831375 0.3476881421875 0.54940660625 0.323525725 0.5167288859375 0.1941595078125
9 0.42952575 0.21143295625 0.33093110625 0.2336520453125 0.3658616578125 0.366325853125 0.46112770156250005 0.3435521328125 0.42952575 0.21143295625
10 0.3354621 0.232057878125 0.22591311875 0.254081084375 0.2672129734375 0.39297395 0.3677280765625 0.3671912828125 0.3354621 0.232057878125
11 0.224783890625 0.25369003437500004 0.11026867031250001 0.27992421875 0.154822825 0.41433891406249995 0.2686008546875 0.3876303484375 0.224783890625 0.25369003437500004
3 0.1183642125 0.3072328828125 0.0292464890625 0.32617544062500003 0.0743011046875 0.43524078125 0.16193830468749998 0.41219539843749997 0.1183642125 0.3072328828125
13 0.642469115625 0 0.56162923125 0.012963396875 0.5876714 0.1513129359375 0.686250434375 0.1322525375 0.658877103125 0 0.642469115625 0
14 0.4914694046875 0.00010905312499999999 0.386189721875 0.018700495312500003 0.415079246875 0.182318859375 0.5234450500000001 0.1618092953125 0.4914694046875 0.00010905312499999999
14 0.38642661718750004 0.0205433640625 0.2697752296875 0.040920859375 0.3044620046875 0.20015161093749997 0.4199084609375 0.18129237812500001 0.38642661718750004 0.0205433640625
19 0.26222575 0.041894478125 0.14611691875 0.0646809484375 0.187114303125 0.22193926249999998 0.3013708703125 0.2014397265625 0.26222575 0.041894478125
19 0.1914301546875 0.21849760156250003 0.14256354375 0.0648051671875 0.01559980625 0.09179214218750001 0.057121515624999994 0.2356864453125 0.1914301546875 0.21849760156250003
18 0.560494446875 0.008156007812500001 0.4903570515625 0.0180155765625 0.509762278125 0.1647176578125 0.5886046109375 0.15174565 0.560494446875 0.008156007812500001
20 0 0.24537244062500002 0.05699317499999999 0.23508265156250002 0.015364103125 0.0918422421875 0 0.09537523125 0 0.24537244062500002
2 0 0.452241371875 0.0698917390625 0.4342847984375 0.0221420640625 0.32957875625 0 0.33428519687499997 0 0.452241371875