20 0.6859375 0.15625 0.1171875 0.1546875
8 0.496875 0.13359375 0.1328125 0.1671875
9 0.3953125 0.13125 0.1109375 0.15
10 0.303125 0.121875 0.1109375 0.1484375
2 0.18828125 0.284375 0.08125 0.0953125
14 0.4015625 0.29140625 0.103125 0.13125
14 0.496875 0.29765625 0.109375 0.1375
14 0.5890625 0.3078125 0.1078125 0.1375
13 0.68515625 0.315625 0.1078125 0.1359375
13 0.7828125 0.321875 0.11875 0.146875
13 0.8828125 0.33125 0.1203125 0.1484375
7 0.83125 0.4703125 0.1265625 0.0796875
4 0.74140625 0.45703125 0.084375 0.0890625
29 0.65078125 0.45390625 0.121875 0.0828125
28 0.55703125 0.43828125 0.0890625 0.090625
1 0.4625 0.43359375 0.1171875 0.08125
0 0.37109375 0.4203125 0.08125 0.0875
15 0.36953125 0.52890625 0.09375 0.1109375
23 0.45078125 0.53984375 0.09375 0.1046875
36 0.5529985875000001 0.5081096406250001 0.49561766250000006 0.5020786625 0.48641985468750004 0.5895899484375 0.540240396875 0.5954225296875 0.5529985875000001 0.5081096406250001
34 0.57421875 0.5546875 0.059375 0.090625
33 0.6203125 0.56015625 0.05 0.0890625
35 0.6578125 0.565625 0.0484375 0.090625
37 0.696875 0.5671875 0.05 0.0921875
40 0.763387275 0.5302097921875 0.7188746953125 0.5255313312500001 0.7094703234375 0.6150079625 0.7482437281250001 0.6187052640624999 0.763387275 0.5302097921875
40 0.8023499359375 0.536252759375 0.76355643125 0.5316884421875 0.7490312234375 0.616062821875 0.78790708125 0.6211697046875 0.8023499359375 0.536252759375
44 0.8397407953125 0.538721825 0.8020851531250001 0.5347640578124999 0.7883964046874999 0.621295503125 0.8253714656250001 0.6251073703125 0.8397407953125 0.538721825
45 0.8768841671875001 0.5426257515625 0.8400421265625001 0.5380230609375001 0.8260765062500001 0.6263510734375 0.8643088234375 0.6313911578125 0.8768841671875001 0.5426257515625
18 0.41796875 0.65 0.18125 0.0875
26 0.53671875 0.66328125 0.059375 0.0828125
30 0.5984375 0.66484375 0.084375 0.0921875
12 0.6703125 0.67734375 0.084375 0.084375
16 0.74375 0.684375 0.0859375 0.0859375
6 0.81328125 0.690625 0.084375 0.0921875
7 0.79765625 0.81796875 0.121875 0.0765625
7 0.845508746875 0.8557946718749999 0.7318202031250001 0.8442128453125 0.7253062875 0.9061886093749999 0.8375644078125 0.9174036765625001 0.845508746875 0.8557946718749999
7 0.7828125 0.93984375 0.115625 0.075
17 0.6703125 0.9296875 0.1171875 0.071875
17 0.678125 0.86875 0.1203125 0.0734375
17 0.68828125 0.80546875 0.1171875 0.0765625
31 0.578125 0.79453125 0.115625 0.0765625
31 0.571875 0.85625 0.115625 0.075
31 0.565625 0.91796875 0.1125 0.0703125
25 0.459375 0.90625 0.1125 0.0734375
25 0.465625 0.84375 0.1140625 0.0703125
25 0.47265625 0.784375 0.1140625 0.071875
25 0.35546875 0.8921875 0.1109375 0.0734375
25 0.35859375 0.83046875 0.1125 0.075
25 0.30727155 0.794262546875 0.202215125 0.782853359375 0.1992044671875 0.8462115812500001 0.30069038125 0.8568781796874999 0.30727155 0.794262546875
25 0.3064772609375 0.8577250031249999 0.197470028125 0.8466351921875 0.19561131874999999 0.90834569375 0.3000036015625 0.9193177640625001 0.3064772609375 0.8577250031249999
18 0.36640625 0.76953125 0.1109375 0.0671875
27 0.202936803125 0.7809947578124999 0.10014920624999998 0.7712932984374999 0.0989800640625 0.832097603125 0.200281665625 0.8435269890624999 0.202936803125 0.7809947578124999
27 0.20128847031250002 0.8432654968750001 0.1024898671875 0.8328813374999999 0.098725446875 0.8919911296875 0.20008622968749998 0.905950434375 0.20128847031250002 0.8432654968750001
22 0.5921875 0.15703125 0.1046875 0.1359375
21 0.7828125 0.16640625 0.11875 0.1484375
21 0.8921875 0.175 0.1328125 0.1484375
18 0.2109375 0.1078125 0.0921875 0.1421875