11 0.18515625 0.28125 0.103125 0.1234375
10 0.271875 0.271875 0.0921875 0.121875
9 0.3578125 0.26328125 0.090625 0.1203125
8 0.4390625 0.25546875 0.0875 0.125
22 0.521875 0.24609375 0.0875 0.121875
22 0.603125 0.2375 0.09375 0.1265625
21 0.67890625 0.23359375 0.0828125 0.1171875
21 0.75546875 0.22734375 0.0875 0.1203125
13 0.7484375 0.3515625 0.0859375 0.1078125
13 0.66953125 0.36015625 0.084375 0.1078125
13 0.5953125 0.36796875 0.0828125 0.109375
14 0.525 0.37578125 0.08125 0.1078125
14 0.45234375 0.384375 0.084375 0.1125
14 0.3734375 0.39140625 0.0890625 0.1125
3 0.30703125 0.41328125 0.065625 0.08125
3 0.24921875 0.4171875 0.0640625 0.08125
2 0.1921875 0.42265625 0.0609375 0.0828125
0 0.3609375 0.49375 0.0671875 0.0671875
1 0.43828125 0.48671875 0.0953125 0.065625
28 0.51484375 0.4765625 0.0640625 0.0671875
29 0.5921875 0.47109375 0.0921875 0.0625
4 0.66796875 0.459375 0.0640625 0.06875
5 0.74453125 0.453125 0.09375 0.0640625
15 0.37734375 0.58203125 0.0796875 0.0828125
23 0.4484375 0.5734375 0.075 0.0828125
24 0.38671875 0.68125 0.065625 0.071875
24 0.44375 0.6734375 0.0609375 0.0734375
24 0.5 0.6671875 0.0625 0.071875
30 0.59921875 0.65625 0.0640625 0.0734375
12 0.659375 0.653125 0.0609375 0.0671875
16 0.7171875 0.6453125 0.0640625 0.071875
26 0.54921875 0.66640625 0.046875 0.0625
27 0.25859375 0.909375 0.0953125 0.0609375
27 0.2515625 0.8578125 0.0984375 0.0609375
25 0.346875 0.8953125 0.09375 0.059375
25 0.3421875 0.8453125 0.0921875 0.059375
25 0.43046875 0.83359375 0.0921875 0.0609375
25 0.434375 0.88203125 0.090625 0.05625
25 0.52265625 0.871875 0.0875 0.0578125
25 0.51640625 0.821875 0.090625 0.059375
31 0.6078125 0.86171875 0.0890625 0.059375
31 0.6015625 0.8125 0.0875 0.0578125
31 0.59765625 0.75859375 0.0921875 0.0609375
17 0.69140625 0.85078125 0.0890625 0.0578125
17 0.68828125 0.8015625 0.0859375 0.05625
17 0.68359375 0.7484375 0.0875 0.059375
7 0.77265625 0.83828125 0.0875 0.0546875
7 0.771875 0.78984375 0.090625 0.05625
7 0.76875 0.73828125 0.090625 0.0609375
36 0.503125 0.5671875 0.05 0.0734375
34 0.54765625 0.5625 0.0484375 0.0734375
33 0.58359375 0.55859375 0.0390625 0.071875
35 0.615625 0.55546875 0.0375 0.071875
37 0.646875 0.5515625 0.0359375 0.071875
39 0.67734375 0.5484375 0.0359375 0.071875
38 0.70703125 0.54453125 0.0359375 0.071875
41 0.7375 0.540625 0.0359375 0.0734375
42 0.7703125 0.5375 0.0390625 0.0734375