19 0.7671875 0.2390625 0.115625 0.15625
19 0.66796875 0.253125 0.1140625 0.153125
20 0.5734375 0.259375 0.1046875 0.1484375
22 0.48046875 0.26796875 0.1078125 0.1546875
8 0.38515625 0.27734375 0.109375 0.1546875
9 0.29140625 0.2859375 0.1203125 0.1625
10 0.18046875 0.30625 0.1265625 0.153125
11 0.07734375 0.30078125 0.115625 0.159375
13 0.7703125 0.38671875 0.1125 0.1375
13 0.678125 0.3984375 0.0984375 0.1296875
13 0.59140625 0.4046875 0.0984375 0.1328125
14 0.503125 0.41953125 0.0953125 0.1234375
14 0.415625 0.4265625 0.103125 0.128125
14 0.32421875 0.4375 0.1109375 0.1296875
3 0.24140625 0.45703125 0.08125 0.1
3 0.1703125 0.46328125 0.084375 0.0984375
2 0.1 0.47109375 0.084375 0.103125
5 0.75703125 0.51796875 0.109375 0.0796875
4 0.665625 0.51796875 0.0734375 0.0875
29 0.5828125 0.53203125 0.1109375 0.078125
28 0.4921875 0.53984375 0.08125 0.0859375
0 0.3109375 0.55859375 0.0859375 0.0859375
18 0.403125 0.54765625 0.1140625 0.0875
24 0.3265625 0.75390625 0.075 0.08125
24 0.390625 0.746875 0.0703125 0.0734375
24 0.453125 0.740625 0.0671875 0.0734375
26 0.50390625 0.7375 0.046875 0.0640625
30 0.55625 0.7234375 0.0703125 0.0765625
12 0.62265625 0.7171875 0.0765625 0.0765625
16 0.69375 0.7109375 0.078125 0.0765625
6 0.75859375 0.70234375 0.071875 0.071875
27 0.2046875 0.91640625 0.10625 0.0625
27 0.2125 0.9640625 0.103125 0.0625
25 0.30234375 0.90625 0.1015625 0.05625
25 0.3125 0.95390625 0.1015625 0.05625
25 0.4 0.8953125 0.1015625 0.0578125
25 0.40625 0.94140625 0.096875 0.05625
25 0.4953125 0.87734375 0.0953125 0.059375
25 0.4984375 0.9296875 0.096875 0.0578125
25 0.39375 0.83671875 0.103125 0.059375
31 0.59765625 0.82421875 0.1 0.0640625
31 0.59140625 0.921875 0.0921875 0.05625
31 0.645494346875 0.890155065625 0.6450500234375001 0.8460278734375001 0.553399503125 0.855867040625 0.55351415625 0.903937984375 0.645494346875 0.890155065625
17 0.7342678140625 0.8232500093749999 0.737154021875 0.7724910953124999 0.6461363 0.7838432265625 0.6477031109375 0.83387881875 0.7342678140625 0.8232500093749999
17 0.7375498796875 0.8769852374999999 0.7381366593750001 0.8277532203125 0.6473309546875 0.8357823124999999 0.6454190828125 0.8895420859375 0.7375498796875 0.8769852374999999
17 0.7311713171875 0.9263061515625 0.733617184375 0.8787127203124999 0.644535090625 0.888988771875 0.6414152109375 0.9379490828125 0.7311713171875 0.9263061515625
7 0.8200799296874999 0.8064908234375 0.823267225 0.7581840640624999 0.7359831984375 0.76426001875 0.732988203125 0.8128284140625001 0.8200799296874999 0.8064908234375
7 0.73552485625 0.8199842734375 0.7361310171875 0.872181278125 0.8212131093749999 0.8629790234374999 0.822778621875 0.812685246875 0.73552485625 0.8199842734375
7 0.8170587015624999 0.9101599921875 0.82151419375 0.86543115625 0.73513426875 0.8755323921875 0.731310571875 0.9206885390625 0.8170587015624999 0.9101599921875
15 0.3296875 0.65625 0.0890625 0.0953125
23 0.41328125 0.64609375 0.0875 0.0953125
36 0.4796875 0.63984375 0.053125 0.0828125
34 0.52890625 0.634375 0.05625 0.0796875
33 0.590672809375 0.666464003125 0.5848316437500001 0.5918855468750001 0.5536470953125 0.5961851874999999 0.558673009375 0.6691485234375001 0.590672809375 0.666464003125
35 0.625939284375 0.663378434375 0.6225479609375 0.5884991265624999 0.5893869265625 0.5917968874999999 0.593939478125 0.6660629078125 0.625939284375 0.663378434375
37 0.6599288203125 0.65830145625 0.6568363015625 0.5845055718750001 0.6241568281250001 0.5868746640625 0.6272026453125 0.6618218703125 0.6599288203125 0.65830145625
39 0.6928037125000001 0.6559922375 0.6935709296875 0.5812246203125 0.6601761125000001 0.583073971875 0.6606103640625001 0.6584516 0.6928037125000001 0.6559922375
38 0.7263035734375001 0.653372415625 0.7271310140625 0.5790952593750001 0.694712034375 0.5806992531249999 0.694170546875 0.656322225 0.7263035734375001 0.653372415625
42 0.7945495984375001 0.6445183906249999 0.7947607859375 0.57028576875 0.7627252125 0.5733900000000001 0.76381235625 0.6473590125 0.7945495984375001 0.6445183906249999
41 0.7606934703125 0.6472752609375 0.7621296140625 0.5728922515625 0.7303477859374999 0.5756162984375 0.7298997796875 0.6496561468750001 0.7606934703125 0.6472752609375