11 0.87890625 0.13984375 0.103125 0.1296875
10 0.77890625 0.140625 0.0984375 0.128125
18 0.69296875 0.13984375 0.0796875 0.1234375
8 0.6078125 0.140625 0.0953125 0.1296875
20 0.50390625 0.13515625 0.1 0.1328125
20 0.4078125 0.13515625 0.0953125 0.1296875
19 0.3109375 0.1328125 0.0984375 0.1359375
19 0.21328125 0.13671875 0.096875 0.1265625
13 0.22109375 0.284375 0.09375 0.1234375
13 0.3125 0.284375 0.0921875 0.121875
13 0.40078125 0.28984375 0.084375 0.1234375
14 0.4890625 0.28984375 0.0953125 0.1203125
14 0.58125 0.2921875 0.0890625 0.1203125
14 0.66875 0.29375 0.090625 0.1203125
3 0.7453125 0.31328125 0.0671875 0.078125
3 0.81328125 0.3125 0.0671875 0.078125
2 0.8859375 0.31171875 0.0703125 0.0859375
0 0.68828125 0.421875 0.0765625 0.0875
1 0.59453125 0.42734375 0.109375 0.071875
28 0.490625 0.41796875 0.0796875 0.0875
29 0.396875 0.4234375 0.1078125 0.071875
4 0.30703125 0.41484375 0.0734375 0.0828125
5 0.21796875 0.42109375 0.1078125 0.0703125
15 0.67578125 0.53828125 0.0875 0.1015625
23 0.5875 0.5375 0.0875 0.096875
24 0.68046875 0.6515625 0.071875 0.084375
24 0.6109375 0.6484375 0.0671875 0.0796875
24 0.5421875 0.64609375 0.071875 0.0828125
26 0.48359375 0.64921875 0.0484375 0.0734375
12 0.365625 0.64453125 0.0734375 0.08125
16 0.28671875 0.64296875 0.0734375 0.084375
6 0.2125 0.640625 0.0765625 0.0828125
7 0.1859375 0.7484375 0.1140625 0.071875
7 0.1875 0.81640625 0.109375 0.071875
7 0.1859375 0.88125 0.1140625 0.0625
31 0.41796875 0.75390625 0.1109375 0.071875
31 0.415625 0.8203125 0.1109375 0.065625
31 0.41640625 0.8859375 0.109375 0.06875
25 0.5359375 0.7484375 0.1046875 0.0671875
25 0.53203125 0.82109375 0.1109375 0.065625
25 0.5265625 0.88828125 0.1078125 0.06875
25 0.65390625 0.759375 0.1078125 0.06875
25 0.64609375 0.825 0.1109375 0.06875
25 0.63828125 0.89140625 0.109375 0.06875
25 0.75 0.8953125 0.1109375 0.071875
25 0.759375 0.828125 0.1125 0.0671875
27 0.86875 0.83125 0.1078125 0.0671875
27 0.865625 0.89921875 0.1109375 0.06875
17 0.30390625 0.74921875 0.1125 0.06875
17 0.3046875 0.8171875 0.1125 0.0671875
17 0.30234375 0.88203125 0.1109375 0.065625
36 0.51875 0.5375 0.0515625 0.0828125
34 0.48951722656249996 0.578108446875 0.4866373359375 0.49559069375 0.4386596390625 0.4932571390625 0.43829072187499996 0.5781409078124999 0.48951722656249996 0.578108446875
33 0.43335476406250006 0.57805475 0.439794434375 0.49199325156249996 0.40244012968750004 0.490309759375 0.4000695078125 0.57562054375 0.43335476406250006 0.57805475
35 0.397585359375 0.5765037703125 0.40030691718750006 0.49130399375 0.3638657578125 0.489636440625 0.36118285 0.5758683625 0.397585359375 0.5765037703125
37 0.3599488375 0.575846821875 0.361444465625 0.4901623546875 0.326052775 0.489555203125 0.3254053609375 0.5747805703125 0.3599488375 0.575846821875
39 0.321703415625 0.574715953125 0.32379985625 0.489968559375 0.2874885046875 0.4883032703125 0.286534825 0.5741020828125001 0.321703415625 0.574715953125
38 0.2834417796875 0.5745113859375001 0.28369535625000003 0.48926853281250005 0.246609771875 0.48701093906250004 0.2488821328125 0.5743714734375 0.2834417796875 0.5745113859375001
41 0.2464141546875 0.5743283953125 0.24609117343750003 0.48675893906249995 0.20880688749999998 0.48635108593750004 0.2112456109375 0.5737145265625 0.2464141546875 0.5743283953125
42 0.2100197296875 0.5732298 0.208462734375 0.48563884062499996 0.173318465625 0.485731634375 0.17235890625 0.57396234375 0.2100197296875 0.5732298