19 0.56484375 0.2703125 0.1203125 0.178125
14 0.678125 0.28984375 0.1375 0.18125
13 0.7765625 0.30625 0.1234375 0.165625
9 0.88125 0.3171875 0.1375 0.1734375
5 0.775 0.60703125 0.121875 0.084375
29 0.66328125 0.5890625 0.1203125 0.08125
7 0.54609375 0.57109375 0.11875 0.084375
31 0.52265625 0.68125 0.1109375 0.0734375
24 0.6078125 0.6859375 0.08125 0.0890625
23 0.68203125 0.69140625 0.096875 0.103125
15 0.7671875 0.703125 0.0984375 0.1046875
25 0.7125 0.87734375 0.1125 0.071875
25 0.6109375 0.86171875 0.1078125 0.071875
27 0.5078125 0.84609375 0.1078125 0.071875
39 0.5320492812500001 0.48625932499999996 0.5403983609375 0.3937105109375 0.5015849859375 0.38804192656250003 0.49386317812499997 0.4807013484375 0.5320492812500001 0.48625932499999996
38 0.571754790625 0.49208521562499996 0.5833537468750001 0.3989341796875 0.545848709375 0.39467155468750004 0.53270849375 0.48696319375 0.571754790625 0.49208521562499996
35 0.732297209375 0.5145168640625 0.751331828125 0.4238521984375 0.7098881687499999 0.41948271875 0.6932509140625001 0.5093948421875 0.732297209375 0.5145168640625
33 0.7720027171875 0.5203427546875 0.79388525 0.43135551406249995 0.7543528734375 0.4249725203125 0.7323977 0.5139469531249999 0.7720027171875 0.5203427546875
37 0.81150724375 0.52730846875 0.8361812437499999 0.43587528437499995 0.79785689375 0.4314681921875 0.7742818234375 0.5207446234375 0.81150724375 0.52730846875
32 0.8557709671874999 0.5339380953124999 0.8830929781249999 0.4453223515625 0.843640021875 0.4383657296875 0.81616595 0.5275422921875 0.8557709671874999 0.5339380953124999
18 0.6926238828125 0.49518113281250004 0.7072586421875 0.41608090625000005 0.6688079703125 0.40812575312500005 0.6514994609375 0.48851741875 0.6926238828125 0.49518113281250004
18 0.6522591640625001 0.488651375 0.6629844734375 0.4094494390625 0.6236840546875 0.40193208281250004 0.6124531640625 0.48339539687500005 0.6522591640625001 0.488651375
18 0.6 0.43984375 0.0515625 0.0890625