19 0.125 0.08984375 0.1375 0.1375
19 0.23984375 0.11328125 0.1515625 0.134375
20 0.36640625 0.13671875 0.1453125 0.1359375
20 0.496875 0.16484375 0.1546875 0.134375
8 0.6265625 0.18515625 0.1578125 0.14375
9 0.7578125 0.209375 0.165625 0.146875
10 0.88125 0.23125 0.1578125 0.1453125
11 0.9609375 0.24921875 0.078125 0.1484375
18 0.525 0.3078125 0.421875 0.15625
3 0.79140625 0.3625 0.115625 0.0921875
3 0.8828125 0.38046875 0.1046875 0.090625
2 0.95859375 0.40078125 0.0828125 0.0828125
13 0.23984375 0.24453125 0.153125 0.1265625
13 0.11171875 0.2203125 0.146875 0.1234375
5 0.125 0.3375 0.1515625 0.0796875
4 0.24921875 0.35390625 0.1046875 0.0859375
29 0.36640625 0.38359375 0.15625 0.0828125
28 0.48125 0.40234375 0.1046875 0.084375
1 0.59921875 0.4296875 0.1515625 0.08125
0 0.71484375 0.4453125 0.10625 0.084375
15 0.665625 0.52890625 0.13125 0.096875
23 0.55859375 0.50703125 0.121875 0.0953125
36 0.4734375 0.4921875 0.0890625 0.0828125
34 0.40078125 0.47890625 0.0875 0.08125
33 0.3375 0.4671875 0.065625 0.078125
35 0.28671875 0.4578125 0.0625 0.0796875
37 0.23671875 0.44921875 0.0609375 0.0796875
41 0.1875 0.43984375 0.0609375 0.078125
40 0.13984375 0.43046875 0.0609375 0.0765625
44 0.09140625 0.42109375 0.0609375 0.078125
45 0.04296875 0.41171875 0.0640625 0.0796875
6 0.0640625 0.4984375 0.1109375 0.084375
16 0.1515625 0.5171875 0.1 0.0828125
12 0.2375 0.5375 0.103125 0.0765625
30 0.32734375 0.5515625 0.096875 0.075
26 0.403125 0.57265625 0.071875 0.065625
24 0.48125 0.57890625 0.1078125 0.08125
24 0.57265625 0.596875 0.103125 0.0796875
24 0.6578125 0.6109375 0.10625 0.08125
7 0.06015625 0.59375 0.1203125 0.071875
7 0.0515625 0.6453125 0.103125 0.071875
7 0.04609375 0.69140625 0.0921875 0.0671875
17 0.165625 0.71796875 0.153125 0.075
17 0.16328125 0.671875 0.146875 0.0703125
17 0.17890625 0.62265625 0.14375 0.0734375
31 0.3125 0.6515625 0.1546875 0.0765625
31 0.30546875 0.70078125 0.1421875 0.071875
31 0.296875 0.74453125 0.14375 0.06875
25 0.44921875 0.6765625 0.1453125 0.071875
25 0.44375 0.7234375 0.146875 0.0703125
25 0.4265625 0.76640625 0.140625 0.06875
25 0.56796875 0.7921875 0.146875 0.0703125
25 0.58125 0.74765625 0.14375 0.0703125
25 0.584375 0.7 0.14375 0.075
25 0.70703125 0.8171875 0.1484375 0.0703125
25 0.71484375 0.77109375 0.146875 0.071875
27 0.8036690796875 0.764301721875 0.7881833140625 0.8089151234375 0.917897765625 0.8348558734375 0.9316860874999999 0.789066421875 0.8036690796875 0.764301721875
27 0.772319278125 0.853386734375 0.9027868515625 0.8773435140625001 0.9162003421874999 0.8336798249999999 0.7864109 0.808164225 0.772319278125 0.853386734375