20 0.55703125 0.11328125 0.1359375 0.165625
8 0.371875 0.15703125 0.1515625 0.1796875
9 0.275 0.18984375 0.128125 0.1609375
10 0.1859375 0.21171875 0.1265625 0.159375
2 0.1328125 0.40390625 0.090625 0.103125
14 0.33671875 0.3375 0.11875 0.140625
14 0.428125 0.3109375 0.125 0.146875
14 0.51796875 0.28828125 0.1234375 0.1484375
13 0.6109375 0.2640625 0.1234375 0.146875
13 0.7046875 0.2359375 0.1359375 0.1578125
13 0.80234375 0.21015625 0.1359375 0.159375
7 0.8015625 0.35859375 0.1328125 0.0953125
4 0.7125 0.37734375 0.09375 0.096875
29 0.62578125 0.4046875 0.1296875 0.0984375
28 0.53203125 0.42265625 0.0984375 0.1
1 0.4421875 0.45078125 0.1234375 0.09375
0 0.3515625 0.46953125 0.090625 0.0953125
15 0.3875 0.571875 0.10625 0.11875
23 0.4671875 0.55390625 0.1046875 0.1140625
36 0.5525760421875 0.48949398593750004 0.49659289375000004 0.5034521515625 0.5178804046875001 0.5888316953125 0.5704500312499999 0.5759048203125 0.5525760421875 0.48949398593750004
34 0.58828125 0.5265625 0.0703125 0.0953125
33 0.63359375 0.51484375 0.059375 0.0921875
35 0.67109375 0.50703125 0.059375 0.0953125
37 0.70859375 0.4953125 0.0609375 0.0953125
40 0.7578354359375 0.43830416562499996 0.7144071656250001 0.4491320484375 0.73617275625 0.5364290640625 0.773872390625 0.5266421046875001 0.7578354359375 0.43830416562499996
40 0.7965151781250001 0.43065668281249997 0.7585001203124999 0.4396357875 0.7737086265625 0.5238896828125 0.811986640625 0.51539225625 0.7965151781250001 0.43065668281249997
44 0.8324955624999999 0.42018841875 0.795757196875 0.42934832187499994 0.8124894781249999 0.515343109375 0.84853840625 0.5062788765625 0.8324955624999999 0.42018841875
45 0.8687341375000001 0.41115312656249997 0.8325397296875 0.41942873281250004 0.8496262984375 0.5072064375 0.8872767359375 0.49886634531249996 0.8687341375000001 0.41115312656249997
18 0.47421875 0.66875 0.1859375 0.109375
26 0.590625 0.640625 0.06875 0.0875
30 0.6484375 0.621875 0.09375 0.1
12 0.72109375 0.60859375 0.09375 0.09375
16 0.7921875 0.58984375 0.0953125 0.0953125
6 0.859375 0.571875 0.0953125 0.1
7 0.88828125 0.696875 0.128125 0.090625
7 0.946360965625 0.7161666765625 0.8355674609375001 0.744167090625 0.8506433421875 0.8046331500000001 0.9599672484375 0.7767773265625 0.946360965625 0.7161666765625
7 0.91640625 0.81640625 0.121875 0.0890625
17 0.80703125 0.8453125 0.121875 0.0859375
17 0.79375 0.7859375 0.1265625 0.0890625
17 0.78203125 0.72265625 0.125 0.090625
31 0.67421875 0.75 0.121875 0.090625
31 0.6890625 0.81015625 0.121875 0.0875
31 0.70390625 0.8703125 0.11875 0.084375
25 0.60078125 0.89609375 0.11875 0.0875
25 0.58515625 0.834375 0.1203125 0.0828125
25 0.57109375 0.7765625 0.11875 0.084375
25 0.4984375 0.91796875 0.1171875 0.0859375
25 0.4796875 0.859375 0.1203125 0.0890625
25 0.419538215625 0.8424333562499999 0.31691529687500003 0.867643640625 0.335755990625 0.9282105984375001 0.4347697484375 0.903523696875 0.419538215625 0.8424333562499999
25 0.4404972671875 0.9023402203125 0.33427103593749996 0.9292018765625001 0.3536306546875 0.9878264953125001 0.45547998125 0.9624326062499999 0.4404972671875 0.9023402203125
18 0.46640625 0.79921875 0.1171875 0.08125
27 0.3169577734375 0.8656502968750001 0.21705093125000002 0.8916893359375001 0.2367485953125 0.9492265640625 0.33585004218750003 0.925319484375 0.3169577734375 0.8656502968750001
27 0.2829635390625 1 0.35701646875000004 0.9840451781249999 0.33670669375 0.9247294140625 0.24031478437499998 0.948762609375 0.2553520484375 1 0.2829635390625 1
22 0.46875 0.14609375 0.1203125 0.1453125
21 0.6515625 0.090625 0.1359375 0.159375
21 0.75703125 0.07109375 0.1484375 0.1421875
18 0.09453125 0.2296875 0.109375 0.15