11 0.66640625 0.1078125 0.14375 0.1828125
10 0.55234375 0.12578125 0.11875 0.1625
9 0.44375 0.13515625 0.115625 0.16875
8 0.33125 0.146875 0.1265625 0.1703125
20 0.21328125 0.1515625 0.1234375 0.178125
19 0.0953125 0.165625 0.1265625 0.175
13 0.14453125 0.36015625 0.1125 0.140625
13 0.2421875 0.34453125 0.109375 0.1484375
13 0.34296875 0.340625 0.1109375 0.1390625
14 0.44921875 0.3265625 0.1140625 0.1453125
14 0.55390625 0.31484375 0.1140625 0.146875
14 0.64921875 0.303125 0.109375 0.1453125
3 0.7640625 0.25625 0.0875 0.1
2 0.834375 0.24765625 0.0890625 0.1078125
5 0.2015625 0.4984375 0.1296875 0.0859375
4 0.2984375 0.4796875 0.08125 0.0984375
29 0.3921875 0.47890625 0.11875 0.08125
28 0.484375 0.46171875 0.0765625 0.090625
1 0.575 0.45859375 0.121875 0.08125
0 0.6703125 0.44140625 0.0796875 0.084375
23 0.59296875 0.5609375 0.0921875 0.1015625
15 0.67421875 0.5484375 0.0875 0.1046875
36 0.515625 0.5703125 0.059375 0.090625
24 0.67890625 0.65859375 0.0765625 0.084375
24 0.60859375 0.66484375 0.0734375 0.084375
24 0.54375 0.66953125 0.071875 0.084375
30 0.43125 0.68515625 0.071875 0.084375
26 0.48828125 0.68125 0.0515625 0.0734375
12 0.36171875 0.69765625 0.0734375 0.0796875
16 0.29453125 0.703125 0.0734375 0.084375
6 0.221875 0.7109375 0.078125 0.084375
27 0.8765625 0.83671875 0.1125 0.0640625
27 0.88046875 0.78125 0.115625 0.06875
25 0.7734375 0.79765625 0.1125 0.071875
25 0.77421875 0.85234375 0.10625 0.0609375
25 0.671875 0.86171875 0.109375 0.06875
25 0.6640625 0.80625 0.1078125 0.0671875
25 0.5671875 0.8734375 0.109375 0.0703125
25 0.559375 0.81640625 0.1109375 0.0703125
31 0.46328125 0.89375 0.1109375 0.0703125
31 0.45546875 0.83515625 0.109375 0.071875
17 0.359375 0.9015625 0.1078125 0.06875
17 0.34765625 0.8453125 0.1125 0.075
7 0.25546875 0.91875 0.1109375 0.0703125
7 0.2375 0.8625 0.11875 0.0703125
33 0.41328125 0.5828125 0.0453125 0.0890625
35 0.37578125 0.5875 0.0453125 0.0890625
37 0.35976368281250004 0.6319640921875 0.35031341718750003 0.5487418046875 0.3125096859375 0.5527151359375 0.3252141046875 0.6360185921875 0.35976368281250004 0.6319640921875
39 0.32255628125 0.637567521875 0.3112469 0.5528478609375 0.274010390625 0.556761575 0.2862888265625 0.6413793859375 0.32255628125 0.637567521875
38 0.28457095 0.641136746875 0.2738106703125 0.5563593734375 0.23606905312499998 0.5607493703124999 0.2488614578125 0.644889965625 0.28457095 0.641136746875
41 0.24564567343750002 0.6464975390625 0.234318040625 0.5617797953125 0.1987296703125 0.565097090625 0.2093782203125 0.650309403125 0.24564567343750002 0.6464975390625
42 0.2072343625 0.65138111875 0.192461059375 0.5661791421875 0.156838615625 0.569076825 0.1703209609375 0.6544144859375 0.2072343625 0.65138111875
18 0.4609375 0.57109375 0.0625 0.0796875