11 0.171875 0.28515625 0.103125 0.1296875
10 0.25234375 0.2703125 0.1 0.1328125
9 0.3375 0.253125 0.10625 0.134375
8 0.4171875 0.23984375 0.096875 0.1265625
20 0.49296875 0.221875 0.1 0.128125
20 0.5703125 0.2046875 0.1046875 0.1265625
19 0.653125 0.184375 0.0984375 0.1296875
19 0.7359375 0.1625 0.1078125 0.1375
13 0.75703125 0.3 0.0953125 0.1234375
13 0.68359375 0.31171875 0.0953125 0.1234375
13 0.6109375 0.32734375 0.09375 0.121875
14 0.53515625 0.34375 0.1015625 0.1296875
14 0.45546875 0.36171875 0.0984375 0.1234375
14 0.375 0.37890625 0.1046875 0.1265625
3 0.25625 0.4140625 0.075 0.09375
3 0.3109375 0.40390625 0.071875 0.09375
2 0.19921875 0.4296875 0.071875 0.0875
5 0.77109375 0.41953125 0.1140625 0.0890625
4 0.68515625 0.428125 0.0796875 0.0859375
29 0.60703125 0.45390625 0.1046875 0.08125
28 0.52578125 0.46328125 0.0765625 0.0859375
1 0.44921875 0.4859375 0.1046875 0.08125
0 0.371875 0.49609375 0.0734375 0.078125
15 0.39921875 0.5859375 0.0875 0.096875
23 0.46796875 0.57109375 0.0859375 0.096875
24 0.41484375 0.6828125 0.071875 0.08125
24 0.475 0.6703125 0.0734375 0.08125
24 0.5328125 0.65859375 0.0703125 0.0796875
26 0.5796875 0.65234375 0.0484375 0.06875
30 0.62734375 0.64140625 0.075 0.0796875
12 0.6875 0.62734375 0.071875 0.0828125
16 0.75078125 0.61328125 0.075 0.08125
6 0.81484375 0.6015625 0.0765625 0.084375
27 0.29609375 0.93515625 0.103125 0.075
27 0.2828125 0.8796875 0.103125 0.0765625
25 0.390625 0.915625 0.103125 0.075
25 0.38203125 0.8578125 0.103125 0.0765625
25 0.48125 0.89453125 0.103125 0.075
25 0.4734375 0.83984375 0.1015625 0.075
25 0.57109375 0.87734375 0.1 0.071875
25 0.56640625 0.82265625 0.103125 0.075
25 0.55859375 0.76640625 0.1046875 0.075
31 0.66484375 0.85859375 0.1 0.0703125
31 0.6609375 0.80625 0.1015625 0.075
31 0.64921875 0.74375 0.1 0.0734375
17 0.76015625 0.83984375 0.0984375 0.0703125
17 0.753125 0.7875 0.103125 0.0734375
17 0.7390625 0.7265625 0.1 0.075
7 0.85546875 0.82265625 0.103125 0.0734375
7 0.846875 0.76484375 0.103125 0.078125
36 0.52578125 0.56484375 0.05625 0.0828125
34 0.571875 0.55546875 0.059375 0.08125
33 0.61328125 0.54765625 0.046875 0.08125
35 0.646875 0.5390625 0.0484375 0.08125
37 0.68046875 0.53203125 0.046875 0.08125
39 0.71171875 0.52421875 0.0484375 0.084375
38 0.74765625 0.51953125 0.0484375 0.0828125
41 0.78125 0.5109375 0.046875 0.08125
42 0.81484375 0.50390625 0.0453125 0.08125