13 0.17178645625 0.262639853125 0.1478139421875 0.1565604171875 0.0585514734375 0.1709857859375 0.08240483750000001 0.28001387968749997 0.17178645625 0.262639853125
13 0.26224494374999996 0.2450565046875 0.232998984375 0.12909599375 0.1468341546875 0.1506811859375 0.17178645625 0.262639853125 0.26224494374999996 0.2450565046875
14 0.34839587031249997 0.22831046093750001 0.3188356390625 0.1107331640625 0.23859513593749998 0.1338927203125 0.2633218140625 0.2448471828125 0.34839587031249997 0.22831046093750001
14 0.43809167968749996 0.21255323593750003 0.40853152968749995 0.0949759234375 0.32300690468750004 0.108052171875 0.35070674375 0.22870019375 0.43809167968749996 0.21255323593750003
23 0.20849332656250003 0.403077096875 0.1877582734375 0.3148847953125 0.10555365000000001 0.33156074375 0.12562124375 0.420264390625 0.20849332656250003 0.403077096875
15 0.2923607140625 0.38731419375 0.274394815625 0.2985836625 0.1923515421875 0.31132016875 0.2075990140625 0.402172259375 0.2923607140625 0.38731419375
8 0.377021453125 0.371936446875 0.354191984375 0.25448900937499996 0.2699173578125 0.2713139890625 0.29274994374999996 0.3856205953125 0.377021453125 0.371936446875
9 0.46830193593749997 0.35365401093750004 0.445962709375 0.235032646875 0.356354403125 0.253838575 0.37840600156250004 0.3716673171875 0.46830193593749997 0.35365401093750004
10 0.5517652734375 0.33581244374999997 0.5294705453125 0.22850802187500002 0.44776833906249996 0.24348080468750002 0.4675086453125 0.353268884375 0.5517652734375 0.33581244374999997
11 0.6315799875 0.321376646875 0.608073078125 0.20783609374999998 0.5291200468749999 0.22295135312499997 0.5505827531249999 0.3371209140625 0.6315799875 0.321376646875
3 0.696149690625 0.306128996875 0.6807804734375 0.22336549843750003 0.6198655140625 0.2322623984375 0.6339451281249999 0.3187596640625 0.696149690625 0.306128996875
2 0.74935455 0.295247753125 0.7342883687499999 0.21404325000000002 0.6808561156249999 0.2271445703125 0.6964527406250001 0.30768804843750003 0.74935455 0.295247753125
1 0.59944545625 0.433263321875 0.5888091765625 0.37115238906250003 0.4932405328125 0.38960542343750004 0.5028287171875 0.45366169375 0.59944545625 0.433263321875
28 0.5016313671875 0.45119786250000005 0.485311321875 0.3783268015625 0.4193738984375 0.3931835734375 0.43388849687500003 0.4649050078125 0.5016313671875 0.45119786250000005
29 0.42360525156250006 0.46744319531249995 0.40841126875 0.40406094374999996 0.3078689953125 0.42496424531250004 0.3233250515625 0.48747499687499996 0.42360525156250006 0.46744319531249995
4 0.32401737812500003 0.48734042187500004 0.3061821109375 0.406674215625 0.24065728437499997 0.42118501875 0.2568657765625 0.500393371875 0.32401737812500003 0.48734042187500004
5 0.256173503125 0.5005279359375 0.2404892234375 0.438319621875 0.14092813125 0.45808801718750003 0.1547107875 0.5218682296875 0.256173503125 0.5005279359375
12 0.2456452875 0.62007966875 0.229512446875 0.5444756875000001 0.16357251718750002 0.55609706875 0.180570559375 0.6327289140625 0.2456452875 0.62007966875
40 0.279754421875 0.610752953125 0.2626114265625 0.5299521828125 0.2314349515625 0.5354946484374999 0.245832484375 0.617346709375 0.279754421875 0.610752953125
6 0.2001404796875 0.729711425 0.26708999843750003 0.7156191234375 0.2563944890625 0.6384189265625 0.1878219734375 0.6531203703124999 0.2001404796875 0.729711425
16 0.3353231015625 0.7007380140625 0.3204738421875 0.6243452015625001 0.2586776359375 0.63867366875 0.2709406984375 0.7132526859375 0.3353231015625 0.7007380140625
30 0.4007870640625 0.686395209375 0.3861398296875 0.6110417203125 0.322842890625 0.62215868125 0.3367077015625 0.700468875 0.4007870640625 0.686395209375
26 0.44548248749999997 0.6760893203125 0.4344422 0.611899671875 0.3951044578125 0.61956628125 0.40404644687499996 0.6846829750000001 0.44548248749999997 0.6760893203125
24 0.50778806875 0.6639783421875001 0.495419746875 0.5892605515625 0.4310469453125 0.60112594375 0.44637679375 0.6769941171875 0.50778806875 0.6639783421875001
24 0.5758339765625 0.6518301906249999 0.5607974671875 0.5781703484375 0.49696120625000006 0.5889872640625 0.51214379375 0.6642103078125 0.5758339765625 0.6518301906249999
24 0.6407066203125 0.6381415921875 0.626261425 0.5638275046875 0.5631278609375 0.57814703125 0.5758339765625 0.6518301906249999 0.6407066203125 0.6381415921875
7 0.2340279234375 0.8818709078125 0.3326205203125 0.8605491421875 0.32132163281250004 0.8061174140625 0.2226344421875 0.8275934515625 0.2340279234375 0.8818709078125
7 0.2450385875 0.9385158640625001 0.341857365625 0.9191568921875 0.3319282453125 0.86068370625 0.2326217046875 0.88359500625 0.2450385875 0.9385158640625001
17 0.33363067343749997 0.86574593125 0.4319350109375 0.846637503125 0.4185444734375 0.78883716875 0.3227954125 0.806776621875 0.33363067343749997 0.86574593125
17 0.3420742328125 0.923968575 0.44225341875 0.9034171015625001 0.4284735921875 0.8473103359374999 0.3313038015625 0.8644131500000001 0.3420742328125 0.923968575
31 0.43291555312499996 0.8442896609374999 0.528839971875 0.824025903125 0.5191128843749999 0.766592078125 0.4232087765625 0.7872582421875001 0.43291555312499996 0.8442896609374999
31 0.5430238546874999 0.8822113546875 0.531811146875 0.824526978125 0.4359191296875 0.8434042343750001 0.44848398593749994 0.902206003125 0.5430238546874999 0.8822113546875
25 0.5380417171875 0.823315878125 0.6364322484375 0.8009548578125001 0.626503171875 0.742481621875 0.53090804375 0.76362860625 0.5380417171875 0.823315878125
25 0.6486255375 0.8562913234374999 0.6384081 0.8000314453125 0.5421395265625 0.8214095718750001 0.5536963296875 0.87797956875 0.6486255375 0.8562913234374999
25 0.7396836671875 0.78142408125 0.72855709375 0.72048710625 0.6342791515624999 0.74084028125 0.643658128125 0.8011681890625001 0.7396836671875 0.78142408125
25 0.7463237859375 0.8340648281249999 0.7377078109374999 0.782347475 0.6424266921874999 0.8012419671875 0.6528801921875 0.8560036078125 0.7463237859375 0.8340648281249999
27 0.8379732296875 0.7585433421875 0.8301209281249999 0.6996664609375001 0.734313925 0.719374228125 0.7429430609375001 0.7797119078125 0.8379732296875 0.7585433421875
27 0.8403733640625 0.8152441375 0.8317426078124999 0.7597544515625 0.7414696375000001 0.7792949515625 0.749294909375 0.8345659140624999 0.8403733640625 0.8152441375
42 0.281766059375 0.6087328671875001 0.3157763640625 0.6025938265625 0.2964217203125 0.525661084375 0.2636011484375 0.5319203453125 0.281766059375 0.6087328671875001
41 0.316382103125 0.6024760828125 0.3503040671875 0.595882321875 0.332413090625 0.51677748125 0.298222009375 0.5240116609375 0.316382103125 0.6024760828125
38 0.3853490765625 0.5885983687499999 0.3678116515625 0.5113123953125001 0.335446421875 0.5173655046875 0.35203289843749996 0.5950743765625 0.3853490765625 0.5885983687499999
39 0.4200535625 0.5827963234375 0.4034624453125 0.5039106734375001 0.370935134375 0.5098776609375 0.3862199859375 0.5898447953125 0.4200535625 0.5827963234375
37 0.45379869843750004 0.575293109375 0.43686701406250006 0.49788939218749995 0.40415156249999995 0.5028315078125 0.421088259375 0.5816513750000001 0.45379869843750004 0.575293109375
35 0.4877206171875 0.56869935625 0.47070054062500005 0.49084091093750004 0.4392141109375 0.49719510937500005 0.455275346875 0.57642179375 0.4877206171875 0.56869935625
33 0.523800378125 0.5602704843749999 0.507916415625 0.48502259218750005 0.4755706734375 0.49012810937499995 0.490143621875 0.568228371875 0.523800378125 0.5602704843749999
34 0.5699256562499999 0.5517765296875 0.5538649171875 0.475619196875 0.509765371875 0.48407086718750003 0.5264001578124999 0.5607089234375 0.5699256562499999 0.5517765296875
36 0.6226257765625001 0.5415326640625 0.6007597828125 0.46461616875 0.557483359375 0.4747954296875 0.574860053125 0.5512892734375 0.6226257765625001 0.5415326640625