21 0.5609375 0.2421875 0.1328125 0.1859375
14 0.6703125 0.25703125 0.13125 0.1828125
13 0.78125 0.27421875 0.1453125 0.18125
9 0.9078125 0.2828125 0.15625 0.196875
7 0.52578125 0.578125 0.125 0.0875
29 0.65078125 0.60078125 0.13125 0.0890625
5 0.775 0.62421875 0.1359375 0.0875
15 0.7703125 0.73671875 0.1046875 0.1078125
23 0.68359375 0.72109375 0.1046875 0.1078125
24 0.59921875 0.7140625 0.08125 0.0828125
31 0.51015625 0.69921875 0.1125 0.0765625
27 0.503125 0.85859375 0.1078125 0.0734375
27 0.5593906421875 0.8416788109375 0.5699087031250001 0.7834758328125 0.46682738749999997 0.7613092390625 0.456388925 0.8178472156250001 0.5593906421875 0.8416788109375
25 0.6581282828125 0.9254109843749999 0.6710777125 0.8693795015625 0.5660359500000001 0.8476024437499999 0.556113184375 0.900470625 0.6581282828125 0.9254109843749999
25 0.66826773125 0.865088734375 0.67940155625 0.802759990625 0.5731330375 0.7793680734375 0.5640662234375 0.8379699703125001 0.66826773125 0.865088734375
25 0.7675174296875 0.9570010953124999 0.7843758953125 0.8985487171875001 0.6752980109375 0.8741849984375 0.65868516875 0.9273603734375 0.7675174296875 0.9570010953124999
25 0.787262296875 0.8992761984375001 0.802403065625 0.8442015515625 0.6916978078125 0.8166136828124999 0.6762846921875 0.8730762421874999 0.787262296875 0.8992761984375001
42 0.6922179328125 0.5082180328125 0.71142875625 0.4062910046875 0.6708207078124999 0.40203143125 0.64976423125 0.501182353125 0.6922179328125 0.5082180328125
33 0.7374651515624999 0.5156463359375001 0.7594576328125 0.41304102187499997 0.7141938640625 0.4075925296875 0.6936147187499999 0.5084143375 0.7374651515624999 0.5156463359375001
35 0.781389315625 0.5223540953125 0.8055559109375 0.42085546406249996 0.7630803328125 0.414463075 0.739855021875 0.5138437875 0.781389315625 0.5223540953125
18 0.809922171875 0.4214691015625 0.7888183375 0.5100329671875 0.8321914421875001 0.5155940375 0.8533184296874999 0.4260759921875 0.809922171875 0.4214691015625
18 0.88346778125 0.520662034375 0.898580878125 0.43058989375 0.85478889375 0.42574805312499997 0.8338092078124999 0.5142176203125 0.88346778125 0.520662034375
18 0.65274665 0.48502863281249997 0.6635839734375 0.3982311078125 0.6232957140625001 0.3905407640625 0.6081241687500001 0.47822275156250005 0.65274665 0.48502863281249997
18 0.608675178125 0.4793694125 0.6211627953125001 0.3895976984375 0.57859955625 0.38425912812499996 0.5663688328125 0.47128524218749995 0.608675178125 0.4793694125
38 0.5629090390625 0.48576798906249996 0.575477540625 0.38518068125 0.53360863125 0.38007448906249997 0.5218520765625 0.4789285890625 0.5629090390625 0.48576798906249996
39 0.521080028125 0.47935470625 0.5303445609375 0.3768340265625 0.48814037031249996 0.3742189625 0.480647809375 0.47313770625 0.521080028125 0.47935470625