20 0.2 0.3109375 0.11875 0.1484375
21 0.296875 0.29296875 0.115625 0.1453125
21 0.38984375 0.275 0.1140625 0.1453125
14 0.4765625 0.26015625 0.1046875 0.140625
14 0.55859375 0.2484375 0.1015625 0.1328125
13 0.6328125 0.234375 0.0953125 0.128125
13 0.7125 0.21875 0.10625 0.1328125
2 0.215625 0.45390625 0.0796875 0.0984375
3 0.275 0.4421875 0.0796875 0.096875
11 0.34765625 0.41953125 0.1015625 0.1140625
10 0.42734375 0.40078125 0.090625 0.1140625
9 0.509375 0.38671875 0.103125 0.1171875
8 0.59375 0.36484375 0.1 0.11875
15 0.66796875 0.3578125 0.0828125 0.0953125
23 0.7328125 0.34140625 0.0875 0.1
1 0.4328125 0.51953125 0.1109375 0.0828125
28 0.51015625 0.49609375 0.075 0.0828125
4 0.66953125 0.4578125 0.06875 0.084375
5 0.74140625 0.4484375 0.096875 0.078125
12 0.77421875 0.5375 0.06875 0.078125
24 0.4484375 0.715625 0.0734375 0.084375
24 0.50625 0.6984375 0.0734375 0.0859375
26 0.6015625 0.67578125 0.0546875 0.0703125
30 0.65390625 0.6609375 0.071875 0.0828125
16 0.709375 0.64375 0.0671875 0.075
6 0.76875 0.6265625 0.075 0.08125
27 0.36640625 0.91953125 0.1109375 0.0796875
27 0.38134467031249997 1 0.4343914875 0.9831605968750001 0.4205841 0.93249899375 0.3285392671875 0.9585006265624999 0.3396554484375 1 0.38134467031249997 1
25 0.5260339984375 0.95487614375 0.51332390625 0.895250296875 0.42216974687500003 0.9250058062500001 0.4349122078125 0.9854160828125 0.5260339984375 0.95487614375
25 0.6111033453125 0.920982115625 0.6019598140625 0.8676599734374999 0.5144896453125 0.8949811656250001 0.524992559375 0.9503651718749999 0.6111033453125 0.920982115625
31 0.6962119328124999 0.891830434375 0.688417746875 0.839780571875 0.6033205078125 0.8681377328125001 0.6119319734374999 0.9199989109375 0.6962119328124999 0.891830434375
31 0.6882834140625 0.8437710921875 0.679968509375 0.789465746875 0.5941776890625 0.8148154265625 0.60282768125 0.8714191171874999 0.6882834140625 0.8437710921875
31 0.655064440625 0.7730420671875 0.6496218046875 0.7220331109375 0.567971984375 0.7424672625000001 0.573751846875 0.7957740656250001 0.655064440625 0.7730420671875
17 0.7792210234375 0.871874375 0.770771784375 0.8215595468749999 0.68935663125 0.847482828125 0.697253371875 0.89634140625 0.7792210234375 0.871874375
17 0.7751277328125 0.8221377000000001 0.7674678828125 0.76609731875 0.6803483859375 0.7901699468750001 0.68814908125 0.8477616125 0.7751277328125 0.8221377000000001
7 0.85796925625 0.8426072921875001 0.8500015 0.789805603125 0.7679505359375 0.8174594765625001 0.7798760765625 0.8701393390625001 0.85796925625 0.8426072921875001
34 0.421875 0.6234375 0.0640625 0.0828125
36 0.46953125 0.61015625 0.0625 0.0828125
33 0.51015625 0.6015625 0.046875 0.0796875
35 0.54140625 0.59296875 0.0484375 0.08125
37 0.575 0.584375 0.046875 0.0796875
39 0.6046875 0.57578125 0.04375 0.0765625
38 0.634375 0.56875 0.046875 0.0796875
41 0.6885448609375 0.5929659796875 0.6773483703125 0.5195283671875 0.6492431140625 0.5268808703125 0.6597615015625 0.6004750343749999 0.6885448609375 0.5929659796875
42 0.7173282234375 0.585456925 0.7050384203125 0.512271721875 0.677537721875 0.5203485453125001 0.6878088531250001 0.592272009375 0.7173282234375 0.585456925