19 0.11796875 0.09609375 0.1359375 0.134375
19 0.2328125 0.11796875 0.15 0.1328125
20 0.36015625 0.1390625 0.14375 0.134375
20 0.49140625 0.16484375 0.153125 0.1328125
8 0.62109375 0.1828125 0.15625 0.1421875
9 0.75234375 0.2046875 0.1640625 0.1453125
10 0.8765625 0.22421875 0.15625 0.1421875
11 0.959375 0.240625 0.08125 0.146875
18 0.521875 0.30703125 0.421875 0.1484375
3 0.7890625 0.3578125 0.115625 0.090625
3 0.88046875 0.3734375 0.103125 0.0890625
2 0.95859375 0.3921875 0.0828125 0.08125
13 0.23515625 0.24921875 0.1515625 0.125
13 0.10625 0.22734375 0.1453125 0.1203125
5 0.121875 0.34453125 0.1515625 0.0765625
4 0.24609375 0.35859375 0.1046875 0.084375
29 0.36484375 0.3859375 0.15625 0.0796875
28 0.4796875 0.40234375 0.1046875 0.0828125
1 0.59765625 0.42734375 0.1515625 0.0796875
0 0.7140625 0.44140625 0.10625 0.0828125
15 0.665625 0.5265625 0.1296875 0.09375
23 0.55859375 0.50625 0.121875 0.09375
36 0.4734375 0.49296875 0.0875 0.08125
34 0.4 0.48125 0.0875 0.08125
33 0.33671875 0.4703125 0.065625 0.078125
35 0.2859375 0.46171875 0.0609375 0.0796875
37 0.2359375 0.453125 0.059375 0.078125
41 0.18671875 0.4453125 0.059375 0.078125
40 0.13828125 0.43671875 0.059375 0.0765625
44 0.08984375 0.428125 0.0609375 0.078125
45 0.04140625 0.41953125 0.0640625 0.0796875
6 0.0640625 0.50625 0.109375 0.0828125
16 0.15234375 0.5234375 0.1 0.08125
12 0.23828125 0.5421875 0.103125 0.075
30 0.328125 0.5546875 0.0953125 0.0734375
26 0.4046875 0.57421875 0.071875 0.065625
24 0.4828125 0.5796875 0.10625 0.0796875
24 0.57421875 0.5953125 0.103125 0.078125
24 0.66015625 0.60859375 0.10625 0.0796875
7 0.0609375 0.60078125 0.121875 0.0703125
7 0.05234375 0.65390625 0.1046875 0.0703125
7 0.04765625 0.7 0.0953125 0.065625
17 0.16953125 0.7234375 0.153125 0.071875
17 0.16640625 0.67734375 0.146875 0.0671875
17 0.18125 0.628125 0.14375 0.071875
31 0.31484375 0.6546875 0.1546875 0.075
31 0.30859375 0.70390625 0.1421875 0.06875
31 0.30078125 0.74765625 0.1421875 0.065625
25 0.45234375 0.67734375 0.1453125 0.0703125
25 0.44765625 0.72421875 0.146875 0.06875
25 0.43125 0.76796875 0.140625 0.0671875
25 0.5734375 0.790625 0.146875 0.06875
25 0.58515625 0.74609375 0.14375 0.0671875
25 0.58828125 0.6984375 0.14375 0.0734375
25 0.71328125 0.8140625 0.1484375 0.06875
25 0.71953125 0.7671875 0.1453125 0.0703125
27 0.80823553125 0.7589617125 0.7935307359375 0.8038385828125 0.9236781593750001 0.8275115515625 0.9366652453125001 0.7814884359375001 0.80823553125 0.7589617125
27 0.7784452515625 0.8485802859374999 0.9093110578125 0.87025644375 0.92196046875 0.8263653078125 0.7917454859374999 0.80311873125 0.7784452515625 0.8485802859374999