0 0.48984375 0.071875 0.1046875 0.14375
1 0.57890625 0.09453125 0.13125 0.1546875
28 0.67109375 0.1046875 0.1 0.165625
29 0.7609375 0.1375 0.1359375 0.1515625
4 0.8515625 0.14453125 0.1015625 0.16875
5 0.93359375 0.17734375 0.1328125 0.1546875
23 0.53359375 0.28203125 0.109375 0.1734375
24 0.415625 0.4609375 0.0859375 0.1375
24 0.47421875 0.47578125 0.084375 0.1375
24 0.53125 0.4921875 0.0796875 0.1265625
30 0.62734375 0.51171875 0.08125 0.1296875
26 0.578125 0.50546875 0.0578125 0.115625
12 0.68359375 0.528125 0.08125 0.125
16 0.7453125 0.5390625 0.090625 0.13125
6 0.80859375 0.55703125 0.0875 0.1265625
27 0.20234375 0.7203125 0.109375 0.1046875
27 0.1921875 0.8015625 0.1046875 0.0953125
25 0.278125 0.81875 0.103125 0.0984375
25 0.38046875 0.76171875 0.10625 0.10625
25 0.3609375 0.84296875 0.1015625 0.096875
25 0.446875 0.86484375 0.1015625 0.096875
25 0.46875 0.78515625 0.10625 0.1
31 0.5578125 0.8109375 0.103125 0.1015625
31 0.5328125 0.884375 0.1 0.1
31 0.5796875 0.71484375 0.109375 0.103125
17 0.61953125 0.909375 0.1078125 0.0984375
17 0.646875 0.83125 0.1046875 0.1
17 0.671875 0.7515625 0.1171875 0.115625
7 0.70859375 0.93203125 0.1046875 0.0953125
7 0.7328125 0.85390625 0.1109375 0.1
7 0.765625 0.77109375 0.1140625 0.1125
36 0.59609375 0.29921875 0.0734375 0.15
34 0.6519270703125 0.386859121875 0.68696773125 0.2462916015625 0.6403525515624999 0.235522684375 0.6042144875 0.3775780546875 0.6519270703125 0.386859121875
33 0.7201975796875 0.40567324843749997 0.7598175171875 0.261776303125 0.72662998125 0.25472207343750003 0.6864171812500001 0.3976324453125 0.7201975796875 0.40567324843749997
37 0.7541529890625001 0.4128906921875 0.79642709375 0.27472124375 0.763248484375 0.26766891249999997 0.72204969375 0.4060669265625 0.7541529890625001 0.4128906921875
38 0.8229485296875 0.4292347484375 0.8679497968750001 0.287342196875 0.8335529828125001 0.280030928125 0.790052853125 0.42310311250000004 0.8229485296875 0.4292347484375
41 0.8584060328125 0.43849258593749996 0.9003204453125001 0.295943903125 0.8675164421874999 0.287250084375 0.8246256328125 0.4304517828125 0.8584060328125 0.43849258593749996
42 0.8937711937499999 0.44514912500000003 0.935068234375 0.3024692171875 0.9009548703125001 0.296939309375 0.8596407749999999 0.4387550375 0.8937711937499999 0.44514912500000003
18 0.792833665625 0.397877509375 0.8301151515624999 0.28016075156250003 0.7989720078125 0.272680515625 0.7623151296875 0.38966948281249997 0.792833665625 0.397877509375
18 0.6914924671875 0.37375510625 0.7251523953125 0.25182633593750003 0.690278975 0.24355320468750002 0.6561273062499999 0.3670985640625 0.6914924671875 0.37375510625
18 0.45234375 0.26171875 0.1140625 0.1765625