11 0.709375 0.2046875 0.11875 0.16875
10 0.60859375 0.19609375 0.1171875 0.1625
9 0.51171875 0.18984375 0.1078125 0.159375
8 0.415625 0.175 0.1203125 0.1640625
20 0.3265625 0.17421875 0.0984375 0.1453125
20 0.234375 0.16015625 0.1078125 0.1484375
21 0.140625 0.14765625 0.1109375 0.1515625
13 0.06640625 0.29140625 0.096875 0.140625
13 0.1546875 0.3 0.109375 0.1453125
13 0.240625 0.31328125 0.103125 0.140625
14 0.321875 0.32578125 0.1046875 0.13125
14 0.409375 0.33515625 0.1015625 0.140625
14 0.49609375 0.34609375 0.103125 0.1375
3 0.56875 0.37265625 0.0765625 0.1
3 0.6359375 0.37734375 0.0796875 0.10625
2 0.7046875 0.38984375 0.0828125 0.1
0 0.5125 0.48046875 0.08125 0.0890625
1 0.41953125 0.471875 0.1140625 0.084375
28 0.33046875 0.45390625 0.0765625 0.0875
29 0.24765625 0.44921875 0.109375 0.078125
4 0.16953125 0.4296875 0.0734375 0.0859375
5 0.08671875 0.425 0.109375 0.08125
15 0.49765625 0.5828125 0.0890625 0.1
23 0.42265625 0.56953125 0.0875 0.0984375
24 0.4859375 0.68515625 0.075 0.084375
24 0.42109375 0.6734375 0.078125 0.08125
24 0.35703125 0.66484375 0.075 0.078125
26 0.30859375 0.6578125 0.04375 0.065625
30 0.2546875 0.6453125 0.075 0.075
12 0.19921875 0.63359375 0.0640625 0.0765625
16 0.13828125 0.62578125 0.075 0.0765625
6 0.0796875 0.61484375 0.0734375 0.0796875
27 0.6265625 0.8890625 0.1125 0.0734375
27 0.62109375 0.9453125 0.1109375 0.06875
25 0.52265625 0.9234375 0.1046875 0.0703125
25 0.5265625 0.86953125 0.10625 0.06875
25 0.42890625 0.8515625 0.103125 0.0671875
25 0.4265625 0.9046875 0.1 0.065625
25 0.334375 0.88359375 0.1 0.0671875
25 0.33671875 0.83125 0.1 0.065625
25 0.340625 0.775 0.1109375 0.075
31 0.24296875 0.8671875 0.1 0.0640625
31 0.24375 0.81484375 0.103125 0.06875
31 0.24765625 0.75390625 0.1 0.071875
17 0.1546875 0.84921875 0.096875 0.065625
17 0.15546875 0.79609375 0.0984375 0.0640625
17 0.1546875 0.7453125 0.1 0.0640625
7 0.06875 0.82734375 0.096875 0.0640625
7 0.0671875 0.77578125 0.1 0.065625
36 0.3772498359375 0.607116425 0.3868459265625 0.53035774375 0.3406537875 0.5225728921874999 0.3321439015625 0.599972346875 0.3772498359375 0.607116425
34 0.32848666249999997 0.599393096875 0.337533934375 0.52207875625 0.293254540625 0.514128121875 0.282916034375 0.59123795 0.32848666249999997 0.599393096875
33 0.2782790515625 0.58973650625 0.29045170468750003 0.5124058312499999 0.2567892765625 0.5066481031250001 0.24503143125000001 0.5844706000000001 0.2782790515625 0.58973650625
35 0.24343489062499998 0.5837916109375 0.250676784375 0.505253859375 0.2180003875 0.500504546875 0.21246961875 0.578461071875 0.24343489062499998 0.5837916109375
37 0.21136136562500002 0.5782855421875001 0.212367121875 0.499612325 0.1789481421875 0.4960237671875 0.1797761265625 0.57328293125 0.21136136562500002 0.5782855421875001
39 0.179222 0.573195165625 0.1791774609375 0.493929478125 0.147982871875 0.49069322968750007 0.147214315625 0.5672734046875 0.179222 0.573195165625
41 0.1139666984375 0.5620074984375 0.1178140078125 0.4867671921875 0.085300684375 0.4811914671875 0.08293558749999999 0.5570926546875 0.1139666984375 0.5620074984375
42 0.08224978125 0.557836275 0.0862871234375 0.48134770312499997 0.0561294734375 0.4752928359375 0.05183863749999999 0.5525935015625 0.08224978125 0.557836275