19 0.1953125 0.15390625 0.1125 0.13125
19 0.2890625 0.14296875 0.11875 0.1421875
20 0.38671875 0.1421875 0.1109375 0.134375
20 0.48359375 0.1390625 0.1109375 0.1359375
8 0.5859375 0.13828125 0.109375 0.1359375
10 0.7546875 0.128125 0.109375 0.134375
11 0.85546875 0.11953125 0.109375 0.1375
2 0.871875 0.290625 0.0796875 0.0890625
3 0.8015625 0.29609375 0.0734375 0.0859375
3 0.73515625 0.30078125 0.071875 0.0796875
14 0.65859375 0.284375 0.0984375 0.1265625
14 0.56953125 0.2875 0.0921875 0.128125
14 0.4796875 0.290625 0.0984375 0.1296875
13 0.39140625 0.29609375 0.0921875 0.125
13 0.303125 0.29609375 0.0953125 0.128125
13 0.21015625 0.2984375 0.0984375 0.1265625
5 0.21640625 0.43671875 0.1078125 0.0703125
4 0.3015625 0.42265625 0.078125 0.0921875
29 0.39296875 0.43046875 0.1109375 0.0734375
28 0.4859375 0.4203125 0.084375 0.0890625
1 0.590625 0.4234375 0.1109375 0.0734375
0 0.6828125 0.4140625 0.08125 0.0859375
15 0.67578125 0.52890625 0.0921875 0.1046875
23 0.58984375 0.5328125 0.090625 0.103125
24 0.68671875 0.640625 0.0765625 0.084375
24 0.61484375 0.64140625 0.0703125 0.0828125
24 0.54609375 0.64375 0.071875 0.0828125
26 0.490625 0.64921875 0.053125 0.075
18 0.43828125 0.65 0.053125 0.0734375
12 0.3734375 0.6484375 0.0765625 0.0875
16 0.29609375 0.65234375 0.0796875 0.0859375
6 0.22265625 0.653125 0.0734375 0.0859375
7 0.14867243125000001 0.798220059375 0.2570586875 0.7959337171875001 0.25477077187499997 0.7304163781249999 0.14378045625 0.7342922453125 0.14867243125000001 0.798220059375
7 0.20625 0.83125 0.109375 0.0703125
7 0.20859375 0.8953125 0.1109375 0.0671875
17 0.32109375 0.890625 0.1125 0.0671875
17 0.321875 0.8265625 0.1140625 0.06875
17 0.315625 0.7578125 0.11875 0.06875
31 0.43203125 0.7578125 0.1140625 0.06875
31 0.43125 0.82421875 0.1125 0.06875
31 0.43671875 0.88828125 0.109375 0.06875
25 0.546875 0.88671875 0.109375 0.0703125
25 0.4940286359375 0.8542867265625 0.6031258671875 0.8514917765625001 0.603035025 0.785448559375 0.49489915624999997 0.7894859171874999 0.4940286359375 0.8542867265625
25 0.54765625 0.74765625 0.1078125 0.06875
25 0.66640625 0.75078125 0.1125 0.0703125
25 0.66171875 0.81796875 0.1125 0.071875
25 0.65859375 0.88203125 0.1109375 0.06875
25 0.76953125 0.88125 0.115625 0.071875
25 0.719384946875 0.84805673125 0.8306182421875 0.84687621875 0.8311640796875001 0.7788605703125 0.7188281015625 0.7822610859375 0.719384946875 0.84805673125
27 0.8307897859375 0.9155970609375 0.940184634375 0.9117769093750001 0.939743125 0.8452401593750001 0.8284685640625 0.8491259531249999 0.8307897859375 0.9155970609375
27 0.832197846875 0.8462336484374999 0.9388100875 0.8425106671875 0.9394440812499999 0.7768409734375 0.8298899578125001 0.78014434375 0.832197846875 0.8462336484374999
45 0.17733300937500002 0.5897495046875 0.2146608828125 0.58899175 0.208946103125 0.5008999359375 0.1703861109375 0.5029503234375 0.17733300937500002 0.5897495046875
44 0.2145218796875 0.588920071875 0.25283555625 0.5874827671875 0.24615952343749997 0.5007734859374999 0.20775389375 0.50258386875 0.2145218796875 0.588920071875
40 0.250752671875 0.5876548640625 0.289617071875 0.586374221875 0.2842891078125 0.5001458140625 0.24710843593749998 0.501209578125 0.250752671875 0.5876548640625
41 0.30703125 0.54296875 0.0421875 0.0875
37 0.3453125 0.540625 0.040625 0.0890625
35 0.3828125 0.53984375 0.040625 0.0875
33 0.42109375 0.5390625 0.0390625 0.0875
34 0.44323894218750004 0.5809330953125 0.49455086406250004 0.5785142046875 0.489319415625 0.4943936796875 0.43903540156250004 0.49638425 0.44323894218750004 0.5809330953125
36 0.49576164375 0.58074125625 0.5498924015625 0.5783405640625 0.5446371296875 0.4936350140625 0.4899716953125 0.4955439734375 0.49576164375 0.58074125625