11 0.80625 0.2703125 0.0984375 0.1203125
10 0.7203125 0.2640625 0.0875 0.11875
9 0.63359375 0.25859375 0.0859375 0.11875
8 0.55234375 0.25390625 0.084375 0.1234375
22 0.46875 0.246875 0.084375 0.11875
22 0.38828125 0.24140625 0.0890625 0.1234375
21 0.3125 0.23984375 0.078125 0.115625
21 0.23515625 0.23671875 0.0828125 0.11875
13 0.246875 0.36015625 0.0828125 0.1046875
13 0.32578125 0.36640625 0.08125 0.10625
13 0.4 0.371875 0.078125 0.1078125
14 0.47109375 0.3765625 0.078125 0.10625
14 0.54375 0.3828125 0.08125 0.109375
14 0.62265625 0.3875 0.0859375 0.1109375
3 0.68984375 0.40703125 0.0640625 0.078125
3 0.74765625 0.40859375 0.0625 0.078125
2 0.8046875 0.41171875 0.0578125 0.08125
0 0.63828125 0.48828125 0.065625 0.065625
1 0.56171875 0.484375 0.09375 0.0625
28 0.484375 0.47734375 0.0625 0.0640625
29 0.40703125 0.475 0.090625 0.059375
4 0.33125 0.465625 0.0625 0.0671875
5 0.25390625 0.46171875 0.0921875 0.0609375
15 0.625 0.57734375 0.0765625 0.08125
23 0.5546875 0.571875 0.071875 0.08125
24 0.6203125 0.67734375 0.0640625 0.0703125
24 0.5625 0.67109375 0.0578125 0.071875
24 0.50546875 0.6671875 0.0609375 0.06875
30 0.40625 0.659375 0.0609375 0.071875
12 0.34609375 0.65859375 0.059375 0.065625
16 0.28828125 0.653125 0.0625 0.0703125
26 0.45703125 0.66796875 0.0453125 0.0609375
27 0.75546875 0.90078125 0.09375 0.0578125
27 0.7609375 0.8484375 0.096875 0.0578125
25 0.6671875 0.88984375 0.0921875 0.05625
25 0.66953125 0.8390625 0.090625 0.05625
25 0.58125 0.83046875 0.090625 0.0578125
25 0.57890625 0.8796875 0.0890625 0.053125
25 0.490625 0.871875 0.0859375 0.0546875
25 0.49453125 0.82265625 0.0890625 0.05625
31 0.4046875 0.865625 0.0875 0.05625
31 0.409375 0.815625 0.0875 0.0546875
31 0.4109375 0.76171875 0.090625 0.0578125
17 0.32109375 0.85703125 0.0875 0.05625
17 0.32265625 0.8078125 0.0859375 0.0546875
17 0.32578125 0.7546875 0.0859375 0.05625
7 0.2390625 0.84765625 0.0859375 0.053125
7 0.23828125 0.79921875 0.0890625 0.053125
7 0.23984375 0.74765625 0.0890625 0.0578125
36 0.49921875 0.5671875 0.046875 0.071875
34 0.4546875 0.5640625 0.046875 0.071875
33 0.41796875 0.56171875 0.0359375 0.071875
35 0.3859375 0.559375 0.0359375 0.0703125
37 0.35546875 0.55625 0.034375 0.0703125
39 0.325 0.5546875 0.034375 0.071875
38 0.29453125 0.5515625 0.0328125 0.0703125
41 0.2640625 0.54921875 0.0328125 0.071875
42 0.23125 0.546875 0.0359375 0.071875