11 0.83359375 0.22890625 0.103125 0.1328125
9 0.6671875 0.2265625 0.096875 0.134375
8 0.565625 0.22734375 0.1015625 0.134375
20 0.471875 0.2296875 0.0890625 0.1265625
20 0.3796875 0.22578125 0.0921875 0.128125
19 0.29453125 0.225 0.0765625 0.1265625
19 0.20859375 0.2234375 0.0828125 0.1265625
14 0.64609375 0.3734375 0.0921875 0.115625
14 0.56171875 0.371875 0.08125 0.1171875
14 0.47421875 0.36796875 0.08125 0.1171875
13 0.3890625 0.3671875 0.0859375 0.11875
13 0.30234375 0.3640625 0.0875 0.1203125
13 0.22734375 0.36171875 0.06875 0.115625
0 0.64609375 0.4953125 0.0671875 0.078125
1 0.5640625 0.49609375 0.0984375 0.0671875
29 0.403125 0.49140625 0.1 0.0671875
4 0.3171875 0.48046875 0.0640625 0.0796875
5 0.23828125 0.4859375 0.096875 0.0625
15 0.640625 0.59921875 0.084375 0.084375
23 0.56171875 0.590625 0.075 0.0828125
24 0.6359375 0.69375 0.065625 0.0734375
24 0.571875 0.68984375 0.0640625 0.075
24 0.5078125 0.68515625 0.065625 0.071875
30 0.40703125 0.68125 0.0625 0.0703125
26 0.45703125 0.68828125 0.0421875 0.0671875
12 0.35 0.6765625 0.0546875 0.06875
16 0.28984375 0.6765625 0.0640625 0.06875
6 0.228125 0.66953125 0.05625 0.0703125
27 0.79140625 0.86640625 0.10625 0.0625
27 0.790625 0.91953125 0.1078125 0.0609375
25 0.690625 0.9125 0.0984375 0.0625
25 0.690625 0.85390625 0.1015625 0.059375
25 0.5890625 0.9015625 0.096875 0.0546875
25 0.5921875 0.85 0.1 0.05625
25 0.59140625 0.79609375 0.1015625 0.0578125
25 0.4921875 0.78203125 0.0953125 0.059375
25 0.4953125 0.83828125 0.096875 0.0578125
25 0.49296875 0.890625 0.09375 0.0546875
31 0.40078125 0.88125 0.0921875 0.0546875
31 0.396875 0.83203125 0.09375 0.05625
31 0.3984375 0.77890625 0.0953125 0.05625
17 0.31171875 0.875 0.0890625 0.053125
17 0.3046875 0.82421875 0.090625 0.0515625
17 0.3078125 0.77109375 0.0921875 0.05625
7 0.22578125 0.86640625 0.084375 0.0484375
7 0.21875 0.81640625 0.0875 0.0515625
7 0.215625 0.765625 0.09375 0.0546875
36 0.496875 0.5890625 0.0484375 0.075
34 0.44921875 0.5859375 0.046875 0.0765625
35 0.3876262515625 0.621152015625 0.38739233125 0.5490099578125001 0.354469625 0.5475293812500001 0.355907078125 0.6200443578125 0.3876262515625 0.621152015625
37 0.35413336093750003 0.62031330625 0.351282234375 0.5470871859375 0.32054773124999997 0.5463448015625 0.32377044062500004 0.6182603421875 0.35413336093750003 0.62031330625
39 0.3219851859375 0.618859778125 0.318639621875 0.54693995 0.2866258359375 0.5451602234374999 0.29026600937499997 0.6177521203125 0.3219851859375 0.618859778125
38 0.2898716296875 0.616414790625 0.2856833109375 0.5431419734375 0.2558569953125 0.542100415625 0.2590104625 0.6159988734375 0.2898716296875 0.616414790625
41 0.25683082343749997 0.6152609796874999 0.2530868609375 0.5416727921875 0.222375646875 0.540931221875 0.2260042796875 0.6138536046875 0.25683082343749997 0.6152609796874999
42 0.225555121875 0.61350703125 0.22225300625000002 0.5402651609375 0.1933142046875 0.5389237062500001 0.19471703437500001 0.612430140625 0.225555121875 0.61350703125