13 0.23702322968749998 0.2223464671875 0.2594902140625 0.0574717671875 0.1404773734375 0.026055298437500003 0.1145244875 0.198819553125 0.23702322968749998 0.2223464671875
13 0.3356315421875 0.24511199062500003 0.35991640468749997 0.08897194375 0.2654457 0.066316453125 0.2356122015625 0.2229715578125 0.3356315421875 0.24511199062500003
13 0.4171959453125 0.2648934671875 0.44805297499999996 0.11882269062499999 0.3632205625 0.0926928921875 0.3323928625 0.24816761406249999 0.4171959453125 0.2648934671875
14 0.4754792265625 0.2771349046875 0.4969406546875 0.15453153749999998 0.4373140734375 0.1352076484375 0.4154997609375 0.2648089453125 0.4754792265625 0.2771349046875
14 0.5415260281250001 0.2939044015625 0.564674284375 0.1739702046875 0.49855080156250003 0.1508665921875 0.4741838140625 0.2783572265625 0.5415260281250001 0.2939044015625
14 0.590923221875 0.3037872515625 0.617556228125 0.191880653125 0.5659831359374999 0.17480186250000002 0.5386399749999999 0.2932381046875 0.590923221875 0.3037872515625
11 0.7696772671875001 0.2142217203125 0.7980558578125 0.079606659375 0.7340130078125 0.0614619015625 0.7078503890625 0.192341225 0.7696772671875001 0.2142217203125
10 0.710274603125 0.1906189140625 0.7326812781250001 0.0664143109375 0.6817681203125 0.04635755 0.6551435796875 0.1748482765625 0.710274603125 0.1906189140625
9 0.6574011421875 0.17384814375 0.6778100593749999 0.046144039062499996 0.6340765453125 0.0246977953125 0.6032704828125001 0.153744459375 0.6574011421875 0.17384814375
3 0.6589041625000001 0.320957190625 0.672401721875 0.23970315156250002 0.6270899484375 0.22613598281249997 0.6111359828125 0.3084077046875 0.6589041625000001 0.320957190625
3 0.6957948171874999 0.3279527375 0.711634903125 0.2563630984375 0.6728574093749999 0.247351534375 0.6587374390625 0.3216793515625 0.6957948171874999 0.3279527375
5 0.24965751875 0.3686732359375 0.2584197625 0.287620403125 0.1271688828125 0.262806809375 0.125440253125 0.35368741875 0.24965751875 0.3686732359375
4 0.323643965625 0.3773870359375 0.3417024703125 0.2726375953125 0.26153155 0.25579369218750003 0.2493240640625 0.3701175859375 0.323643965625 0.3773870359375
29 0.415447203125 0.387932209375 0.429537146875 0.3147723046875 0.3318633703125 0.2978936484375 0.322053378125 0.37549851562500003 0.415447203125 0.387932209375
28 0.4824943828125 0.4003686046875 0.5022228890625 0.31824918750000003 0.443022215625 0.299215446875 0.41816660624999996 0.389320684375 0.4824943828125 0.4003686046875
1 0.5629199140625001 0.407526346875 0.575924346875 0.34476732499999996 0.49816666875 0.332484471875 0.485880615625 0.39886839375 0.5629199140625001 0.407526346875
0 0.6017730125 0.41041098906249995 0.6109496062499999 0.3357484765625 0.5791689875 0.328365421875 0.5632533671875 0.4060819984375 0.6017730125 0.41041098906249995
23 0.5291306390625 0.513816365625 0.5495579953124999 0.43003390937499997 0.4842756625 0.4191538828125 0.46744331875 0.5103507984375 0.5291306390625 0.513816365625
24 0.5496221828125 0.5933074406250001 0.5622913765625001 0.5303775046875 0.5207164890625 0.5283164828125 0.506234909375 0.5947006484374999 0.5496221828125 0.5933074406250001
24 0.5066197703124999 0.596691178125 0.521286975 0.5296218078125 0.47489215625 0.5329503843750001 0.465359725 0.599843275 0.5066197703124999 0.596691178125
24 0.46818158906249996 0.5985930749999999 0.47357364999999996 0.5304848375 0.42913172499999996 0.5299924 0.42409961718750006 0.60299535625 0.46818158906249996 0.5985930749999999
26 0.4154199390625 0.6003575921875 0.4241245921875 0.53886615625 0.3839701984375 0.535413196875 0.3795257953125 0.6022129734375 0.4154199390625 0.6003575921875
30 0.3788629953125 0.601426053125 0.38171403593750003 0.525907303125 0.32527568906250004 0.5262997125 0.3218149953125 0.6034687671875 0.3788629953125 0.601426053125
12 0.32269177656250003 0.610643928125 0.32511333750000004 0.5286780281250001 0.2599647640625 0.523899225 0.26149625 0.6123629875 0.32269177656250003 0.610643928125
16 0.257102975 0.6094470656250001 0.2560406625 0.521442259375 0.193018465625 0.524924490625 0.189985846875 0.6148701015625 0.257102975 0.6094470656250001
6 0.1748606390625 0.6145476046875 0.1910343078125 0.5286075968749999 0.11659092499999998 0.5231269609375 0.099972546875 0.620712175 0.1748606390625 0.6145476046875
7 0.1952871203125 0.734554084375 0.20441911250000003 0.6718642546875 0.088639540625 0.6807737390625 0.080817465625 0.7512309015625 0.1952871203125 0.734554084375
7 0.177125209375 0.802249584375 0.185616621875 0.739586378125 0.0610392859375 0.756432446875 0.0557611265625 0.8268430671875 0.177125209375 0.802249584375
7 0.1736616671875 0.8648002421875001 0.1805791265625 0.8025673875000001 0.06741014375 0.8275924171875 0.05732189375 0.8968925406249999 0.1736616671875 0.8648002421875001
17 0.30172626406249997 0.7270586546875 0.3121266 0.6626787328125 0.21476799375 0.6721189921875 0.20039339687500002 0.7416973015625 0.30172626406249997 0.7270586546875
17 0.278628903125 0.7832131906249999 0.29000865 0.726467815625 0.1880901109375 0.740124640625 0.1790064484375 0.80141615 0.278628903125 0.7832131906249999
17 0.266517628125 0.8393301531249999 0.27899552656250004 0.783317834375 0.178598040625 0.8031851578125 0.17421741875000002 0.8623930171874999 0.266517628125 0.8393301531249999
31 0.3902986125 0.7164851078125001 0.40693696093750004 0.6544751765625 0.3189894109375 0.663256678125 0.3050316328125 0.7310295484375 0.3902986125 0.7164851078125001
31 0.3665468515625 0.7718163296875 0.37863080937500004 0.7176275046875 0.288033590625 0.7315040921875 0.280232265625 0.7835833562500001 0.3665468515625 0.7718163296875
31 0.35216816875 0.8194670609375001 0.362779065625 0.7725685375 0.2738688859375 0.7855430734375 0.268226678125 0.8355852671875 0.35216816875 0.8194670609375001
25 0.46092252499999997 0.6995300671875 0.47716808125 0.6429727640625 0.4037658984375 0.65083679375 0.3913683375 0.7081937968750001 0.46092252499999997 0.6995300671875
25 0.44978530625 0.7587435796875 0.4696049890625 0.7077463984375 0.38935792812500003 0.7169018359375 0.36960635625 0.7731949078125 0.44978530625 0.7587435796875
25 0.4318801703125 0.8033807515625 0.44542559531250003 0.7575972359375001 0.367765415625 0.7701959796875 0.3544911953125 0.8203778484375001 0.4318801703125 0.8033807515625
25 0.504033775 0.7871149859375 0.5145197046875001 0.7418728156250001 0.44431234999999997 0.756846171875 0.43319725 0.804990959375 0.504033775 0.7871149859375
25 0.51445418125 0.7419792468749999 0.528153996875 0.6919631515625 0.463262365625 0.7003680218749999 0.45211531093749996 0.752308765625 0.51445418125 0.7419792468749999
27 0.6404476265625 0.7156212484375 0.6513622109375 0.670518225 0.6000627203125 0.678406671875 0.5881139890625 0.7301623078125 0.6404476265625 0.7156212484375
27 0.6277291640625 0.7633958703125 0.641429528125 0.7181148687500001 0.5866495015625001 0.729190328125 0.5763361453125 0.7775202125 0.6277291640625 0.7633958703125
42 0.1489418078125 0.49545934999999997 0.15593552500000002 0.389478675 0.11370052500000001 0.38789365781249996 0.10774882187499998 0.4951858140625 0.1489418078125 0.49545934999999997
41 0.1893916484375 0.49581652031249995 0.1965016765625 0.39409269999999996 0.157677953125 0.3917818921875 0.153366071875 0.49510600625 0.1893916484375 0.49581652031249995
38 0.2043835484375 0.39523359999999996 0.1930383234375 0.49883175468749996 0.23411222031249998 0.4996211203125 0.2363352515625 0.3990747359375 0.2043835484375 0.39523359999999996
37 0.2829381546875 0.40386654687499995 0.27243749375 0.4997759171875 0.305146325 0.49917739843750003 0.317622084375 0.40751797968750003 0.2829381546875 0.40386654687499995
33 0.31820013125 0.407934778125 0.307446034375 0.4986216203125 0.34060378125 0.49921342968750004 0.3493781921875 0.41104615312500004 0.31820013125 0.407934778125
35 0.360633525 0.41230112031250005 0.3404847015625 0.49972921875000004 0.37146195 0.5003609234375 0.38800596718749997 0.41616075625000004 0.360633525 0.41230112031250005
34 0.4122976625 0.5021819875 0.4310087046875 0.4210820109375 0.392935203125 0.41675541562499996 0.37364256406249996 0.5003210140625 0.4122976625 0.5021819875
36 0.45301440312499996 0.50451884375 0.46742746718749995 0.42405976562500003 0.43180115468749997 0.42083835937499997 0.41585258906250006 0.5024593421875 0.45301440312499996 0.50451884375
8 0.6038789312499999 0.15441194062500002 0.6317360796875 0.021696265625 0.55055610625 0.0001108390625 0.524678396875 0.1268300703125 0.6038789312499999 0.15441194062500002