11 0.9551872375 0.199147240625 0.9600463109374999 0.0474074078125 0.8485546921875 0.050172478124999996 0.8446053250000001 0.20507654999999997 0.9551872375 0.199147240625
10 0.8436180015625 0.20507654999999997 0.843996928125 0.0622222234375 0.7340234875 0.0724075140625 0.7379728546875 0.2139705984375 0.8436180015625 0.20507654999999997
9 0.7350108093750001 0.2198999078125 0.73165125 0.0844444453125 0.631340309375 0.085007346875 0.6343023546875 0.22360574687499998 0.7350108093750001 0.2198999078125
8 0.636277 0.22657042968750002 0.63165125 0.0807407421875 0.52273311875 0.08574853125000001 0.5296445296875001 0.22731158593749998 0.636277 0.22657042968750002
20 0.5306318531249999 0.23101742656250002 0.525478409375 0.0807407421875 0.4348600875 0.0946425515625 0.43782205625000004 0.235464421875 0.5306318531249999 0.23101742656250002
20 0.43782205625000004 0.23027626875 0.43165125 0.0900000015625 0.338100921875 0.0909367125 0.3459996578125 0.23324095156250002 0.43782205625000004 0.23027626875
19 0.347974303125 0.2362056359375 0.3378240890625 0.09092592656250001 0.2482530953125 0.099830703125 0.2581264765625 0.2376879484375 0.347974303125 0.2362056359375
19 0.260101121875 0.2391702609375 0.2477006328125 0.1038888890625 0.1554433734375 0.109465909375 0.163342109375 0.2428761015625 0.260101121875 0.2391702609375
18 0.9640732953125 0.3608905578125 0.957577175 0.264074075 0.885086246875 0.26379757656249997 0.8860735703125 0.3608905578125 0.9640732953125 0.3608905578125
3 0.885086246875 0.363114084375 0.8835031015625001 0.26592592656249997 0.8090611671874999 0.2704681125 0.8080738437500001 0.363855240625 0.885086246875 0.363114084375
3 0.8110358890624999 0.36533758125000004 0.8106635953125 0.273333334375 0.7399475015625 0.27269158125000004 0.7409348234375 0.3675610796875 0.8110358890624999 0.36533758125000004
14 0.7399475015625 0.3764551 0.740293225 0.24462963124999998 0.6451630578125 0.24526837812500002 0.644175734375 0.3801609390625 0.7399475015625 0.3764551
14 0.641213690625 0.3764551 0.6427623609374999 0.2529629640625 0.5444546015625 0.254162384375 0.545441925 0.38164328125 0.641213690625 0.3764551
14 0.5444546015625 0.38312559375 0.543996928125 0.25481481562499997 0.45263212656249996 0.2556447546875 0.45361945 0.3846079359375 0.5444546015625 0.38312559375
13 0.4476954375 0.3823844375 0.44646606406249995 0.25481481562499997 0.3538982421875 0.254162384375 0.3558730375 0.380902096875 0.4476954375 0.3823844375
13 0.354885640625 0.3823844375 0.35387347187499996 0.25851851875 0.2630631671875 0.25860939374999997 0.2660252109375 0.383866778125 0.354885640625 0.3823844375
13 0.26898725625000003 0.3860902765625 0.257577175 0.2622222234375 0.1653167546875 0.265279903125 0.176177384375 0.38757261875000004 0.26898725625000003 0.3860902765625
0 0.7396558375 0.4852865484375 0.7393390046875 0.40216049375 0.6565548296875 0.40746391875 0.6590232 0.4883747484375 0.7396558375 0.4852865484375
1 0.65984596875 0.4859041796875 0.657034478125 0.41604938281250003 0.544656525 0.41981673906249994 0.5471248953125001 0.488992378125 0.65984596875 0.4859041796875
28 0.544656525 0.4896100328125 0.542836946875 0.40216049375 0.46649225781250003 0.406228634375 0.47307453749999995 0.4908453171875 0.544656525 0.4896100328125
18 0.46813785937499997 0.48713946406249997 0.4615612265625 0.40679012343750004 0.357062259375 0.408699203125 0.36364453750000003 0.48652183281249994 0.46813785937499997 0.48713946406249997
18 0.287125809375 0.4896100328125 0.274318428125 0.40601851875 0.1776958125 0.40190516093750006 0.18756929375 0.4896100328125 0.287125809375 0.4896100328125
4 0.3603534625 0.48775711718750003 0.35250772812500003 0.40293209843750005 0.2780752859375 0.40437571875 0.2879486421875 0.49022766406249996 0.3603534625 0.48775711718750003
15 0.745415284375 0.5946088171875 0.7413966171874999 0.5032407421875 0.6573776625 0.5062863140625 0.654909290625 0.5927559015625 0.745415284375 0.5946088171875
23 0.6565548296875 0.595226446875 0.6539480578125 0.50555555625 0.56687166875 0.5075215765625 0.5718083468749999 0.595226446875 0.6565548296875 0.595226446875
24 0.7700987375 0.7002252312499999 0.7691743953125 0.6128086421875001 0.695225609375 0.6162262140625 0.6927572390625001 0.6965194015625 0.7700987375 0.7002252312499999
24 0.695225609375 0.6989899703125 0.6940715140625 0.614351853125 0.6219980203125 0.61375564375 0.6219980203125 0.695901771875 0.695225609375 0.6989899703125
24 0.6236435609375001 0.6965194015625 0.6179398265625 0.6151234578125 0.550416034375 0.6125203609375001 0.5520615734375001 0.6946664625000001 0.6236435609375001 0.6965194015625
30 0.49693522031250004 0.695284140625 0.49551184375 0.6151234578125 0.42864424687499997 0.6156085609375 0.4294670796875 0.692813571875 0.49693522031250004 0.695284140625
12 0.4294670796875 0.692813571875 0.424524190625 0.613580246875 0.3595306296875 0.6143732984375 0.36282170625 0.690343003125 0.4294670796875 0.692813571875
26 0.5487704328125 0.6934312015625 0.5469521734375 0.6259259265625 0.49611238750000003 0.621167375 0.4977579890625 0.690343003125 0.5487704328125 0.6934312015625
16 0.361999 0.690343003125 0.359709375 0.617438271875 0.2945309203125 0.6143732984375 0.30029036875 0.6891077421875 0.361999 0.690343003125
6 0.2978219984375 0.686637171875 0.293865753125 0.6120370375 0.2262400109375 0.6112850984375 0.2295310875 0.67675494375 0.2978219984375 0.686637171875
27 0.9725030359375 0.8980480265624999 0.9718492921875 0.8342592609375 0.8556680515625 0.828872353125 0.8540224500000001 0.8918716281249999 0.9725030359375 0.8980480265624999
27 0.960161309375 0.9573414484375 0.9636188390625 0.8983024687500001 0.8499085421875 0.8918716281249999 0.8499085421875 0.9524003109375 0.960161309375 0.9573414484375
18 0.8466174656250001 0.9499297875 0.84324846875 0.8250000015625 0.51339085625 0.8103431562500001 0.519150303125 0.9283123921875 0.8466174656250001 0.9499297875
31 0.501684684375 0.7625000015625 0.3990241796875 0.75846139375 0.4064291640625 0.81837246875 0.509276946875 0.820225384375 0.501684684375 0.7625000015625
31 0.519150303125 0.8795188062499999 0.516087975 0.8188271609375001 0.40807470312499994 0.8171371859375001 0.4154798140625 0.8758130234375001 0.519150303125 0.8795188062499999
31 0.519973071875 0.9332534828125001 0.5191743953125 0.8774691359375 0.41301144375 0.8764306062499999 0.418770890625 0.9289300218750001 0.519973071875 0.9332534828125001
17 0.41218861249999994 0.8714894921875 0.40189044375 0.8095679015625 0.3076953546875 0.8103431562500001 0.31098655625 0.869018946875 0.41218861249999994 0.8714894921875
17 0.417948184375 0.9307829140624999 0.41217851093749996 0.871296296875 0.316746003125 0.8696366234375 0.31921437343750003 0.9246065140624999 0.417948184375 0.9307829140624999
18 0.40231525625 0.8121960703125 0.3916023796875 0.754012346875 0.301113075 0.7491967953125 0.306049815625 0.8084902171874999 0.40231525625 0.8121960703125
7 0.3082690453125 0.8095679015625 0.2081388375 0.8091078703125 0.2138982859375 0.8653130921875001 0.31098655625 0.8684012921875001 0.3082690453125 0.8095679015625
7 0.3183915421875 0.923988884375 0.312384271875 0.8697530875 0.2171893625 0.8665484234375 0.222126103125 0.9196654234375 0.3183915421875 0.923988884375
36 0.5693502109375 0.58851270625 0.566575484375 0.5038720546875 0.5195345234375 0.5032784015625 0.5195345234375 0.5871651484375 0.5693502109375 0.58851270625
34 0.5101099390625 0.5875224234374999 0.5093364265625 0.508501684375 0.4576014828125 0.5093628984375 0.46029425 0.5875224234374999 0.5101099390625 0.5875224234374999
33 0.4549087140625 0.5902175640625 0.4549032046875 0.5059764312499999 0.4208007125 0.5059939531250001 0.42169827968750007 0.5885330921875 0.4549087140625 0.5902175640625
35 0.4203518953125 0.5878593140625 0.42011083749999995 0.50555555625 0.384897509375 0.5076784265625001 0.3862438921875 0.5878593140625 0.4203518953125 0.5878593140625
37 0.382653559375 0.588196203125 0.38251263281250003 0.5080808078125 0.3485454875 0.5073415234375 0.34899430468750003 0.5875224234374999 0.382653559375 0.588196203125
39 0.3485454875 0.5885330921875 0.3443532625 0.5080808078125 0.31174471718749996 0.5080153421875 0.31309110156250003 0.5885330921875 0.3485454875 0.5885330921875
38 0.31174471718749996 0.588196203125 0.3101220609375 0.508501684375 0.27853428125 0.5073415234375 0.2780854640625 0.5878593140625 0.31174471718749996 0.588196203125
41 0.2763631546875 0.5888583578125 0.27532969218750003 0.508922559375 0.24270390000000003 0.5096881390625 0.2431527171875 0.5885214421875 0.2763631546875 0.5888583578125
42 0.24270390000000003 0.5898690265625001 0.241098490625 0.508501684375 0.20904464687500002 0.5076667765625 0.21039103125 0.5891952468749999 0.24270390000000003 0.5898690265625001