20 0.8484375 0.121875 0.2328125 0.190625
19 0.65390625 0.1390625 0.215625 0.18125
19 0.4734375 0.153125 0.184375 0.1703125
14 0.29921875 0.16796875 0.196875 0.1703125
14 0.11171875 0.18359375 0.2 0.1640625
11 0.1265625 0.34765625 0.1859375 0.1390625
3 0.2765625 0.3453125 0.1234375 0.1078125
3 0.39296875 0.33828125 0.1359375 0.1078125
2 0.509375 0.32890625 0.1234375 0.1109375
0 0.503125 0.45390625 0.140625 0.0984375
1 0.3390625 0.4734375 0.2015625 0.0890625
28 0.16875 0.47421875 0.140625 0.1
15 0.4875 0.559375 0.1578125 0.096875
23 0.32421875 0.57265625 0.1578125 0.0953125
24 0.478125 0.6640625 0.121875 0.0828125
24 0.36484375 0.67265625 0.1171875 0.084375
24 0.2546875 0.6796875 0.1171875 0.0828125
26 0.1609375 0.69140625 0.084375 0.06875
30 0.06875 0.69453125 0.1078125 0.0828125
27 0.7296875 0.825 0.18125 0.0796875
25 0.5640625 0.84296875 0.1734375 0.0796875
25 0.39609375 0.85625 0.1734375 0.071875
25 0.225 0.86484375 0.1734375 0.075
25 0.221875 0.8109375 0.178125 0.075
25 0.58359375 0.7796875 0.196875 0.084375
25 0.3953125 0.80078125 0.184375 0.0796875