9 0.79765625 0.19375 0.14375 0.1640625
13 0.69453125 0.21328125 0.1546875 0.18125
14 0.584375 0.23671875 0.1421875 0.1671875
19 0.4859375 0.25390625 0.1296875 0.16875
18 0.8459923453125 0.47510165468750004 0.723762940625 0.4942298046875 0.7348899890625 0.5514735015625 0.852656353125 0.5343380343749999 0.8459923453125 0.47510165468750004
29 0.72025196875 0.490612196875 0.609231746875 0.5088846031250001 0.6216444171875 0.572742253125 0.72919073125 0.5570142265625 0.72025196875 0.490612196875
7 0.60946225625 0.5081782421875001 0.5077191625 0.5246473578125 0.5172074140625 0.586595128125 0.6195429906250001 0.5713813234375 0.60946225625 0.5081782421875001
31 0.6236450625 0.6174375765625 0.52766449375 0.6317942390625 0.537239778125 0.693054771875 0.6353014140625 0.679672834375 0.6236450625 0.6174375765625
24 0.66484375 0.64296875 0.0875 0.09375
23 0.778729903125 0.5714149640625 0.6851195109375 0.5863032328125 0.7030747015625 0.6786746828125 0.7864551953125 0.6701379843749999 0.778729903125 0.5714149640625
15 0.7847556453125 0.67046834375 0.87638096875 0.6609275421875 0.8739314078125 0.559855928125 0.7820758515625 0.5727492234375 0.7847556453125 0.67046834375
25 0.77926936875 0.79979151875 0.8946725859375 0.7905308296875 0.8834178953125 0.7230786609375001 0.7680220921875 0.734366953125 0.77926936875 0.79979151875
25 0.7797316328125 0.7947144703125 0.7894222140625 0.8606685765625001 0.905276396875 0.853514728125 0.8958363374999999 0.7857465984374999 0.7797316328125 0.7947144703125
25 0.6771710078125001 0.8632945296875001 0.7834982171875 0.8579851546875 0.7732765500000001 0.7971692640625 0.6656928546875001 0.8060808828124999 0.6771710078125001 0.8632945296875001
25 0.6595069640625 0.7440804859375 0.6694043828125 0.8048246125 0.7791534812500001 0.7972269578125 0.769060415625 0.73158584375 0.6595069640625 0.7440804859375
27 0.5429679078125 0.74997000625 0.5539741796875 0.8116672749999999 0.6512351890625 0.8049283656249999 0.6417521421875 0.7451689359375 0.5429679078125 0.74997000625
27 0.5475245015625 0.8090749625000001 0.558594290625 0.8683496312500001 0.658489540625 0.85870871875 0.6493274625 0.8060872187499999 0.5475245015625 0.8090749625000001
40 0.50390625 0.42265625 0.053125 0.09375
41 0.54375 0.41640625 0.0578125 0.0953125
43 0.59078709375 0.3622937890625 0.5544140109375 0.368722575 0.5679626828125001 0.4579957046875 0.607881384375 0.4502362953125 0.59078709375 0.3622937890625
44 0.61796875 0.403125 0.0578125 0.096875
45 0.65703125 0.3953125 0.0578125 0.0984375
45 0.7097235109375 0.3381953890625 0.6682602906249999 0.34625502343750003 0.6841508468749999 0.43877507031249996 0.724435925 0.4310594046875 0.7097235109375 0.3381953890625
33 0.752311175 0.33019545156249996 0.7097235109375 0.3381953890625 0.7235720796875 0.43234038124999996 0.76502405 0.4240980109375 0.752311175 0.33019545156249996
37 0.7969913625 0.32151050312499996 0.7538898921875 0.3287755125 0.7655210390625 0.42379278749999993 0.80808464375 0.41674760468749994 0.7969913625 0.32151050312499996
18 0.8362420687500001 0.3116548046875 0.79640969375 0.318562634375 0.8079147671875001 0.417221240625 0.8503452640625 0.40897358749999996 0.8362420687500001 0.3116548046875