19 0.116755365625 0.306829778125 0.22231852187499998 0.3012974484375 0.21208862812499998 0.19586824687499998 0.109204065625 0.201260196875 0.116755365625 0.306829778125
19 0.2105892828125 0.3019121515625 0.311460740625 0.29662570312500003 0.30592254375 0.19095061875 0.212445840625 0.195849525 0.2105892828125 0.3019121515625
20 0.3116684234375 0.3005885171875 0.4101940359375 0.295425009375 0.401894625 0.181947234375 0.3038171421875 0.188411825 0.3116684234375 0.3005885171875
20 0.402810353125 0.2891891390625 0.5060968890625 0.2851006875 0.5028353125 0.177981725 0.4046432859375 0.181803184375 0.402810353125 0.2891891390625
8 0.501740040625 0.28243905625 0.6046559796875 0.2753596484375 0.5992814125 0.1728067828125 0.5041472640625 0.180321271875 0.501740040625 0.28243905625
9 0.6016263015625001 0.274675521875 0.7104694390625 0.2664425765625 0.7032055734375 0.1564025703125 0.5916273140625 0.16393595156250002 0.6016263015625001 0.274675521875
10 0.7074397593749999 0.2657584484375 0.8074141296875 0.259676109375 0.8038407515625 0.1629291890625 0.6996639234375001 0.168388865625 0.7074397593749999 0.2657584484375
11 0.80592131875 0.25975434375 0.9148085078125 0.25236199375 0.910662428125 0.1446873125 0.8004943625 0.14961807031250002 0.80592131875 0.25975434375
13 0.113717025 0.4190955109375 0.2092129578125 0.413247875 0.203926496875 0.3123762046875 0.0996059953125 0.3178434109375 0.113717025 0.4190955109375
13 0.20938917343750002 0.41661026406249996 0.30339229375 0.4108408640625 0.2965249125 0.308366234375 0.20114129531249997 0.31252217187500003 0.20938917343750002 0.41661026406249996
13 0.3018113734375 0.409237903125 0.40182979531249996 0.403996159375 0.39500647187500004 0.302362128125 0.298285203125 0.30911688593750003 0.3018113734375 0.409237903125
14 0.398756065625 0.4024714359375 0.4988625953125 0.3989108859375 0.49054645781249995 0.29735508906249997 0.392354671875 0.3041869140625 0.398756065625 0.4024714359375
14 0.495744809375 0.396545565625 0.5958513421875 0.3929850171875 0.5936826671875 0.29447866875 0.49099174687499997 0.30070337812500003 0.495744809375 0.396545565625
14 0.5884313328124999 0.3942167875 0.691391328125 0.387977978125 0.69031898125 0.28182801875 0.589188284375 0.288813865625 0.5884313328124999 0.3942167875
3 0.6880973265625 0.3822502671875 0.761245128125 0.378416753125 0.75903741875 0.30772835 0.6905960859375 0.30962939375 0.6880973265625 0.3822502671875
3 0.7597082625 0.3776543921875 0.8179279421875 0.374603228125 0.81585239375 0.3064366140625 0.7594579453125 0.309392121875 0.7597082625 0.3776543921875
2 0.813361396875 0.3731567359375 0.8893626640625 0.3666449625 0.8830730015625001 0.3037566375 0.8147050921875 0.3064967421875 0.813361396875 0.3731567359375
0 0.6153610625 0.47962478124999997 0.70334888125 0.47332772343749996 0.705707715625 0.40408580625 0.617929528125 0.4086860671875 0.6153610625 0.47962478124999997
1 0.5062976578125 0.4836547390625 0.6212442031250001 0.47763064687499995 0.6228150875 0.42191652187499995 0.505109709375 0.4272422953125 0.5062976578125 0.4836547390625
28 0.427134553125 0.4869605953125 0.510732040625 0.4825794375 0.5058030296875 0.4170910859375 0.42693641875 0.42122431093749996 0.427134553125 0.4869605953125
29 0.30876184218749997 0.4847351875 0.42375244375000004 0.47955169218749993 0.4223817546875 0.4248346359375 0.30739115625 0.43001813125000005 0.30876184218749997 0.4847351875
4 0.2343414984375 0.49284992031249997 0.314909309375 0.4877846359375 0.3127897046875 0.41877742656250005 0.233833390625 0.42207244531250004 0.2343414984375 0.49284992031249997
5 0.12514593125 0.4943580890625 0.241585290625 0.48825576093749995 0.2386777375 0.4327763421875 0.12083735625 0.43726628281249996 0.12514593125 0.4943580890625
15 0.62586985625 0.5658933578124999 0.7214538984375001 0.5617269171875 0.7218793812500001 0.48415726406250004 0.628175415625 0.48991098749999995 0.62586985625 0.5658933578124999
23 0.5453020484375 0.5709586437499999 0.6288995359375 0.566577484375 0.6233537703125 0.489320771875 0.5415277234375 0.49360909375000006 0.5453020484375 0.5709586437499999
36 0.4910918046875 0.5700066046875001 0.5434335359375 0.567263490625 0.5420637203124999 0.5018520203125 0.4837757640625 0.505486259375 0.4910918046875 0.5700066046875001
34 0.43700344375 0.571914059375 0.48958274218750003 0.5697766265624999 0.48512817343750003 0.5057244484375001 0.43276267187500006 0.5084688078124999 0.43700344375 0.571914059375
33 0.3955006578125 0.575943521875 0.4327214453125 0.5739928625 0.43258118124999995 0.50847831875 0.394438075 0.510477315625 0.3955006578125 0.575943521875
18 0.349069753125 0.5697230265625 0.39723783125 0.5671986453125 0.3915916140625 0.501354525 0.3490912578125 0.5042000062499999 0.349069753125 0.5697230265625
39 0.274595875 0.57300790625 0.309627203125 0.5711719921875 0.30723286875 0.5045393171875 0.269027871875 0.5059234265625 0.274595875 0.57300790625
37 0.309562590625 0.5699391171875 0.348972834375 0.5678737140625 0.3455483828125 0.5025312859375 0.307384775 0.50453135625 0.309562590625 0.5699391171875
18 0.2340585953125 0.57451424375 0.273404228125 0.5712159640625 0.27107450625 0.5058161671875 0.2317982609375 0.507874546875 0.2340585953125 0.57451424375
41 0.1957430796875 0.5765222750000001 0.23737508749999997 0.574958565625 0.23385371875 0.507766825 0.1901886984375 0.5100552125 0.1957430796875 0.5765222750000001
42 0.1585869046875 0.5797058093749999 0.1968701140625 0.577081340625 0.19341335625 0.5111224765625 0.15640558437500002 0.514916365625 0.1585869046875 0.5797058093749999
24 0.6495894265625 0.6485475125 0.7240956140625 0.645879071875 0.7271426171875001 0.5783430968750001 0.64855370625 0.5824617671875 0.6495894265625 0.6485475125
24 0.5816839218750001 0.651488159375 0.6496863453125 0.650396828125 0.6526364328125001 0.5810115390624999 0.5773148390625 0.5849589765625 0.5816839218750001 0.651488159375
24 0.510461925 0.6539844828125 0.582843265625 0.6526636625 0.5793865078125 0.5867047984375 0.5073324921875 0.5904809890625 0.510461925 0.6539844828125
26 0.467670575 0.6543726890625 0.5136815 0.6525794890625 0.510677028125 0.5952507578125 0.4648863890625 0.59765054375 0.467670575 0.6543726890625
30 0.40517410312499996 0.6557935984375 0.47085784531249997 0.6523512593749999 0.4657285265625 0.5963701453125 0.39693248593749997 0.59997559375 0.40517410312499996 0.6557935984375
12 0.318238225 0.651695878125 0.3893309984375 0.6467338015624999 0.3842339875 0.5913691296875 0.30991149687499997 0.594646075 0.318238225 0.651695878125
16 0.24489138124999998 0.6555398234375 0.3138916140625 0.65254180625 0.3129473765625 0.5926325765625 0.2386403234375 0.59652684375 0.24489138124999998 0.6555398234375
6 0.1705144203125 0.6606740171875 0.24279884218749997 0.6575038828124999 0.24059834218749998 0.5945698359375 0.16186190312499998 0.5980781078125 0.1705144203125 0.6606740171875
7 0.1548798734375 0.73937790625 0.2621956203125 0.73437185625 0.2573570609375 0.6839386859375 0.150121465625 0.688322403125 0.1548798734375 0.73937790625
7 0.16409735 0.7895815859375 0.271283875 0.782109784375 0.26448199687499996 0.736106425 0.160629325 0.74216724375 0.16409735 0.7895815859375
7 0.16867746249999999 0.8350832531249999 0.2770556359375 0.82940339375 0.27350563906250003 0.782611478125 0.1685272296875 0.7881131640625 0.16867746249999999 0.8350832531249999
17 0.2664130078125 0.7310601765625 0.3757889890625 0.7234736328125 0.370114146875 0.6780293375 0.26515987343749997 0.6835297578125 0.2664130078125 0.7310601765625
17 0.271283875 0.782109784375 0.374156096875 0.77610035 0.3728278640625 0.729810128125 0.26784128281249997 0.7346941109375 0.271283875 0.782109784375
17 0.2792127875 0.8286722109375001 0.38527227656249996 0.82064134375 0.38294623437499997 0.7762578078125 0.2768987890625 0.7818155203125 0.2792127875 0.8286722109375001
31 0.37631324843749997 0.7753691671875 0.4826311875 0.7722698046875001 0.4801759203125 0.7254205171875 0.375182465625 0.7296867296875 0.37631324843749997 0.7753691671875
31 0.38308281875 0.8207560890625001 0.487082075 0.81530571875 0.48594768125 0.772714125 0.3820176875 0.776306471875 0.38308281875 0.8207560890625001
31 0.486945490625 0.7708074390624999 0.5931342046875 0.7652423234375 0.592900703125 0.7188947296875 0.48468131875 0.7239481375000001 0.486945490625 0.7708074390624999
25 0.4871789921875 0.8171550328125001 0.5944624375 0.8115325453125 0.5920394765625 0.7652996953125 0.4860415953125 0.7708548093750001 0.4871789921875 0.8171550328125001
25 0.5931018984375 0.7646258875 0.702704025 0.76135440625 0.699089415625 0.713329615625 0.5919578859375 0.7177078796874999 0.5931018984375 0.7646258875
25 0.598841353125 0.8113030562500001 0.7039353375 0.8057953140624999 0.7037987546875 0.7612970328124999 0.5965708249999999 0.76382595625 0.598841353125 0.8113030562500001
27 0.82235255 0.7612652046874999 0.93514194375 0.75597229375 0.9335875687499999 0.70536700625 0.82763886875 0.7103014109375 0.82235255 0.7612652046874999
27 0.822359909375 0.80329773125 0.931897421875 0.7987933765624999 0.933982603125 0.7547967890625 0.822590746875 0.7606345890624999 0.822359909375 0.80329773125