19 0.20390625 0.35703125 0.0859375 0.1140625
21 0.27734375 0.34921875 0.0859375 0.1125
20 0.35234375 0.340625 0.0859375 0.1234375
20 0.42734375 0.33515625 0.090625 0.11875
8 0.50546875 0.3359375 0.084375 0.10625
9 0.58515625 0.3203125 0.084375 0.1171875
10 0.66015625 0.31015625 0.08125 0.11875
11 0.73828125 0.30078125 0.090625 0.121875
13 0.21796875 0.47734375 0.096875 0.1140625
13 0.3 0.465625 0.0921875 0.1140625
13 0.37890625 0.4578125 0.0796875 0.1046875
14 0.446875 0.4515625 0.0796875 0.103125
14 0.5171875 0.44609375 0.0828125 0.1046875
14 0.58828125 0.43671875 0.0796875 0.103125
3 0.65 0.44375 0.059375 0.078125
3 0.70078125 0.43828125 0.0578125 0.078125
2 0.75390625 0.43125 0.0578125 0.0828125
5 0.2453125 0.57890625 0.09375 0.0671875
4 0.31796875 0.565625 0.065625 0.071875
29 0.3875 0.56171875 0.090625 0.0640625
28 0.4578125 0.55078125 0.0640625 0.0703125
5 0.5359375 0.54609375 0.0890625 0.065625
0 0.609375 0.53359375 0.0671875 0.0734375
15 0.61640625 0.61875 0.075 0.0828125
23 0.5484375 0.625 0.075 0.08125
24 0.61953125 0.70234375 0.0625 0.06875
24 0.565625 0.70703125 0.05625 0.0671875
24 0.5140625 0.7125 0.0578125 0.065625
26 0.46640625 0.721875 0.0421875 0.05625
30 0.41796875 0.721875 0.0640625 0.071875
12 0.36015625 0.728125 0.0625 0.06875
16 0.303125 0.73671875 0.0625 0.0734375
6 0.2484375 0.746875 0.0625 0.065625
7 0.2578125 0.83125 0.090625 0.059375
7 0.26640625 0.878125 0.090625 0.05625
7 0.271875 0.92265625 0.0875 0.0546875
17 0.3484375 0.8703125 0.0859375 0.05625
17 0.353125 0.91484375 0.0859375 0.0515625
17 0.34140625 0.82421875 0.0875 0.05625
31 0.42578125 0.8140625 0.0875 0.05625
31 0.43125 0.86171875 0.0875 0.0546875
31 0.434375 0.9046875 0.0859375 0.053125
25 0.51328125 0.85078125 0.0875 0.0578125
25 0.515625 0.8953125 0.084375 0.05625
25 0.50703125 0.79765625 0.0859375 0.05625
25 0.59765625 0.84140625 0.0859375 0.0578125
25 0.5984375 0.88671875 0.0859375 0.0546875
25 0.58984375 0.7875 0.0859375 0.05625
25 0.68203125 0.83203125 0.084375 0.0546875
25 0.68125 0.87734375 0.0859375 0.05625
27 0.765625 0.86640625 0.0859375 0.0578125
27 0.76328125 0.82109375 0.0859375 0.05625
36 0.49296875 0.63203125 0.046875 0.0703125
18 0.45234375 0.63125 0.0453125 0.0609375
33 0.41640625 0.640625 0.0375 0.06875
35 0.3859375 0.64296875 0.0375 0.06875
37 0.35625 0.6484375 0.0375 0.06875
39 0.32578125 0.6515625 0.0390625 0.06875
38 0.296875 0.65390625 0.0375 0.071875
18 0.26640625 0.65234375 0.0328125 0.0609375
42 0.23359375 0.66171875 0.0390625 0.0703125