11 0.24296875 0.19453125 0.109375 0.121875
9 0.40625 0.2125 0.1015625 0.13125
8 0.49296875 0.22734375 0.1046875 0.1359375
20 0.58046875 0.23828125 0.096875 0.128125
20 0.65859375 0.2515625 0.0921875 0.128125
19 0.75234375 0.26796875 0.09375 0.1203125
19 0.83203125 0.2765625 0.0859375 0.1234375
3 0.2796875 0.3484375 0.0734375 0.0890625
3 0.340625 0.35625 0.0703125 0.0890625
14 0.40859375 0.3546875 0.09375 0.1125
14 0.4875 0.36484375 0.0890625 0.115625
14 0.56484375 0.37421875 0.0921875 0.1109375
13 0.64140625 0.38046875 0.090625 0.1234375
13 0.71640625 0.38828125 0.0890625 0.1171875
13 0.78984375 0.3984375 0.09375 0.1203125
0 0.3859375 0.46640625 0.0671875 0.0796875
1 0.46015625 0.47890625 0.1015625 0.071875
28 0.53515625 0.47890625 0.065625 0.08125
29 0.60625 0.49609375 0.0984375 0.0703125
4 0.70625 0.4984375 0.0703125 0.084375
5 0.78203125 0.51328125 0.0953125 0.0734375
15 0.37578125 0.559375 0.0859375 0.09375
23 0.453125 0.5703125 0.084375 0.0875
24 0.38125 0.65546875 0.071875 0.0765625
24 0.4390625 0.66328125 0.0671875 0.075
24 0.49921875 0.66796875 0.0703125 0.075
30 0.58828125 0.67578125 0.065625 0.0734375
12 0.646875 0.68125 0.0640625 0.0703125
16 0.70234375 0.68359375 0.0625 0.0703125
6 0.759375 0.690625 0.0640625 0.071875
27 0.1875 0.85234375 0.10625 0.075
25 0.28671875 0.8578125 0.1015625 0.06875
31 0.57890625 0.77421875 0.0953125 0.06875
31 0.5625 0.8734375 0.09375 0.0625
33 0.60234375 0.58828125 0.0390625 0.0734375
37 0.6640625 0.5921875 0.040625 0.0796875
25 0.33202069375 0.88481628125 0.42362107968749996 0.8892697796875 0.42974841875 0.8368037421875 0.342107403125 0.83265183125 0.33202069375 0.88481628125
25 0.34146126875 0.8309447359375 0.34819967812499997 0.7785645796875 0.2548084484375 0.7718783140625 0.24986088125 0.82649121875 0.34146126875 0.8309447359375
25 0.4304239609375 0.8364308906250001 0.4380957875 0.78184300625 0.3498392421875 0.7776369375 0.34146126875 0.8309447359375 0.4304239609375 0.8364308906250001
25 0.5216375328125 0.8436367296875 0.53020925 0.7915142281249999 0.441088796875 0.7881236640625 0.43425021875 0.8402431515625001 0.5216375328125 0.8436367296875
25 0.5162502484375 0.8952712249999999 0.5238885015625 0.8453564453125001 0.43384019687500003 0.839700125 0.4285097453125 0.8899568359375 0.5162502484375 0.8952712249999999
31 0.60696464375 0.8528219874999999 0.6182048578125 0.8038812046875 0.5309712359375001 0.7972494718750001 0.5207041625 0.845844465625 0.60696464375 0.8528219874999999
17 0.7054632734374999 0.8081922734375 0.7129416921875 0.7549805578125001 0.627782184375 0.7459879671875 0.620971490625 0.8019311171875 0.7054632734374999 0.8081922734375
17 0.6931297625 0.8560438328125001 0.70179675 0.8076769765625 0.6191251703125 0.8020416156250001 0.6091202515624999 0.8507860265625 0.6931297625 0.8560438328125001
17 0.6883226984374999 0.903549840625 0.696249634375 0.856014528125 0.6130433671875 0.8508601046875001 0.6049242140625 0.8983778906250001 0.6883226984374999 0.903549840625
7 0.7693413687499999 0.9079195375 0.7788436859375001 0.8624767656250001 0.696612725 0.8550079296875 0.6910248578125 0.9020585046875 0.7693413687499999 0.9079195375
7 0.7769150640625 0.8584634421875 0.7865463171875 0.8121032390625 0.7024529078125 0.8079086562500001 0.6938698171875 0.855212290625 0.7769150640625 0.8584634421875
7 0.780727053125 0.8047364359375001 0.7923204171875 0.7577164140625 0.7123159546875 0.754362065625 0.7039214640625 0.8014266250000001 0.780727053125 0.8047364359375001