13 0.79765625 0.296875 0.1234375 0.153125
13 0.70625 0.271875 0.1265625 0.15625
14 0.60859375 0.25 0.1296875 0.1625
14 0.51015625 0.228125 0.134375 0.1625
21 0.4140625 0.2078125 0.121875 0.15
21 0.33203125 0.18828125 0.1171875 0.153125
22 0.23671875 0.17109375 0.13125 0.1515625
9 0.51796875 0.38828125 0.1078125 0.1328125
23 0.75859375 0.45625 0.1078125 0.1015625
15 0.67421875 0.4328125 0.1015625 0.1109375
2 0.2109375 0.3390625 0.0859375 0.0984375
1 0.371875 0.4890625 0.1171875 0.0859375
28 0.47421875 0.50703125 0.0828125 0.0875
29 0.55859375 0.5296875 0.1125 0.0828125
4 0.64140625 0.54140625 0.0828125 0.0890625
5 0.721875 0.56484375 0.1140625 0.0859375
24 0.32421875 0.65234375 0.0734375 0.0765625
24 0.3828125 0.665625 0.0734375 0.0765625
24 0.44453125 0.67890625 0.0703125 0.0734375
26 0.49296875 0.68984375 0.053125 0.065625
16 0.615625 0.71328125 0.075 0.078125
6 0.68046875 0.7328125 0.075 0.0796875
27 0.1609375 0.83046875 0.1 0.0625
25 0.29040165 0.8790470156250001 0.29588370625 0.8360990749999999 0.21038023906249997 0.8193066874999999 0.2061195875 0.8600643765625 0.29040165 0.8790470156250001
25 0.3009262625 0.8334599109375 0.30721798906250003 0.789748065625 0.217372396875 0.7756613890625 0.21560215624999998 0.8189908609375 0.3009262625 0.8334599109375
25 0.3890806234375 0.857615278125 0.3995010296875 0.8124795421875 0.3107537296875 0.79615350625 0.30315525 0.8430074375000001 0.3890806234375 0.857615278125
31 0.48000061875 0.8752779078125 0.49653793437499993 0.83107894375 0.40881032812500007 0.8104766921875 0.39407525312499997 0.8606700281249999 0.48000061875 0.8752779078125
31 0.46923524062500005 0.9136781875000001 0.479896415625 0.8757292578125 0.39522918281249997 0.8590127984375 0.3855305140625 0.8976813546875 0.46923524062500005 0.9136781875000001
7 0.6426419109375 0.9608434953125 0.6613758609375 0.918102515625 0.5763189828125 0.89785104375 0.5593779671875 0.940194275 0.6426419109375 0.9608434953125
7 0.66422173125 0.9140053890625 0.6816489578125 0.8714381171875001 0.5961458687500001 0.8531325828125 0.5777190203125 0.8964117375 0.66422173125 0.9140053890625
7 0.67978885 0.8657791234375001 0.695356059375 0.817552878125 0.6077903921875001 0.795834409375 0.5926046359375 0.8456510609375 0.67978885 0.8657791234375001
17 0.5842994421875 0.8541927843750001 0.5973573109375 0.8058626375 0.510846909375 0.783549984375 0.49541569843750005 0.8331969296875 0.5842994421875 0.8541927843750001
17 0.56621463125 0.8913786671875 0.58009056875 0.8532210906250001 0.49638375312500005 0.8324763890625 0.48323938593750004 0.872222321875 0.56621463125 0.8913786671875
17 0.5546157140625 0.9333898234375001 0.5701911828124999 0.8961000390624999 0.48570899218749997 0.8787138562499999 0.47190506093750006 0.9185733046875001 0.5546157140625 0.9333898234375001
40 0.6657553765625 0.6722147609375 0.6884435046874999 0.6085926625 0.657982340625 0.59809135625 0.634362746875 0.6649672015625 0.6657553765625 0.6722147609375
42 0.631149290625 0.66502601875 0.646924215625 0.5990071796875001 0.6180712140625 0.591878034375 0.602706859375 0.6588599234375 0.631149290625 0.66502601875
41 0.6005060609374999 0.659152515625 0.616301203125 0.590736240625 0.584844784375 0.5827066656250001 0.570038328125 0.65251884375 0.6005060609374999 0.659152515625
38 0.567594415625 0.6515542640625 0.5840038109375 0.5804773671875 0.5522514765625 0.5736814625 0.537038934375 0.6453006765625 0.567594415625 0.6515542640625
39 0.5349258015625 0.64521318125 0.55072094375 0.5767969046875 0.51938965 0.5715963421875 0.5049644375 0.638696396875 0.5349258015625 0.64521318125
37 0.5041474296875 0.635304984375 0.5187342 0.5698125265625 0.486504421875 0.56157099375 0.4726670109375 0.6284375 0.5041474296875 0.635304984375
35 0.4696965921875 0.629753471875 0.48430358125 0.5618635921874999 0.45365490625 0.5559201328125 0.44006604843749997 0.6241137671875 0.4696965921875 0.629753471875
33 0.43696045000000006 0.6213950359375 0.45104093125 0.5557857078125 0.4219989578125 0.54861178125 0.40682357812500003 0.615638453125 0.43696045000000006 0.6213950359375
34 0.40369780000000005 0.6153171515625 0.41927005 0.5432462671875 0.3761347828125 0.5335218671875 0.3606594953125 0.6053809765625 0.40369780000000005 0.6153171515625
36 0.3583033328125 0.6040363125 0.36663866093749997 0.5379012953125 0.3227939 0.52770908125 0.314144446875 0.596643878125 0.3583033328125 0.6040363125