19 0.14453125 0.2921875 0.125 0.1625
19 0.23984375 0.2796875 0.115625 0.153125
20 0.3328125 0.265625 0.1171875 0.146875
20 0.4203125 0.2546875 0.1109375 0.1375
8 0.50703125 0.2359375 0.1171875 0.146875
9 0.59375 0.21796875 0.1140625 0.1421875
10 0.6796875 0.19921875 0.1171875 0.146875
13 0.17421875 0.4578125 0.1140625 0.140625
13 0.26328125 0.4390625 0.109375 0.1421875
13 0.35 0.4234375 0.1140625 0.140625
3 0.6859375 0.375 0.0734375 0.090625
3 0.74296875 0.359375 0.075 0.09375
2 0.8046875 0.35078125 0.0765625 0.0921875
18 0.51640625 0.38515625 0.2671875 0.1734375
5 0.22265625 0.58515625 0.11875 0.084375
4 0.31015625 0.55859375 0.0828125 0.0921875
29 0.39921875 0.55 0.1125 0.08125
28 0.48046875 0.5265625 0.08125 0.0875
1 0.56796875 0.51328125 0.1125 0.0828125
0 0.646875 0.49296875 0.0765625 0.0828125
15 0.6546875 0.5859375 0.0828125 0.0953125
23 0.58359375 0.60234375 0.0875 0.0953125
24 0.66484375 0.68671875 0.075 0.0828125
24 0.60546875 0.696875 0.075 0.08125
24 0.54453125 0.71015625 0.0734375 0.0828125
26 0.49609375 0.7296875 0.05625 0.06875
30 0.44453125 0.73515625 0.08125 0.084375
12 0.38125 0.7546875 0.0796875 0.0796875
16 0.3171875 0.76953125 0.0765625 0.084375
6 0.25234375 0.78359375 0.08125 0.0875
27 0.86640625 0.8640625 0.1 0.071875
27 0.85859375 0.81015625 0.1046875 0.0734375
25 0.76640625 0.83125 0.1046875 0.071875
25 0.775 0.88359375 0.103125 0.071875
25 0.684375 0.90625 0.1 0.071875
25 0.6734375 0.85234375 0.103125 0.0765625
25 0.59140625 0.93046875 0.103125 0.0734375
25 0.58125 0.87734375 0.1046875 0.0734375
31 0.4875 0.9078125 0.1078125 0.0765625
31 0.496875 0.959375 0.1046875 0.0734375
17 0.40078125 0.971875 0.1078125 0.05625
17 0.3875 0.928125 0.1078125 0.078125
6 0.30546875 0.98203125 0.1109375 0.0359375
6 0.2921875 0.94375 0.109375 0.0828125
41 0.259375 0.67734375 0.05 0.084375
35 0.4015625 0.64609375 0.05 0.084375
36 0.552833571875 0.650786103125 0.54030789375 0.5762632609375 0.496273959375 0.5856229625 0.5097973437500001 0.6606619 0.552833571875 0.650786103125
34 0.5042251734375001 0.6618463015625 0.49361981093749996 0.5872793640625 0.4492066875 0.5970837453125 0.460650553125 0.6714724546874999 0.5042251734375001 0.6618463015625
33 0.45786446875 0.6720646546875 0.44749042812499995 0.596356303125 0.41523527812500005 0.6039405109375 0.42536014531250005 0.6789736609375 0.45786446875 0.6720646546875
37 0.3888247796875 0.6874676562500001 0.36994621875 0.6106543453125 0.33832177343750003 0.6188326546875 0.3568588453125 0.6946263078125 0.3888247796875 0.6874676562500001
18 0.2234375 0.67890625 0.046875 0.075
18 0.29609375 0.6625 0.0484375 0.071875
18 0.328125 0.6546875 0.04375 0.071875