11 0.05234375 0.22578125 0.1046875 0.1734375
10 0.1328125 0.20234375 0.1515625 0.1828125
9 0.2421875 0.1859375 0.13125 0.1609375
8 0.3328125 0.15859375 0.13125 0.1703125
20 0.4328125 0.134375 0.1296875 0.1703125
21 0.676615746875 0.15427104375 0.6485668625 0.0078376921875 0.5473104453125 0.032078471875 0.5875323906250001 0.177429234375 0.676615746875 0.15427104375
21 0.6744914546875 0 0.6580970828125 0.0030457921874999998 0.6885993484374999 0.1463210578125 0.7830027078125 0.1262541078125 0.7569479375 0 0.6744914546875 0
13 0.74375 0.234375 0.1296875 0.1546875
13 0.646875 0.259375 0.1140625 0.15
13 0.55859375 0.2796875 0.11875 0.15
14 0.4640625 0.30234375 0.1296875 0.15625
14 0.37109375 0.325 0.121875 0.1546875
14 0.2796875 0.3484375 0.1203125 0.1515625
3 0.2078125 0.38515625 0.096875 0.1125
3 0.1359375 0.403125 0.1 0.1125
0 0.31796875 0.48046875 0.09375 0.0984375
1 0.4125 0.4625 0.115625 0.0875
28 0.5 0.43515625 0.0859375 0.09375
29 0.58515625 0.42109375 0.1203125 0.090625
4 0.67421875 0.39140625 0.0828125 0.0953125
5 0.765625 0.3765625 0.121875 0.0921875
15 0.3609375 0.58515625 0.0984375 0.1078125
23 0.44140625 0.56328125 0.0984375 0.109375
24 0.37265625 0.69140625 0.0859375 0.090625
24 0.43984375 0.67421875 0.0734375 0.0875
24 0.5015625 0.66171875 0.084375 0.0890625
26 0.56328125 0.65 0.059375 0.075
30 0.61953125 0.628125 0.08125 0.0890625
12 0.69375 0.615625 0.0796875 0.0859375
16 0.7578125 0.59921875 0.078125 0.08125
6 0.82265625 0.5796875 0.0796875 0.0859375
27 0.24765625 0.915625 0.1265625 0.0828125
27 0.26850593125 1 0.3237299703125 0.9829415718750001 0.3056820375 0.93009136875 0.208375146875 0.95986629375 0.225096340625 1 0.26850593125 1
25 0.42115057343749995 0.9575263093749999 0.4033868625 0.9016865453125 0.30686854375 0.9305484296875 0.323125303125 0.9845431421875 0.42115057343749995 0.9575263093749999
25 0.517041403125 0.9339261953125 0.5042236796874999 0.8784065328124999 0.4069281546875 0.9037929171875 0.421026571875 0.961209865625 0.517041403125 0.9339261953125
25 0.6196922140625001 0.9058414718750001 0.604223165625 0.8472789890625 0.5059022171875001 0.876557040625 0.5204576140625 0.9360614437500001 0.6196922140625001 0.9058414718750001
31 0.7262036796875 0.8775964343749999 0.7121404046875 0.820902359375 0.6147344421875001 0.8455832546875 0.6303128499999999 0.9011965484375001 0.7262036796875 0.8775964343749999
31 0.7180114984375 0.8210088828125001 0.7082895421875001 0.766236478125 0.6067035765625 0.7896894453125001 0.6218364453125 0.8475985578125 0.7180114984375 0.8210088828125001
31 0.7055142171875 0.7668772125000001 0.6893680625 0.7011611921875 0.5905932046875 0.728351078125 0.6059229546875 0.7913316390625 0.7055142171875 0.7668772125000001
17 0.8236242828125 0.852181171875 0.8122123328124999 0.7985299203125 0.714349390625 0.8211233609375 0.7262036796875 0.8775964343749999 0.8236242828125 0.852181171875
17 0.8191687562500001 0.799116859375 0.80788080625 0.7417820515625 0.70969939375 0.76298704375 0.720662821875 0.8240517046875 0.8191687562500001 0.799116859375
17 0.8112970171875 0.7439173 0.80415394375 0.6834326125 0.7028782984374999 0.70388999375 0.709819315625 0.7644213296875 0.8112970171875 0.7439173
7 0.9205642218750001 0.8246839234375001 0.91285270625 0.770178359375 0.8131992312499999 0.797571090625 0.8228231750000001 0.84871119375 0.9205642218750001 0.8246839234375001
7 0.9142584781249999 0.7720467671875 0.908965621875 0.711134925 0.808833678125 0.7364451625 0.8163209890625 0.7910024890625 0.9142584781249999 0.7720467671875
34 0.5578125 0.5390625 0.06875 0.09375
33 0.603125 0.5265625 0.053125 0.090625
39 0.709375 0.50234375 0.05625 0.09375
38 0.74765625 0.49140625 0.0546875 0.090625
41 0.7828125 0.48203125 0.0515625 0.0890625
42 0.81953125 0.47265625 0.053125 0.090625
18 0.671875 0.50234375 0.05 0.0796875
18 0.6375 0.5125 0.046875 0.078125
18 0.50703125 0.54453125 0.0671875 0.08125
18 0.52421875 0.11875 0.1171875 0.15625