20 0.6195060781249999 0.21383731093749997 0.6008387296875 0.0832091875 0.5011178875 0.09751495624999999 0.522631978125 0.23334958593750002 0.6195060781249999 0.21383731093749997
20 0.521161990625 0.231081125 0.5025781734375 0.1029386546875 0.40940381875 0.11454241875 0.42931908124999996 0.247295125 0.521161990625 0.231081125
8 0.42836438593750004 0.24828010625000002 0.40638356093750005 0.11817438437500001 0.30442960937499997 0.132002471875 0.32529956718749997 0.26377019687500003 0.42836438593750004 0.24828010625000002
18 0.3274667703125 0.2634269453125 0.304769534375 0.13426846406249998 0.21666329687500002 0.14590329062500002 0.23580551875000003 0.2737757375 0.3274667703125 0.2634269453125
10 0.2430797609375 0.2776263078125 0.21112368906249998 0.1480588796875 0.129154475 0.161430903125 0.1562680609375 0.2905421578125 0.2430797609375 0.2776263078125
11 0.152502109375 0.287803471875 0.1189673515625 0.1449472859375 0.022119121875 0.1658768609375 0.061356334375 0.3014057734375 0.152502109375 0.287803471875
18 0.7540981375 0.0599769125 0.602144415625 0.083181503125 0.6238402375 0.213150846875 0.7740652781249999 0.18685625156250002 0.7540981375 0.0599769125
13 0.7911467453125 0.350806934375 0.77785005 0.21870938281250002 0.6927775328125 0.2346489765625 0.7062445015625001 0.361752715625 0.7911467453125 0.350806934375
13 0.7062445015625001 0.361752715625 0.692748821875 0.24260440156250002 0.6103759140625 0.254370384375 0.62268335625 0.374153696875 0.7062445015625001 0.361752715625
13 0.620773971875 0.376123690625 0.6057840984375 0.25343007968750003 0.510614634375 0.262666940625 0.5281581140625 0.3874574796875 0.620773971875 0.376123690625
14 0.5269457640625 0.38681569374999997 0.5112058703125 0.27341253125 0.428213021875 0.2823883796875 0.44459705156249996 0.39985844843749996 0.5269457640625 0.38681569374999997
14 0.44702175468750005 0.40114205468749997 0.42687561562500004 0.28263131874999997 0.3510243328125 0.2929462921875 0.3667112453125 0.41302815156249995 0.44702175468750005 0.40114205468749997
14 0.3668400796875 0.41384158437499996 0.3486159828125 0.2971096875 0.26867553437499997 0.305989059375 0.2885678625 0.42457104375 0.3668400796875 0.41384158437499996
3 0.285317221875 0.4250858953125 0.26960422031250003 0.3419144765625 0.2095894140625 0.35370148437500004 0.22113101249999997 0.43358441406250003 0.285317221875 0.4250858953125
3 0.2212598421875 0.43439781406250005 0.20982971562500002 0.3503401953125 0.14692611093750002 0.35778987500000003 0.15854355 0.445164871875 0.2212598421875 0.43439781406250005
2 0.1562476859375 0.444694728125 0.14256985312499998 0.3641180046875 0.0840281765625 0.3744222359375 0.095569609375 0.4543051921875 0.1562476859375 0.444694728125
5 0.7881470390625 0.3889475796875 0.68647603125 0.40524661875 0.6949257046875 0.4656084359375 0.7970357515625001 0.45110337031250003 0.7881470390625 0.3889475796875
4 0.693971009375 0.46659341718749997 0.6848299890625 0.38552040781249997 0.619455553125 0.3958507953125 0.6320805875 0.475562125 0.693971009375 0.46659341718749997
29 0.633035278125 0.4745771125 0.62372691875 0.4118642765625 0.5249003390625 0.43000392187500003 0.53538821875 0.489209115625 0.633035278125 0.4745771125
28 0.532395315625 0.49135072031249993 0.5176328359375 0.41720999062499997 0.4543187421875 0.4261748234375 0.4703760640625 0.49950602968749996 0.532395315625 0.49135072031249993
1 0.4603666515625 0.49942378906249996 0.45014470624999997 0.43831536875 0.35331514999999997 0.45467899687499996 0.365015375 0.514525946875 0.4603666515625 0.49942378906249996
0 0.36514420468750003 0.5153393453125 0.349309096875 0.4417865890625 0.2861129359375 0.45114842812499995 0.2990486125 0.525807859375 0.36514420468750003 0.5153393453125
23 0.44567599687500004 0.61004171875 0.4380824546875 0.5287644578124999 0.3622346484375 0.5390452421874999 0.3721243515625 0.6225249578125001 0.44567599687500004 0.61004171875
15 0.371995521875 0.621711559375 0.3579851453125 0.5404089921875 0.284788221875 0.547976396875 0.2960191828125 0.63291125625 0.371995521875 0.621711559375
6 0.8064684124999999 0.656356484375 0.7972045265625 0.5802891125 0.7328314406249999 0.5881547203124999 0.74250185 0.6627357546875 0.8064684124999999 0.656356484375
16 0.7418881203125001 0.6633689781250001 0.731010246875 0.59077325625 0.6701071390625 0.602377328125 0.6810390187500001 0.671398496875 0.7418881203125001 0.6633689781250001
12 0.679363459375 0.674343903125 0.668713721875 0.6033185343749999 0.6029062328125 0.610876878125 0.611914053125 0.6812748234375 0.679363459375 0.674343903125
30 0.6063756234375 0.6778639703125 0.597336859375 0.6092665609375 0.539188121875 0.6188248093750001 0.5494574671875 0.6836629000000001 0.6063756234375 0.6778639703125
26 0.5501200046875 0.6878459984374999 0.5396623265625 0.62844560625 0.498719671875 0.6338104687499999 0.50512614375 0.6922923015625 0.5501200046875 0.6878459984374999
24 0.50295363125 0.6921003984375 0.49341489687499995 0.6228585546875001 0.43019363750000006 0.6339438328125 0.444442678125 0.7013676234374999 0.50295363125 0.6921003984375
24 0.44235298125 0.7016985984375 0.430669796875 0.633655171875 0.3694274078125 0.6424962437499999 0.3828970328125 0.7095074859375 0.44235298125 0.7016985984375
24 0.38075857812499997 0.7050221328124999 0.36416512968750003 0.642179615625 0.30997145625 0.65030513125 0.3243373796875 0.713958371875 0.38075857812499997 0.7050221328124999
7 0.8244603703125 0.679093659375 0.7297596578125 0.6904821437499999 0.7404623609375001 0.74453154375 0.831843178125 0.7354182921875 0.8244603703125 0.679093659375
7 0.8430592109375 0.74578835 0.745679128125 0.759436303125 0.7513403000000001 0.81321215 0.8484932000000001 0.7999686500000001 0.8430592109375 0.74578835
7 0.846998178125 0.8101175984375001 0.7502444078125 0.8198177640625 0.7573326921875 0.8690795828125 0.855016553125 0.8546799515625001 0.846998178125 0.8101175984375001
17 0.748767759375 0.815631471875 0.656242978125 0.83041809375 0.664076609375 0.8843858515624999 0.7563536281250001 0.8719146765625 0.748767759375 0.815631471875
18 0.7459334390625 0.8151405046875 0.7236772015625 0.691038425 0.6406630515625 0.7004925453124999 0.657587321875 0.825381140625 0.7459334390625 0.8151405046875
31 0.6522961953124999 0.83225030625 0.5592556578125001 0.8447073609375 0.5704064515625 0.8970777421875 0.6626007031250001 0.88408365625 0.6522961953124999 0.83225030625
31 0.6466754531250001 0.7742140015625 0.552235453125 0.7868587312499999 0.55986944375 0.8440741515625 0.6589464078125 0.829453915625 0.6466754531250001 0.7742140015625
31 0.6348375093749999 0.70510925 0.544007 0.7168733640625 0.5508615703124999 0.773676215625 0.6460904625 0.76180948125 0.6348375093749999 0.70510925
25 0.555393884375 0.8348753468749999 0.46802573125 0.84575664375 0.477267203125 0.9086135078125 0.5665095703125 0.8950149218749999 0.555393884375 0.8348753468749999
25 0.46358759374999997 0.8527641359375 0.36723909374999997 0.8676157437500001 0.3808936140625 0.922269575 0.47517750468750003 0.9089444828125 0.46358759374999997 0.8527641359375
18 0.5551784 0.8324890343750001 0.5386161515625 0.7176707375 0.360597625 0.7400265125 0.3751689984375 0.8545676625 0.5551784 0.8324890343750001
27 0.3657277421875 0.8662547546875 0.278279240625 0.8784895593750001 0.289512796875 0.9313828281250001 0.377444890625 0.91852780625 0.3657277421875 0.8662547546875
27 0.2736110640625 0.8821838421875 0.18510603750000001 0.894318759375 0.19670492343749998 0.9450101359374999 0.2882025203125 0.932126371875 0.2736110640625 0.8821838421875
18 0.4951191453125 0.5883087890625001 0.48700618125000006 0.520390721875 0.44162679374999997 0.52757696875 0.4494817578125 0.5947032375 0.4951191453125 0.5883087890625001
34 0.5445338625 0.5917383546874999 0.5363442078125 0.516222053125 0.49070801875000003 0.5218877296875 0.49956714687500003 0.5988603828125 0.5445338625 0.5917383546874999
33 0.5795290875 0.5882801171875001 0.57292525625 0.5104281828125 0.5376865343749999 0.5169484125 0.54947419375 0.59137276875 0.5795290875 0.5882801171875001
35 0.61573665625 0.5854636375 0.60711848125 0.507095771875 0.5740494265625 0.5116059828124999 0.584120903125 0.5892204234375 0.61573665625 0.5854636375
37 0.650152165625 0.5783452125 0.640070984375 0.5003141609374999 0.6087225421875 0.5061143015625 0.6169754968750001 0.5827660765625 0.650152165625 0.5783452125
39 0.686102078125 0.5739019640625 0.6775708734375 0.4959372078125 0.6441307015625 0.5017568890625 0.6529254156250001 0.5783228578124999 0.686102078125 0.5739019640625
38 0.7225293890625 0.56896625 0.7142323937499999 0.490651409375 0.6786750328125 0.4954518171875 0.688269159375 0.5735587328125 0.7225293890625 0.56896625
41 0.758827825 0.5632171421875001 0.7473458390625 0.4848859390625 0.7162502703125 0.4907511578125 0.727753825 0.5668880890625 0.758827825 0.5632171421875001
42 0.7958613 0.5586022749999999 0.787555434375 0.4800798109375 0.7551931328125 0.484166328125 0.7609949046875 0.5628739109375 0.7958613 0.5586022749999999