11 0.75546875 0.0671875 0.1109375 0.134375
10 0.66171875 0.08671875 0.1015625 0.128125
9 0.57265625 0.10234375 0.103125 0.128125
8 0.4796875 0.1109375 0.1078125 0.14375
20 0.38984375 0.1375 0.1 0.1203125
20 0.30234375 0.15 0.1 0.125
21 0.21171875 0.165625 0.103125 0.1265625
21 0.11875 0.17890625 0.1015625 0.1296875
13 0.1328125 0.3125 0.10625 0.1125
13 0.225 0.2984375 0.0984375 0.1125
13 0.3125 0.2828125 0.1 0.109375
14 0.40859375 0.26796875 0.1015625 0.1109375
14 0.49609375 0.25078125 0.096875 0.1078125
14 0.58203125 0.23671875 0.1015625 0.109375
3 0.659375 0.234375 0.075 0.0875
2 0.721875 0.22109375 0.0734375 0.0890625
2 0.784375 0.2140625 0.0765625 0.0875
0 0.63359375 0.36640625 0.0828125 0.090625
1 0.5453125 0.38828125 0.1125 0.08125
28 0.45703125 0.39453125 0.08125 0.09375
29 0.3703125 0.41640625 0.115625 0.08125
4 0.27421875 0.4234375 0.084375 0.0921875
5 0.1765625 0.4453125 0.11875 0.0859375
23 0.559375 0.48515625 0.09375 0.0890625
15 0.640625 0.47421875 0.0890625 0.0875
24 0.66796875 0.59296875 0.0796875 0.0953125
24 0.596875 0.6015625 0.08125 0.096875
24 0.52890625 0.61171875 0.078125 0.096875
26 0.47578125 0.628125 0.0515625 0.078125
30 0.41796875 0.63359375 0.078125 0.0875
12 0.34296875 0.64609375 0.0875 0.0953125
16 0.27421875 0.65390625 0.0734375 0.090625
6 0.20546875 0.66171875 0.08125 0.0921875
27 0.90625 0.834375 0.1234375 0.0890625
27 0.88984375 0.76484375 0.125 0.0875
25 0.76796875 0.78046875 0.121875 0.0890625
25 0.78125 0.8515625 0.121875 0.0859375
25 0.65546875 0.796875 0.1203125 0.0859375
25 0.66875 0.86875 0.1203125 0.0875
25 0.55625 0.88359375 0.121875 0.090625
25 0.54375 0.81015625 0.1203125 0.0859375
31 0.4453125 0.90078125 0.1203125 0.0890625
31 0.4296875 0.83046875 0.121875 0.090625
31 0.415625 0.75859375 0.1171875 0.0859375
17 0.334375 0.91953125 0.11875 0.0875
17 0.32109375 0.84765625 0.1203125 0.0875
17 0.30625 0.77890625 0.1171875 0.084375
7 0.221875 0.9359375 0.1234375 0.0859375
7 0.21015625 0.86640625 0.1234375 0.0859375
7 0.2 0.79453125 0.11875 0.0859375
36 0.49296875 0.49453125 0.0578125 0.0828125
34 0.4390625 0.503125 0.059375 0.0828125
33 0.38984375 0.5109375 0.0453125 0.0828125
35 0.35 0.51796875 0.046875 0.0828125
37 0.3109375 0.52421875 0.046875 0.0828125
39 0.27109375 0.5296875 0.0453125 0.0828125
38 0.234375 0.5375 0.046875 0.084375
42 0.1794840875 0.584244721875 0.16847207343749998 0.5066748140625 0.1344610671875 0.5128932500000001 0.14489484218749998 0.590544421875 0.1794840875 0.584244721875
41 0.2166716546875 0.579377975 0.20217870468750002 0.5008587796875 0.1691494390625 0.5072988671875 0.1833935859375 0.5847741515625 0.2166716546875 0.579377975