9 0.1796875 0.15625 0.153125 0.178125
18 0.3796875 0.20234375 0.2875 0.196875
5 0.16796875 0.45859375 0.1234375 0.0890625
29 0.28203125 0.48046875 0.1203125 0.0875
7 0.3921875 0.503125 0.1234375 0.084375
31 0.37890625 0.6375 0.1109375 0.0828125
24 0.29296875 0.615625 0.0875 0.09375
23 0.2203125 0.59765625 0.1 0.1046875
15 0.1375 0.58125 0.1015625 0.10625
25 0.12734375 0.70546875 0.1171875 0.0796875
25 0.1203125 0.76171875 0.1171875 0.0765625
25 0.2359375 0.7234375 0.1140625 0.0765625
25 0.23203125 0.7828125 0.115625 0.0765625
27 0.34765625 0.74609375 0.1109375 0.075
27 0.3390625 0.8015625 0.109375 0.0765625
39 0.46171875 0.3765625 0.053125 0.0953125
38 0.42421875 0.36796875 0.0515625 0.0953125
40 0.3859375 0.36015625 0.05625 0.0984375
41 0.34765625 0.35234375 0.053125 0.096875
42 0.309375 0.34453125 0.05625 0.0984375
35 0.27265625 0.33671875 0.05625 0.1
33 0.23046875 0.32734375 0.05625 0.0984375
37 0.18984375 0.31953125 0.0609375 0.1
32 0.14609375 0.31171875 0.0625 0.0984375