9 0.15546875 0.1828125 0.14375 0.1765625
13 0.27109375 0.1953125 0.1421875 0.1859375
14 0.38125 0.215625 0.1390625 0.1828125
19 0.49296875 0.2390625 0.1359375 0.178125
7 0.38828125 0.5546875 0.134375 0.09375
29 0.26328125 0.5421875 0.1328125 0.0890625
5 0.1375 0.52265625 0.1359375 0.0890625
31 0.3890625 0.67578125 0.1234375 0.084375
24 0.2953125 0.66015625 0.090625 0.096875
23 0.20703125 0.64453125 0.10625 0.109375
14 0.1140625 0.6296875 0.109375 0.103125
25 0.2546875 0.7703125 0.1234375 0.08125
25 0.246875 0.8359375 0.11875 0.0796875
27 0.31891216718750004 0.75586300625 0.3082857375 0.8172711890625 0.42058526562500004 0.8260141453125 0.43261505 0.7658522718749999 0.31891216718750004 0.75586300625
27 0.3070495609375 0.81659824375 0.29790124218749997 0.8722235296875 0.40681924374999995 0.8813499890625 0.41735251093750003 0.827108103125 0.3070495609375 0.81659824375
32 0.08562309375 0.3089526953125 0.08207333125 0.4171444359375 0.1289386265625 0.42331449218749995 0.1324883921875 0.315122746875 0.08562309375 0.3089526953125
37 0.1321162765625 0.3138211328125 0.130628853125 0.42313559375 0.176835071875 0.4300458984375 0.1752290296875 0.3190473546875 0.1321162765625 0.3138211328125
33 0.175371546875 0.3219824609375 0.175489203125 0.42777454531250003 0.2218853734375 0.4336355046875 0.2212630671875 0.3271827765625 0.175371546875 0.3219824609375
35 0.23257811562500003 0.3296058765625 0.22049209374999998 0.43534860625 0.2640869421875 0.44144003906249996 0.2812761578125 0.3385321375 0.23257811562500003 0.3296058765625
45 0.279958021875 0.3400126421875 0.26658352500000004 0.443075653125 0.3095976828125 0.44939739687499997 0.32501830625 0.34717833124999997 0.279958021875 0.3400126421875
44 0.324044528125 0.346208596875 0.3099535828125 0.45042023281250004 0.3579648359375 0.4563349 0.3697638671875 0.35263403125 0.324044528125 0.346208596875
43 0.368790115625 0.351664303125 0.3567614625 0.45699865156249997 0.40190906562500006 0.46205866718750005 0.41281922812499994 0.358268628125 0.368790115625 0.351664303125
40 0.41367819531250005 0.3600551046875 0.40024632968749996 0.46352649375 0.4440245671875 0.4704756 0.46097297499999995 0.3671183953125 0.41367819531250005 0.3600551046875
41 0.46074340156250004 0.36875188593749997 0.4420983140625 0.4698248484375 0.48624820625 0.47516075312500006 0.50640535 0.3755856921875 0.46074340156250004 0.36875188593749997