13 0.723494390625 0.2107908609375 0.64509006875 0.23327398906250002 0.6707185203125 0.3325890375 0.7455559296875001 0.3147485421875 0.723494390625 0.2107908609375
13 0.64754654375 0.23556528281250003 0.5770456140625 0.25445595 0.6035911578125 0.353525265625 0.6734744218750001 0.3355374765625 0.64754654375 0.23556528281250003
14 0.57489041875 0.250609175 0.50201923125 0.2679228234375 0.5302192406249999 0.36949832968749996 0.6004711953124999 0.3528865046875 0.57489041875 0.250609175
14 0.49431381406249997 0.26851273125 0.4165454171875 0.2900880875 0.44566251875 0.391417859375 0.523615259375 0.3705304859375 0.49431381406249997 0.26851273125
19 0.41032566406250004 0.2811856046875 0.31757665625 0.30497252812500003 0.3519060375 0.417195278125 0.4393353875 0.393768653125 0.41032566406250004 0.2811856046875
19 0.3207581359375 0.30731535 0.241543628125 0.3285408140625 0.278256109375 0.439059915625 0.357471059375 0.4167692328125 0.3207581359375 0.30731535
20 0.2364842390625 0.326701175 0.1469582921875 0.3517546796875 0.1966580578125 0.4630542453125 0.2809054828125 0.4383500171875 0.2364842390625 0.326701175
23 0.7637468468749999 0.33347034062500003 0.689202134375 0.35131433749999996 0.7081210125 0.4325180546875 0.781511353125 0.4149833703125 0.7637468468749999 0.33347034062500003
15 0.6866305078125 0.353068503125 0.6189937171875 0.37012662500000004 0.638438459375 0.447994140625 0.70891315 0.43017560312500003 0.6866305078125 0.353068503125
8 0.617451428125 0.3598888921875 0.5379081546875 0.3801373484375 0.5666457671875 0.47149133125000003 0.6410945203125 0.452607946875 0.617451428125 0.3598888921875
9 0.5386136859375 0.37898003125 0.4596734234375 0.40013201093750006 0.4864594015625 0.4914279671875 0.5668810468750001 0.47075049687500004 0.5386136859375 0.37898003125
10 0.46229675 0.402043425 0.3911794328125 0.42197069843749996 0.4164403859375 0.5075751734375 0.48819134999999997 0.4892210046875 0.46229675 0.402043425
11 0.38987524375 0.41796293125000006 0.31638935468749996 0.437653415625 0.341437915625 0.5268005812500001 0.4153565515625 0.5078655859375 0.38987524375 0.41796293125000006
3 0.32442529531250003 0.459900640625 0.2748007296875 0.47319750312500003 0.290710065625 0.5369072874999999 0.343817975 0.522677065625 0.32442529531250003 0.459900640625
2 0.2723888859375 0.47384375468749995 0.22104470781250002 0.489344275 0.23933957343749998 0.5532863046875 0.2909279265625 0.5377203578125 0.2723888859375 0.47384375468749995
1 0.4893323875 0.5202872703125 0.401740715625 0.5437573890625 0.41915319531249995 0.5957356265625 0.50802765625 0.5719217875 0.4893323875 0.5202872703125
28 0.5422245984375 0.49652895468749997 0.4858331734375 0.510767546875 0.5043459 0.5755226437500001 0.5626551234375 0.559027290625 0.5422245984375 0.49652895468749997
29 0.63157149375 0.487403084375 0.5456783671875 0.5086751890625 0.558319784375 0.560188940625 0.6443784640625 0.5388724765624999 0.63157149375 0.487403084375
4 0.682072446875 0.4590568359375 0.6226142328125001 0.47498861718749996 0.641126959375 0.5397437140625 0.70290555 0.523190190625 0.682072446875 0.4590568359375
5 0.773587521875 0.449350003125 0.6891802984375001 0.4719668515625 0.7018217156250001 0.523480603125 0.78332719375 0.502512721875 0.773587521875 0.449350003125
24 0.488884021875 0.687027615625 0.430852065625 0.701938171875 0.4528795546875 0.7682496343749999 0.5086761765625 0.7539380328124999 0.488884021875 0.687027615625
24 0.54279195 0.6783345640625 0.48967619687499997 0.6925668875000001 0.5097905203125 0.754917565625 0.56065850625 0.7412875296875 0.54279195 0.6783345640625
24 0.5941436421875 0.6601015046875001 0.5405361578125001 0.6725484078124999 0.5584298203125 0.739328465625 0.6120017718749999 0.7262520234375 0.5941436421875 0.6601015046875001
26 0.6354989718749999 0.661801565625 0.59730340625 0.6713969765625001 0.6102523843750001 0.7260817125 0.6506280453125 0.7146240265625 0.6354989718749999 0.661801565625
30 0.686527309375 0.63918173125 0.63115278125 0.6546583515625 0.6491981859375 0.715646215625 0.7046752765625001 0.7001421140625 0.686527309375 0.63918173125
16 0.7434554765625 0.6290403515625 0.68790799375 0.6439242546874999 0.7029258875 0.6999718015624999 0.7553834984375001 0.685915828125 0.7434554765625 0.6290403515625
6 0.7908321625 0.6118723890625 0.74179145 0.62565186875 0.7552237328125 0.6853195765625 0.8049773765625 0.6707100109375 0.7908321625 0.6118723890625
12 0.780869390625 0.5269907734375 0.73055174375 0.5391952265625 0.7442995453125001 0.5968612140625 0.7953272953125 0.5838274296875 0.780869390625 0.5269907734375
40 0.72847005 0.5329489125 0.7018906796875 0.540070834375 0.7144581578125 0.603804621875 0.7415271140625 0.595423765625 0.72847005 0.5329489125
42 0.7005487984375 0.5381748859375 0.6692077453125 0.5471365718750001 0.6852852890625 0.6127492203125 0.7126361796875 0.6054205703125 0.7005487984375 0.5381748859375
41 0.6698250359375 0.5469711687500001 0.6405952125 0.555367153125 0.656951153125 0.6192135765625 0.6852817484375 0.6099307890625 0.6698250359375 0.5469711687500001
38 0.640504215625 0.5553915359375 0.6118417093749999 0.5630716312499999 0.62889895625 0.626730140625 0.6565317875 0.6204536984375 0.640504215625 0.5553915359375
39 0.6092165765625001 0.5620834046875001 0.5805613859375 0.5697615390624999 0.5977596015625 0.6339461546875 0.6286170171875 0.625677934375 0.6092165765625001 0.5620834046875001
34 0.4924904203125 0.59223233125 0.4513803078125 0.6038116296875 0.47138374218749995 0.6672445859375 0.5085493640625 0.6544667093750001 0.4924904203125 0.59223233125
33 0.5211097687499999 0.583999925 0.4947202453125 0.5916348515625 0.51037488125 0.6556691921875 0.5394103203125 0.6490169203125 0.5211097687499999 0.583999925
35 0.5512764031249999 0.5787361796875 0.5233363171875001 0.586222703125 0.53997065625 0.648302903125 0.5674625203125 0.64150035625 0.5512764031249999 0.5787361796875
37 0.579754784375 0.5699776671875 0.5527911249999999 0.5783303109375 0.568301253125 0.6390201156249999 0.59621248125 0.6309774484374999 0.579754784375 0.5699776671875
18 0.44984164687500006 0.6042239125 0.4107046203125 0.614710646875 0.42972481250000005 0.6772793125 0.47138374218749995 0.6672445859375 0.44984164687500006 0.6042239125
27 0.422804771875 0.8793094796875 0.338810046875 0.9046351796875 0.3562724984375 0.9557798453125 0.439160371875 0.9284952234375 0.422804771875 0.8793094796875
27 0.43774073593749996 0.929439490625 0.3545879515625 0.9551034656249999 0.3695094234375 0.9939598390625 0.45282374374999995 0.9710719593749999 0.43774073593749996 0.929439490625
25 0.5221924703124999 0.902299709375 0.44490824062499995 0.9246995828125 0.45675317499999996 0.9717106984375 0.5368393671875 0.9479961640625 0.5221924703124999 0.902299709375
18 0.51536860625 0.8291326609375 0.43176980625 0.8532245203125 0.447702840625 0.9154926328125 0.526946759375 0.891439909375 0.51536860625 0.8291326609375
25 0.6006998890624999 0.83333425625 0.5205889953125 0.8564915328125 0.533417171875 0.9043669421875 0.6153253421875 0.8790364578125001 0.6006998890624999 0.83333425625
25 0.6125446578125 0.880345415625 0.53103131875 0.903878478125 0.5420304390624999 0.9477329718749999 0.624502484375 0.9245069031250001 0.6125446578125 0.880345415625
31 0.6748575140625 0.7649704515625 0.593179053125 0.7851645015625001 0.6069869328124999 0.831085771875 0.686375359375 0.8103775828125 0.6748575140625 0.7649704515625
31 0.6871251890625001 0.813559921875 0.6068530437499999 0.8361965296875 0.6157482484375 0.8806147687499999 0.6990625671874999 0.8577268874999999 0.6871251890625001 0.813559921875
31 0.6948987234375 0.8594064625 0.6151879124999999 0.8813287859375001 0.6275896421875 0.9248074515625 0.7065551640625001 0.9025209546875 0.6948987234375 0.8594064625
17 0.7659617796875 0.7851053343750001 0.6866537562499999 0.8086113578124999 0.696951571875 0.8526537671875 0.7746554515625 0.8312692 0.7659617796875 0.7851053343750001
17 0.7752825999999999 0.8339205375000001 0.6979383546875 0.85633649375 0.7068335609374999 0.9007547296875 0.78608101875 0.8795204375000001 0.7752825999999999 0.8339205375000001
7 0.8356286374999999 0.7168170765624999 0.7599451203124999 0.7370964140625 0.7696896765625 0.787489703125 0.8499203796874999 0.767119703125 0.8356286374999999 0.7168170765624999
7 0.8478996875 0.768225021875 0.768008671875 0.7896317546875 0.7785884234375 0.834726371875 0.8575539453125 0.8124398718749999 0.8478996875 0.768225021875
7 0.8528673390625 0.814823396875 0.776065140625 0.8365302343750001 0.785379715625 0.8797083499999999 0.8667310875 0.857910315625 0.8528673390625 0.814823396875