25 0.764533746875 0.33378095625 0.6964643359375 0.324101653125 0.6890702906249999 0.42289390468750004 0.753373303125 0.433479640625 0.764533746875 0.33378095625
14 0.8302958968749999 0.34045329375 0.7597388265625 0.3277155359375 0.75097584375 0.43427133749999997 0.8165567890625001 0.4396773921875 0.8302958968749999 0.34045329375
14 0.7007674749999999 0.3253065640625 0.62892800625 0.314912809375 0.6219849703125 0.416316053125 0.690399625 0.42632685937500003 0.7007674749999999 0.3253065640625
19 0.6313628765625 0.318197078125 0.5588103375 0.3093910046875 0.5511003718749999 0.40997484531249995 0.623284821875 0.419281996875 0.6313628765625 0.318197078125
19 0.5623967828125 0.308600703125 0.4896286890625 0.29856077187499996 0.48156778281249996 0.401135290625 0.551334378125 0.40864773593750003 0.5623967828125 0.308600703125
20 0.4885710484375 0.3007116515625 0.41597523125 0.2924155125 0.41215206406249993 0.39163214375 0.48522050937500005 0.40109516718749993 0.4885710484375 0.3007116515625
2 0.4684178359375 0.42793273750000005 0.41119675468750005 0.42289475468750004 0.41222283906249996 0.48944142343749997 0.46254269218750005 0.49352491093750006 0.4684178359375 0.42793273750000005
3 0.5258925875 0.4380670859375 0.467119321875 0.4313870140625 0.46330962343750004 0.4943443140625 0.5175811875 0.5018613109375 0.5258925875 0.4380670859375
11 0.5921094640625 0.43093871093749997 0.5230160234375 0.41934925468750006 0.5180491984375 0.49920708906250005 0.5815112765625 0.5062920765625 0.5921094640625 0.43093871093749997
10 0.6543617515625 0.43336810625 0.5911967375 0.43068719375000003 0.5819792875 0.5036378578125 0.6445573671875 0.510566971875 0.6543617515625 0.43336810625
9 0.720011990625 0.4423798078125 0.6518249796875 0.4331673578125 0.6444403671875001 0.5112305140625 0.7089033125 0.5178077828125 0.720011990625 0.4423798078125
8 0.7791767015625 0.449393196875 0.7185887765625 0.4422028875 0.707902378125 0.5183154890624999 0.7678286046875 0.5247769843750001 0.7791767015625 0.449393196875
1 0.6142132859375 0.5382592921875 0.537001628125 0.5312846171875 0.5348820515625 0.5794878812500001 0.6111873015625 0.5861007218750001 0.6142132859375 0.5382592921875
28 0.677717025 0.5400546171875 0.6278530578125 0.5329363375 0.62091066875 0.5878152140624999 0.67288145 0.592873975 0.677717025 0.5400546171875
29 0.7473498984375 0.5523327703125 0.67630088125 0.5476366296874999 0.67288145 0.592873975 0.7432331249999999 0.59706866875 0.7473498984375 0.5523327703125
4 0.787935015625 0.5483774515625 0.74628865 0.543556978125 0.74258313125 0.5955856859375 0.7841806171875 0.597446984375 0.787935015625 0.5483774515625
5 0.8553573218749999 0.5602658234375 0.788249975 0.553692609375 0.783179615625 0.5979546796874999 0.8459917046875001 0.6035566593749999 0.8553573218749999 0.5602658234375
15 0.8304762953125 0.468695534375 0.7754080250000001 0.46111604375 0.7679456046875 0.5241134421875 0.8264549765625 0.5282725640625 0.8304762953125 0.468695534375
23 0.896044434375 0.471709603125 0.8307326749999999 0.46266109375 0.8251030343749999 0.5307709218750001 0.8823774656250001 0.5367648609375 0.896044434375 0.471709603125
36 0.563384328125 0.600935065625 0.5267492640625 0.597420725 0.522248909375 0.6608491921875 0.5578537578125 0.6636151421875 0.563384328125 0.600935065625
34 0.6023975046875 0.607187334375 0.5678448953124999 0.6031617859375 0.560055759375 0.6624982140625 0.59574640625 0.66477756875 0.6023975046875 0.607187334375
33 0.62846225 0.6073747125 0.6042838984375 0.6054472421875 0.5980947171875 0.665818384375 0.6216087765625 0.6682921078125 0.62846225 0.6073747125
35 0.65390056875 0.6092484812500001 0.628624184375 0.606394190625 0.62283218125 0.6676715984375 0.647029465625 0.6694295515625 0.65390056875 0.6092484812500001
37 0.6792495625 0.6116288390625 0.6543705078125 0.6088434015625 0.64872150625 0.669309796875 0.6723786078125 0.67097251875 0.6792495625 0.6116288390625
39 0.7036049531249999 0.6117446390625 0.679393975 0.6090745953125001 0.6731332937500001 0.669851240625 0.697727753125 0.6725154703125 0.7036049531249999 0.6117446390625
38 0.72818916875 0.614512484375 0.7044571562499999 0.612239578125 0.698665109375 0.673516978125 0.7223222140625001 0.6751796828125001 0.72818916875 0.614512484375
41 0.752684059375 0.6177869171875 0.727899715625 0.6151187921875 0.722393715625 0.674774184375 0.74597931875 0.6768424015625001 0.752684059375 0.6177869171875
42 0.7768608015625 0.6189158953125 0.751628321875 0.61637600625 0.747345684375 0.6754108750000001 0.7703910656249999 0.6773838375000001 0.7768608015625 0.6189158953125
40 0.8005407421875 0.6189125984375 0.7771204671875 0.617107953125 0.7710027890625 0.6770735953125 0.79451685 0.679547303125 0.8005407421875 0.6189125984375
12 0.8462927671875 0.6280245921875001 0.8017545984375 0.6227059484375 0.7949855265625 0.6800480671875 0.83574595625 0.6826359890625 0.8462927671875 0.6280245921875001
24 0.567296115625 0.681730696875 0.5210222734375 0.6764789234374999 0.5163820859375 0.7375413234375 0.5626477249999999 0.7373369624999999 0.567296115625 0.681730696875
24 0.615649596875 0.683988653125 0.5662153921875 0.6823571296875001 0.562719228125 0.7369314499999999 0.6095647578125 0.7397561265625 0.615649596875 0.683988653125
24 0.6640030796875 0.6862466125 0.6173426890625 0.6830100125 0.6128773765625 0.7399221265625 0.65831679375 0.7412445187500001 0.6640030796875 0.6862466125
26 0.6919254015625 0.693781765625 0.6609230671875 0.6948755281250001 0.6569822578125 0.739336765625 0.6898543312500001 0.7392794234375 0.6919254015625 0.693781765625
30 0.7404966843749999 0.6908547390625001 0.692198590625 0.684920115625 0.6886309671874999 0.7398999390625 0.7377087203125 0.7427000968749999 0.7404966843749999 0.6908547390625001
16 0.785026284375 0.6950501375 0.7388295765625 0.688961296875 0.7367713234375 0.74169858125 0.7807728671875 0.7448580171875 0.785026284375 0.6950501375
6 0.8312640874999999 0.6974573828125 0.7835539765624999 0.694338734375 0.7790808296875 0.7449777703125 0.8220734734375 0.7475412015625 0.8312640874999999 0.6974573828125
27 0.4531756859375 0.8115194203125 0.3783695625 0.80951755 0.3750404390625 0.85366850625 0.45238276875 0.8572713984375 0.4531756859375 0.8115194203125
27 0.45292368281249995 0.85639611875 0.3748259328125 0.85488503125 0.373474896875 0.8972942187499999 0.4482910828125 0.8962705484375 0.45292368281249995 0.85639611875
25 0.541012459375 0.8149936203125 0.467016171875 0.81218685625 0.4623524671875 0.8544300703125 0.5352621562500001 0.8547426546875 0.541012459375 0.8149936203125
25 0.53310166875 0.8559081765625001 0.46112910781250005 0.85505056875 0.4567514078125 0.8956717734374999 0.5291208765625 0.8958891031249999 0.53310166875 0.8559081765625001
25 0.623429653125 0.7741580828125 0.5505316578125 0.771304 0.54720245 0.81545495625 0.6149644328125 0.8165323156250001 0.623429653125 0.7741580828125
25 0.614396784375 0.8174864812499999 0.5411174296875 0.8152182296875001 0.536199515625 0.855744146875 0.6080685140625001 0.85880001875 0.614396784375 0.8174864812499999
25 0.605631890625 0.8592951140625 0.533427071875 0.8556734109375 0.5290493765625001 0.8962946 0.599941309375 0.8954151578125 0.605631890625 0.8592951140625
31 0.6897914890625 0.7769797046875 0.621280546875 0.7712355765625001 0.6147817609375 0.8144095453125001 0.6827979187500001 0.8172041625 0.6897914890625 0.7769797046875
31 0.6817020484375 0.8189074390625001 0.6139555765625 0.81593630625 0.6086405187499999 0.8555560171875 0.676656640625 0.8583505953125 0.6817020484375 0.8189074390625001
31 0.6772578375 0.8599109078125 0.6067339375 0.8568922562499999 0.6027852499999999 0.8950804109374999 0.6696495078125 0.898090021875 0.6772578375 0.8599109078125
17 0.7697516765625 0.7816767453125 0.703849928125 0.7799412265625 0.6926642796875 0.818107640625 0.760497765625 0.8187794875 0.7697516765625 0.7816767453125
17 0.75314934375 0.8205364093749999 0.6909007375 0.818632909375 0.68043798125 0.8590173468750001 0.7500350078125 0.8591639437499999 0.75314934375 0.8205364093749999
17 0.7448310765625 0.8598121015625001 0.67773704375 0.8585410984375 0.6716275953124999 0.8963482515625 0.738237678125 0.8976406078125001 0.7448310765625 0.8598121015625001
7 0.828454725 0.7805362234375 0.7699913359375 0.7807328203125 0.760140259375 0.8208070093750001 0.81735261875 0.8216966250000001 0.828454725 0.7805362234375
7 0.8182496046875001 0.8226132453125 0.755604234375 0.8212615187500001 0.7499635078125 0.8595694406250001 0.8083992703125 0.8598385484375 0.8182496046875001 0.8226132453125
7 0.8104672875000001 0.8588494046875 0.7504321859374999 0.8600701875000001 0.7436713875 0.8952538234375 0.8009552421875 0.8957379718749999 0.8104672875000001 0.8588494046875