19 0.2890625 0.3015625 0.09375 0.1171875
19 0.3703125 0.29921875 0.084375 0.1171875
8 0.57578125 0.29140625 0.0796875 0.1171875
9 0.63984375 0.2953125 0.0609375 0.0984375
10 0.7 0.2890625 0.06875 0.1078125
11 0.76953125 0.2859375 0.0765625 0.1046875
18 0.4734375 0.2953125 0.1359375 0.121875
13 0.3015625 0.4265625 0.0875 0.1109375
13 0.378125 0.41953125 0.084375 0.1125
13 0.45234375 0.41640625 0.08125 0.10625
14 0.5203125 0.41171875 0.0703125 0.103125
14 0.58203125 0.40859375 0.06875 0.09375
14 0.64609375 0.40703125 0.0671875 0.090625
3 0.69921875 0.415625 0.0546875 0.06875
3 0.7453125 0.41015625 0.0515625 0.0671875
2 0.790625 0.409375 0.046875 0.0671875
5 0.31484375 0.53984375 0.0984375 0.0640625
4 0.3890625 0.52421875 0.0625 0.0765625
29 0.46015625 0.525 0.0875 0.0609375
28 0.53203125 0.51328125 0.0640625 0.06875
1 0.60234375 0.5109375 0.084375 0.059375
0 0.66640625 0.50078125 0.053125 0.0640625
6 0.3125 0.734375 0.0703125 0.075
16 0.37578125 0.728125 0.065625 0.071875
12 0.4328125 0.7203125 0.0578125 0.0671875
26 0.5265625 0.70859375 0.0421875 0.059375
24 0.57265625 0.69375 0.05625 0.0734375
24 0.6234375 0.69140625 0.053125 0.0640625
24 0.67578125 0.68359375 0.053125 0.059375
15 0.6609375 0.584375 0.0640625 0.0765625
23 0.6046875 0.5921875 0.06875 0.0765625
7 0.29385236875 0.9204070234374999 0.384960309375 0.905213284375 0.38305868906249996 0.8514803625 0.293224440625 0.8684464515625001 0.29385236875 0.9204070234374999
7 0.29834553750000004 0.9758161796874999 0.38861171250000004 0.9574307718749999 0.38615914375 0.9046650828124999 0.299368609375 0.9231279078125001 0.29834553750000004 0.9758161796874999
17 0.47153295 0.8870861359375001 0.46801080156249997 0.83671708125 0.383325403125 0.8517038749999999 0.38745496562500004 0.9055031953125001 0.47153295 0.8870861359375001
17 0.46904811718749995 0.83385836875 0.464197834375 0.7821891046875 0.38183995625 0.797276765625 0.3843545109375 0.852318475 0.46904811718749995 0.83385836875
17 0.4769018671875 0.9373260890624999 0.4709173765625 0.8871291812500001 0.389308096875 0.90407615625 0.3915926875 0.9558292249999999 0.4769018671875 0.9373260890624999
31 0.5552216 0.8719468359375 0.55315679375 0.8247264046874999 0.47354746875 0.83669318125 0.4759066859375 0.887709021875 0.5552216 0.8719468359375
31 0.55417613125 0.918920421875 0.5510094296875 0.8736344765625 0.47167143593749994 0.88729453125 0.4757029859375 0.937874278125 0.55417613125 0.918920421875
25 0.629815484375 0.8063637796875 0.6282693578125 0.7577139921875 0.5533299609375 0.771942328125 0.5540971203125 0.8204813906249999 0.629815484375 0.8063637796875
25 0.6319449203125 0.8545084375 0.6303987921875 0.8058586390625001 0.5544924625000001 0.8217510859375 0.5557079218750001 0.8700553953125001 0.6319449203125 0.8545084375
25 0.6345606312500001 0.9007616734375 0.631458553125 0.8563998984375001 0.5556549625 0.8715598453125001 0.5596840765625 0.918070896875 0.6345606312500001 0.9007616734375
25 0.7027806875 0.78825945 0.7020440625 0.74233923125 0.631844675 0.755429825 0.631533 0.8043862468749999 0.7027806875 0.78825945
25 0.7080526625 0.8371130828125001 0.7090334578124999 0.7892152921875 0.6329264390625 0.80408399375 0.63489358125 0.8524447953125 0.7080526625 0.8371130828125001
25 0.708399959375 0.8863111015625 0.703289546875 0.8397679578125 0.6340485703125001 0.853315459375 0.6365689640625 0.9029430421875 0.708399959375 0.8863111015625
25 0.778198459375 0.8229207890625 0.776749271875 0.7756572921875 0.709131975 0.7877329640624999 0.709251496875 0.8365648796875 0.778198459375 0.8229207890625
25 0.779032115625 0.8702273125 0.776416315625 0.82397411875 0.706445846875 0.8378108453124999 0.7089186375 0.8848817171875 0.779032115625 0.8702273125
27 0.8477932562499999 0.8096957328125001 0.8464086953125 0.7633564421875 0.7794219171875 0.77527629375 0.7801421671875 0.824177953125 0.8477932562499999 0.8096957328125001
27 0.847978984375 0.8565832265625 0.84721004375 0.8102008875 0.7781945046875001 0.8240919375000001 0.78094341875 0.8710223875 0.847978984375 0.8565832265625
42 0.3119875578125 0.6666669640625 0.30814551875 0.5940309312500001 0.2780192171875 0.5956945546875 0.281953228125 0.670624603125 0.3119875578125 0.6666669640625
41 0.3450997546875 0.6624940828125 0.34002656875000004 0.5899441390625 0.31115777499999997 0.5939574000000001 0.314482165625 0.6669568796875 0.3450997546875 0.6624940828125
38 0.37937856718749996 0.6573109140625 0.37197229374999996 0.58678156875 0.3426357765625 0.590596009375 0.34811304375 0.661354646875 0.37937856718749996 0.6573109140625
39 0.4087649640625 0.6529342125 0.40268682343749995 0.5837050734375 0.37326331874999996 0.5861338546875 0.37937856718749996 0.6573109140625 0.4087649640625 0.6529342125
37 0.43824834843750005 0.64994384375 0.43152227187500003 0.5802956234375001 0.40482205625 0.583927053125 0.4106440453125 0.65326716875 0.43824834843750005 0.64994384375
35 0.4682503640625 0.64552409375 0.460941028125 0.5763810125 0.4346798734375 0.5795187234375 0.4413262640625 0.6497286156250001 0.4682503640625 0.64552409375
33 0.49692424375 0.6398040984375 0.4909107296875 0.5714991656249999 0.4614587859375 0.5753256921875 0.46935225625 0.6435895546875 0.49692424375 0.6398040984375
34 0.5355444328125001 0.63478170625 0.5283966640625 0.5679491703124999 0.4906276125 0.5721257765625001 0.498155390625 0.6397180078125 0.5355444328125001 0.63478170625
36 0.5754603484375 0.630597434375 0.5683126281249999 0.5637648937499999 0.5298028703125001 0.5682261421875 0.5386546609375 0.6350285718750001 0.5754603484375 0.630597434375