9 0.28671875 0.21640625 0.153125 0.1890625
13 0.39296875 0.24765625 0.134375 0.16875
14 0.49140625 0.271875 0.121875 0.1640625
19 0.59140625 0.29140625 0.1296875 0.1734375
5 0.2765625 0.53984375 0.1234375 0.0859375
29 0.39140625 0.5640625 0.1234375 0.0859375
7 0.50234375 0.5859375 0.11875 0.0875
23 0.3234375 0.64609375 0.1 0.1015625
24 0.4015625 0.66171875 0.0828125 0.0921875
31 0.4875 0.6890625 0.115625 0.084375
27 0.44765625 0.8 0.109375 0.075
27 0.4328125 0.853125 0.10625 0.0703125
25 0.33828125 0.78046875 0.109375 0.075
25 0.32890625 0.83203125 0.1078125 0.0703125
25 0.22734375 0.81171875 0.1109375 0.0734375
25 0.234375 0.75859375 0.115625 0.075
40 0.49453125 0.4453125 0.0546875 0.096875
38 0.53515625 0.453125 0.05625 0.0984375
39 0.5810408125000001 0.51107278125 0.608550509375 0.42320559218750003 0.5708343609375001 0.41424216718749995 0.5455216187499999 0.5030496375 0.5810408125000001 0.51107278125
41 0.46381000625 0.483788075 0.4821686703125 0.3944490796875 0.44273360625 0.387486815625 0.429401859375 0.47647439687500004 0.46381000625 0.483788075
42 0.4256836921875 0.4761573828125 0.43930939843749994 0.3853390609375 0.40396821875000005 0.37688045 0.38936833437499996 0.4689116203125 0.4256836921875 0.4761573828125
35 0.3871462390625 0.46749268749999995 0.40127934062500004 0.377255521875 0.36392525 0.36931566562499996 0.3515307859375 0.45992239062499995 0.3871462390625 0.46749268749999995
33 0.34810138749999997 0.45824683593750004 0.36213823437500003 0.3684625171875 0.3248710984375 0.36006783750000004 0.311182378125 0.4508727640625 0.34810138749999997 0.45824683593750004
37 0.3080678625 0.45068406093749996 0.31947147343750004 0.3584468046875 0.2819054109375 0.3514085046875 0.271245109375 0.44285714218749994 0.3080678625 0.45068406093749996
39 0.2668009171875 0.44001927500000004 0.2731828015625 0.3476612328125 0.2357019765625 0.34016774375000003 0.227974696875 0.4327131203125 0.2668009171875 0.44001927500000004