19 0.49375 0.284375 0.153125 0.2046875
14 0.61953125 0.26484375 0.153125 0.2109375
13 0.74296875 0.246875 0.1765625 0.2171875
9 0.85625 0.228125 0.171875 0.2203125
7 0.565625 0.5953125 0.109375 0.0625
29 0.68046875 0.58125 0.121875 0.0671875
5 0.79140625 0.56875 0.121875 0.065625
31 0.56328125 0.66640625 0.1015625 0.0609375
24 0.640625 0.65078125 0.065625 0.05625
23 0.70703125 0.64140625 0.0796875 0.05
15 0.778125 0.63203125 0.084375 0.0484375
39 0.52797428125 0.529494371875 0.5117287968750001 0.4466295953125 0.47052226093750005 0.45316332968750006 0.4920417796875 0.5339063281249999 0.52797428125 0.529494371875
38 0.5722990828125 0.5259188015625 0.5637128015624999 0.4394693625 0.5209286484375 0.4451073515625 0.534507496875 0.52869219375 0.5722990828125 0.5259188015625
40 0.6137224109375 0.518965825 0.607433665625 0.4325463171875 0.56732719375 0.43816578906250003 0.573631396875 0.523266115625 0.6137224109375 0.518965825
41 0.6537381546875001 0.514052509375 0.6523637375 0.42702959687500003 0.61216760625 0.43203777499999996 0.6160218390625001 0.5174389296874999 0.6537381546875001 0.514052509375
42 0.6962792703125 0.5094514109375 0.7023054671875 0.42012012500000007 0.6586412953125 0.425709240625 0.6577461296875 0.512938125 0.6962792703125 0.5094514109375
35 0.7371869203125 0.5050508515625001 0.7487268515625 0.41830729218749996 0.70467470625 0.422546171875 0.6988043859374999 0.5097636343749999 0.7371869203125 0.5050508515625001
33 0.7819520640625 0.49830982187500006 0.7943019234375 0.40960177968749995 0.7525559140625 0.41417797500000003 0.7401524421875 0.502197609375 0.7819520640625 0.49830982187500006
37 0.8247942 0.4961608609375 0.8423894437499999 0.4044747734375 0.7999215125 0.40836221093749997 0.7828440375 0.49882259375000004 0.8247942 0.4961608609375
32 0.8671846453125 0.49033369843749997 0.887964515625 0.395769259375 0.8449124703124999 0.4034602984375 0.8262016578125 0.494121215625 0.8671846453125 0.49033369843749997
25 0.71920135 0.7181217984375 0.6245450156250001 0.728633253125 0.6266753125 0.7594856 0.7201495890625 0.75111979375 0.71920135 0.7181217984375
25 0.7128454046875 0.75077559375 0.6258586140625 0.759585878125 0.6268712515625 0.78808635625 0.7138123125 0.7805227265625 0.7128454046875 0.75077559375
27 0.6219259125 0.7613133140625 0.6200569265625 0.7295178046874999 0.5280298859375 0.739239284375 0.5353612062499999 0.7719421234375 0.6219259125 0.7613133140625
27 0.6198976953125 0.7920539921875001 0.6187126359375 0.76077884375 0.5352859359375 0.7713290953125 0.538157534375 0.8014681296875 0.6198976953125 0.7920539921875001