11 0.9203125 0.1890625 0.1171875 0.140625
10 0.8203125 0.17734375 0.1125 0.1375
18 0.73515625 0.16640625 0.09375 0.13125
8 0.65078125 0.15703125 0.109375 0.1390625
20 0.5484375 0.13828125 0.115625 0.1421875
20 0.453125 0.1265625 0.1109375 0.140625
19 0.35703125 0.1125 0.1140625 0.1453125
19 0.26015625 0.10390625 0.1109375 0.1359375
13 0.24921875 0.2515625 0.1078125 0.1328125
13 0.33984375 0.26328125 0.10625 0.13125
13 0.4265625 0.27890625 0.0984375 0.1328125
14 0.51484375 0.28984375 0.1078125 0.13125
14 0.60546875 0.303125 0.103125 0.13125
14 0.6921875 0.315625 0.1046875 0.13125
3 0.76640625 0.3453125 0.0765625 0.0859375
3 0.834375 0.35234375 0.0765625 0.084375
2 0.90625 0.36015625 0.0796875 0.09375
0 0.69609375 0.4453125 0.0875 0.096875
1 0.60234375 0.4390625 0.1171875 0.084375
28 0.50078125 0.4171875 0.090625 0.0953125
29 0.40703125 0.4109375 0.115625 0.084375
4 0.31875 0.39140625 0.0828125 0.090625
5 0.2296875 0.38671875 0.1140625 0.0828125
15 0.6703125 0.559375 0.0984375 0.1109375
23 0.58203125 0.54765625 0.0984375 0.1078125
24 0.66015625 0.67265625 0.08125 0.0921875
24 0.5921875 0.66015625 0.0765625 0.0875
24 0.52421875 0.65 0.08125 0.090625
26 0.465625 0.64609375 0.05625 0.078125
12 0.3484375 0.62734375 0.0828125 0.0890625
16 0.2703125 0.61640625 0.0828125 0.0921875
6 0.19765625 0.60390625 0.0859375 0.0921875
7 0.15859375 0.70859375 0.1203125 0.084375
7 0.15078125 0.77578125 0.1171875 0.084375
7 0.1421875 0.83984375 0.1203125 0.075
31 0.3875 0.7421875 0.11875 0.084375
31 0.37734375 0.8078125 0.1171875 0.078125
31 0.3703125 0.8734375 0.115625 0.08125
25 0.50546875 0.75078125 0.1109375 0.078125
25 0.4921875 0.82265625 0.1171875 0.078125
25 0.4796875 0.88828125 0.1140625 0.08125
25 0.62109375 0.7765625 0.115625 0.08125
25 0.60546875 0.840625 0.1171875 0.08125
25 0.58984375 0.90546875 0.1171875 0.08125
25 0.7 0.92265625 0.11875 0.084375
25 0.7171875 0.85703125 0.11875 0.0796875
27 0.825 0.87421875 0.115625 0.0796875
27 0.8140625 0.940625 0.11875 0.08125
17 0.275 0.7234375 0.1203125 0.0828125
17 0.2671875 0.790625 0.11875 0.0796875
17 0.2578125 0.8546875 0.1171875 0.078125
36 0.5140625 0.53984375 0.0609375 0.0890625
34 0.4800763375 0.576248709375 0.4872742984375 0.4939950609375 0.43993860937499996 0.485831890625 0.4292277125 0.5700379875 0.4800763375 0.576248709375
33 0.424339046875 0.5693509296875 0.44121897499999996 0.4847157203125 0.40434826875 0.47849243125 0.3915985484375 0.5628784171875 0.424339046875 0.5693509296875
35 0.389025278125 0.5634523171875 0.40210979062499996 0.4792192828125 0.3661434828125 0.4731230984375 0.3529715453125 0.5583852953124999 0.389025278125 0.5634523171875
37 0.35174935625 0.558213528125 0.36367614531250003 0.4733500125 0.3286222515625 0.4684342234375 0.317593303125 0.552945434375 0.35174935625 0.558213528125
39 0.31392682656250004 0.55243014375 0.3263357515625 0.46856993593749996 0.2904980046875 0.46249182031249997 0.279095190625 0.5475348765625 0.31392682656250004 0.55243014375
38 0.27597531875 0.5475641812500001 0.2866154953125 0.46298761875 0.250081471875 0.45622725624999994 0.24169032499999998 0.54321355 0.27597531875 0.5475641812500001
41 0.2392459921875 0.542870021875 0.24959745 0.455913934375 0.21264078125000002 0.450965309375 0.20441440156250001 0.5379747609375001 0.2392459921875 0.542870021875
42 0.20325673125 0.5373442500000001 0.21238599374999997 0.45021643125 0.1774923765625 0.4460255234375 0.16578735 0.533481634375 0.20325673125 0.5373442500000001