11 0.146875 0.31328125 0.125 0.153125
11 0.23671875 0.3 0.115625 0.15
9 0.32421875 0.290625 0.1078125 0.1453125
20 0.48515625 0.26875 0.1078125 0.1390625
13 0.7095956906249999 0.41782612031250005 0.7853174953125001 0.403377584375 0.77840260625 0.2955277046875 0.7006920796875 0.3090114078125 0.7095956906249999 0.41782612031250005
13 0.6353563296875 0.43063509843750003 0.714075978125 0.41649618125 0.7041632453125 0.3083366828125 0.628246190625 0.3236340296875 0.6353563296875 0.43063509843750003
13 0.5655761015625 0.44414568125000004 0.6370378796875 0.43025491875000005 0.6279712921875 0.31666012499999996 0.5439693250000001 0.332988453125 0.5655761015625 0.44414568125000004
14 0.51875 0.39921875 0.1 0.1234375
14 0.44140625 0.41171875 0.1 0.1265625
14 0.3609375 0.4265625 0.103125 0.1265625
3 0.28828125 0.4515625 0.0828125 0.0984375
3 0.22421875 0.4609375 0.08125 0.1015625
2 0.1640625 0.471875 0.075 0.1
0 0.36328125 0.540625 0.0796875 0.0828125
1 0.440625 0.53046875 0.1015625 0.0765625
28 0.5140625 0.5109375 0.071875 0.0828125
29 0.5890625 0.5015625 0.0984375 0.075
4 0.66015625 0.47890625 0.071875 0.0828125
5 0.7026677218749999 0.50827385625 0.7855702328125 0.49237702812500006 0.77975555 0.4359896671875 0.69565231875 0.451797121875 0.7026677218749999 0.50827385625
15 0.37890625 0.6359375 0.1015625 0.0984375
23 0.45859375 0.6171875 0.090625 0.09375
24 0.38203125 0.72890625 0.078125 0.0875
24 0.44296875 0.71640625 0.0703125 0.084375
24 0.5015625 0.70546875 0.078125 0.08125
30 0.59140625 0.68359375 0.075 0.08125
12 0.6484375 0.67109375 0.065625 0.075
16 0.703125 0.65625 0.065625 0.0765625
6 0.75859375 0.64375 0.0734375 0.0828125
7 0.73492473125 0.7652012578125 0.8139183781250001 0.7468690234375 0.8155449234375001 0.70010505 0.7338183078125 0.718670775 0.73492473125 0.7652012578125
7 0.7488512640625 0.8184697765625 0.82872135 0.8005626625 0.8266269296875001 0.7530332546875 0.7443027140625 0.7726083703125 0.7488512640625 0.8184697765625
7 0.7530019875 0.865355640625 0.8340787578125 0.844459428125 0.8322074125000001 0.7980776390625001 0.7485206546875001 0.8188108328125001 0.7530019875 0.865355640625
17 0.67112415625 0.8826183015625 0.7525719343749999 0.862618075 0.747927678125 0.8203481781249999 0.665818609375 0.8389882453125 0.67112415625 0.8826183015625
17 0.6699857203125 0.8420489 0.7498551906250001 0.8208210062499999 0.7454587140625 0.77497578125 0.6649910265625001 0.793892278125 0.6699857203125 0.8420489
17 0.658871 0.784364540625 0.735710325 0.7664259390625 0.734630759375 0.7208085921875 0.654163071875 0.73972509375 0.658871 0.784364540625
31 0.588089478125 0.907678859375 0.671050115625 0.8854709812499999 0.664271625 0.8401701562499999 0.5819474109375 0.859745271875 0.588089478125 0.907678859375
31 0.5830469234375 0.8613180015624999 0.66464796875 0.840285484375 0.66130075 0.7922156375 0.5764587109375 0.8110891984374999 0.5830469234375 0.8613180015624999
31 0.575265525 0.8090346593750001 0.6608093109375 0.7899140578125 0.65515280625 0.73812606875 0.571681215625 0.7579242109375001 0.575265525 0.8090346593750001
25 0.5045514765625 0.9296448546875 0.5888479984375 0.90814608125 0.5819367671875 0.8622000234374999 0.49578795624999994 0.8825185624999999 0.5045514765625 0.9296448546875
25 0.495843725 0.8828054671875 0.581298684375 0.8631835703125 0.576463915625 0.8177092609375001 0.48757421250000005 0.8361786390624999 0.495843725 0.8828054671875
25 0.4827838890625 0.8304248328125 0.5706070765625 0.81124235 0.564758690625 0.76208789375 0.475542290625 0.78091851875 0.4827838890625 0.8304248328125
25 0.41754336875 0.9566762890625 0.5050505609375 0.9318009421875001 0.4968808765625 0.8849813375 0.4076166453125 0.9056077171875 0.41754336875 0.9566762890625
25 0.40516250625000005 0.9072757171875001 0.493970246875 0.8855158015625 0.4860377734375 0.8373660562499999 0.3960564609375 0.8563453609374999 0.40516250625000005 0.9072757171875001
25 0.3869428828125 0.84824431875 0.4763244359375 0.8268903890624999 0.46912491406249995 0.7768896734374999 0.37837868124999996 0.7960176671875 0.3869428828125 0.84824431875
25 0.3190599078125 0.9823588875 0.411215409375 0.9574069390625001 0.4023813875 0.9086985515625001 0.31050362656249997 0.9322148859375 0.3190599078125 0.9823588875
27 0.239042890625 1 0.318109325 0.9806390078125 0.3091113390625 0.9315922921875 0.216572278125 0.9537484546874999 0.2266837640625 1 0.239042890625 1
27 0.21187915937500001 0.9561494203124999 0.30788350625 0.9326252234375 0.297328084375 0.8811823296875 0.20133898281249998 0.90192491875 0.21187915937500001 0.9561494203124999
22 0.5671875 0.25234375 0.1015625 0.1375
21 0.72734375 0.2265625 0.1234375 0.1453125
21 0.65 0.2390625 0.1203125 0.1421875
25 0.3484375 0.89296875 0.10625 0.071875
45 0.7796875 0.55546875 0.0453125 0.078125
44 0.75 0.56015625 0.04375 0.075
40 0.72109375 0.5671875 0.04375 0.0765625
41 0.690625 0.57265625 0.0453125 0.0765625
37 0.6609375 0.57890625 0.0453125 0.0765625
35 0.63046875 0.584375 0.046875 0.078125
33 0.6 0.590625 0.0484375 0.0796875
34 0.5625 0.59765625 0.0578125 0.08125
36 0.51796875 0.60703125 0.0609375 0.084375