11 0.1765625 0.2328125 0.0875 0.115625
10 0.2671875 0.23671875 0.0828125 0.1171875
9 0.346875 0.240625 0.078125 0.109375
8 0.42421875 0.2453125 0.071875 0.1078125
20 0.49609375 0.2453125 0.0703125 0.1125
20 0.56953125 0.2484375 0.075 0.1078125
19 0.64296875 0.25078125 0.0703125 0.1046875
19 0.7171875 0.25078125 0.075 0.10625
14 0.36953125 0.3671875 0.075 0.1
14 0.44375 0.36796875 0.075 0.1015625
14 0.515625 0.3703125 0.0640625 0.0984375
13 0.584375 0.37109375 0.071875 0.09375
13 0.64921875 0.36875 0.059375 0.0984375
13 0.7171875 0.37109375 0.075 0.0953125
0 0.34765625 0.47421875 0.0578125 0.0671875
1 0.42578125 0.47890625 0.090625 0.0578125
29 0.58515625 0.4765625 0.08125 0.0578125
5 0.71015625 0.47578125 0.08125 0.0546875
3 0.2984375 0.38125 0.059375 0.071875
3 0.24140625 0.38046875 0.059375 0.071875
2 0.1828125 0.38046875 0.0546875 0.0765625
15 0.3578125 0.56328125 0.0671875 0.0765625
23 0.425 0.56171875 0.0625 0.075
24 0.36640625 0.653125 0.05625 0.06875
24 0.42265625 0.65390625 0.053125 0.065625
24 0.47578125 0.65078125 0.053125 0.065625
26 0.51875 0.653125 0.0359375 0.05625
30 0.56328125 0.64453125 0.0515625 0.065625
12 0.6171875 0.6421875 0.053125 0.065625
16 0.665625 0.63828125 0.046875 0.065625
27 0.2078125 0.87109375 0.0921875 0.059375
25 0.2984375 0.81328125 0.090625 0.05625
25 0.4765625 0.753125 0.084375 0.05625
25 0.3890625 0.75703125 0.0890625 0.05625
25 0.38984375 0.85625 0.084375 0.0546875
25 0.3875 0.80859375 0.0875 0.05625
25 0.4734375 0.85 0.08125 0.05
25 0.47578125 0.803125 0.084375 0.05
31 0.5932465203125 0.8629629624999999 0.5939429015625 0.817901234375 0.5175443015625001 0.8240740734375 0.51507575 0.8697530859375 0.5932465203125 0.8629629624999999
31 0.5998293218749999 0.817901234375 0.59970421875 0.7666666671875 0.5191900015625001 0.7740740734375 0.5183671515625 0.8265432109375 0.5998293218749999 0.817901234375
31 0.5874865687499999 0.7580246921875 0.5890046296875 0.708641975 0.5158986015625 0.7148148140624999 0.5191900015625001 0.7635802468749999 0.5874865687499999 0.7580246921875
17 0.673062990625 0.858641975 0.6746013375000001 0.8080246921875001 0.598183621875 0.8135802468750001 0.5948922203125 0.86419753125 0.673062990625 0.858641975
17 0.6648344890625 0.7987654328125 0.6671939296875 0.749382715625 0.6006521734375 0.758641975 0.6006521734375 0.804938271875 0.6648344890625 0.7987654328125
7 0.749588059375 0.8506172843750001 0.7519675921875 0.8080246921875001 0.676354390625 0.8104938265625 0.6747086906249999 0.8561728390625 0.749588059375 0.8506172843750001
7 0.7512337609374999 0.809259259375 0.7585519546875 0.7629629625 0.68376004375 0.7660493828125 0.678000090625 0.8111111109375001 0.7512337609374999 0.809259259375
7 0.7537023109375001 0.7617283953125 0.757728909375 0.70987654375 0.6804686421875 0.7104938265625 0.6771772421875 0.76419753125 0.7537023109375001 0.7617283953125
36 0.478125 0.56484375 0.040625 0.06875
34 0.5203125 0.56328125 0.040625 0.06875
33 0.55390625 0.56171875 0.0265625 0.06875
35 0.5828125 0.56171875 0.028125 0.0671875
37 0.6109375 0.56171875 0.028125 0.065625
38 0.66953125 0.56015625 0.028125 0.065625
41 0.696875 0.56015625 0.028125 0.065625
42 0.725 0.56015625 0.028125 0.065625
18 0.50546875 0.47578125 0.0703125 0.05625
18 0.646875 0.475 0.04375 0.0515625
18 0.71171875 0.6390625 0.04375 0.059375