9 0.38125 0.22421875 0.1078125 0.153125
20 0.57734375 0.2234375 0.103125 0.1375
20 0.67265625 0.221875 0.10625 0.1390625
18 0.2265625 0.22578125 0.1984375 0.1484375
18 0.478125 0.221875 0.09375 0.14375
18 0.8078125 0.21484375 0.1625 0.1453125
18 0.74375 0.3625 0.26875 0.109375
18 0.53984375 0.4796875 0.26875 0.09375
18 0.5890625 0.6796875 0.109375 0.078125
18 0.2 0.88046875 0.1140625 0.1296875
14 0.56484375 0.36640625 0.09375 0.1109375
14 0.475 0.36796875 0.090625 0.109375
14 0.38359375 0.3703125 0.0875 0.109375
2 0.17421875 0.38046875 0.0640625 0.0921875
0 0.36796875 0.48125 0.0765625 0.0859375
4 0.71953125 0.478125 0.078125 0.0890625
5 0.8140625 0.48515625 0.1140625 0.0734375
23 0.4421875 0.58125 0.08125 0.0890625
15 0.3625 0.58125 0.0796875 0.084375
6 0.81875 0.684375 0.08125 0.0765625
16 0.7453125 0.67734375 0.0703125 0.0796875
12 0.678125 0.68125 0.0703125 0.078125
24 0.50078125 0.68125 0.0734375 0.08125
24 0.43046875 0.68125 0.0671875 0.0796875
24 0.3625 0.68046875 0.06875 0.0796875
38 0.76171875 0.58046875 0.0421875 0.0859375
37 0.68671875 0.58125 0.040625 0.0828125
42 0.8359375 0.57890625 0.0359375 0.084375
36 0.5109375 0.58359375 0.053125 0.0828125
31 0.615625 0.8578125 0.1046875 0.0625
31 0.61328125 0.91484375 0.103125 0.0625
25 0.5109375 0.8015625 0.1046875 0.0640625
25 0.5125 0.86015625 0.103125 0.0609375
25 0.515625 0.9171875 0.1 0.059375
25 0.41640625 0.91484375 0.096875 0.059375
25 0.41171875 0.85546875 0.0984375 0.0609375
25 0.3171875 0.91640625 0.0984375 0.059375
25 0.30703125 0.85859375 0.1015625 0.059375
7 0.81875 0.91796875 0.109375 0.065625
34 0.5885507921875 0.6204180203125 0.59284035625 0.539905921875 0.5456051390625001 0.5424584671875 0.541959315625 0.6199261093749999 0.5885507921875 0.6204180203125
33 0.6266845484375 0.6212052625 0.6334492640625 0.5404731640625 0.5984660296875 0.5406125234375 0.5935583578125 0.6223620546874999 0.6266845484375 0.6212052625
18 0.6635961234375001 0.6072028140625 0.6626013125 0.5414404875 0.63452228125 0.5425317734374999 0.6318980640625 0.6088394546875 0.6635961234375001 0.6072028140625
18 0.721875 0.5734375 0.0359375 0.0703125
18 0.79921875 0.571875 0.034375 0.071875