11 0.88046875 0.21796875 0.1 0.1234375
10 0.7921875 0.22109375 0.0875 0.121875
9 0.7109375 0.23046875 0.084375 0.11875
8 0.62578125 0.2359375 0.090625 0.121875
21 0.31484375 0.25 0.0921875 0.121875
21 0.40546875 0.24921875 0.084375 0.1171875
18 0.509375 0.2390625 0.1390625 0.1203125
2 0.87265625 0.3515625 0.0671875 0.0796875
14 0.67734375 0.35703125 0.0859375 0.096875
14 0.59765625 0.36015625 0.0765625 0.096875
14 0.5203125 0.36484375 0.078125 0.096875
13 0.4390625 0.365625 0.0765625 0.0984375
13 0.36328125 0.3703125 0.0765625 0.1
13 0.28671875 0.37265625 0.0796875 0.1
18 0.77421875 0.3515625 0.121875 0.1
5 0.3171875 0.49375 0.0953125 0.0609375
4 0.39453125 0.484375 0.0609375 0.078125
29 0.46953125 0.490625 0.09375 0.0625
28 0.5453125 0.48125 0.0625 0.0734375
1 0.62265625 0.48203125 0.096875 0.0640625
0 0.70546875 0.4765625 0.06875 0.0734375
15 0.71328125 0.5703125 0.075 0.0859375
23 0.6390625 0.57109375 0.0734375 0.0859375
24 0.7296875 0.6703125 0.0609375 0.0734375
24 0.67109375 0.67265625 0.0609375 0.0703125
24 0.6109375 0.67421875 0.0625 0.071875
26 0.56328125 0.67734375 0.040625 0.0609375
30 0.5125 0.6765625 0.059375 0.0703125
12 0.453125 0.6734375 0.059375 0.0703125
16 0.390625 0.67421875 0.0609375 0.06875
6 0.328125 0.6765625 0.059375 0.0671875
27 0.896875 0.84296875 0.1046875 0.0546875
27 0.89609375 0.89921875 0.103125 0.059375
25 0.79375 0.8390625 0.1 0.059375
25 0.79453125 0.89453125 0.0953125 0.0546875
25 0.69609375 0.84140625 0.0984375 0.059375
25 0.70078125 0.89765625 0.0953125 0.05625
25 0.6921875 0.784375 0.0984375 0.0625
25 0.59453125 0.7828125 0.0953125 0.059375
25 0.59921875 0.84140625 0.0953125 0.053125
25 0.60234375 0.89453125 0.0953125 0.059375
31 0.4984375 0.89140625 0.090625 0.05625
31 0.4953125 0.78359375 0.0921875 0.05625
31 0.496875 0.8375 0.0921875 0.053125
7 0.31484375 0.78125 0.090625 0.059375
7 0.31796875 0.8375 0.0890625 0.0515625
7 0.3203125 0.8890625 0.0890625 0.05625
17 0.40546875 0.77890625 0.0890625 0.0578125
17 0.40625 0.83515625 0.0890625 0.059375
17 0.40859375 0.88984375 0.0875 0.05625
36 0.5796875 0.578125 0.0453125 0.0734375
34 0.53359375 0.57890625 0.0453125 0.075
42 0.30234375 0.58671875 0.03125 0.075
41 0.33359375 0.5859375 0.03125 0.0734375
38 0.36484375 0.584375 0.0328125 0.075
39 0.39609375 0.5828125 0.034375 0.075
37 0.428125 0.58203125 0.0359375 0.075
35 0.46171875 0.58203125 0.03125 0.0765625
33 0.49453125 0.5796875 0.0359375 0.075