21 0.42109375 0.28671875 0.10625 0.1421875
14 0.32890625 0.2734375 0.1109375 0.15
13 0.234375 0.26796875 0.10625 0.140625
9 0.086881896875 0.1814423625 0.10276262656249999 0.32676198125 0.1832411859375 0.334090790625 0.195026084375 0.1878834828125 0.086881896875 0.1814423625
41 0.4206876234375 0.39574335 0.41650377031249997 0.4835064 0.4531661578125 0.48660794531249996 0.46077657031249997 0.3996205265625 0.4206876234375 0.39574335
40 0.38294877656250004 0.3931813171875 0.3792525953125 0.4805111859375 0.4164058578125 0.4841315296875 0.420559178125 0.3972114953125 0.38294877656250004 0.3931813171875
43 0.34527412968750004 0.38988521249999997 0.3440329765625 0.47938424375000005 0.381049178125 0.4825175953125 0.3825237015625 0.392404440625 0.34527412968750004 0.38988521249999997
44 0.3109602421875 0.38762283124999997 0.307439834375 0.47507365 0.3440243625 0.477429115625 0.34520990625 0.3906192890625 0.3109602421875 0.38762283124999997
45 0.2726999859375 0.3853850265625 0.268867771875 0.4722535859375 0.307264059375 0.47495269999999995 0.31089601875 0.3883568984375 0.2726999859375 0.3853850265625
35 0.23375014218749998 0.37975828749999996 0.23061445468750003 0.47001596250000005 0.26955732656250003 0.4720236265625 0.274296275 0.384045303125 0.23375014218749998 0.37975828749999996
33 0.19157565468749999 0.3771780328125 0.1902560703125 0.4664850609375 0.230871996875 0.46900895625 0.23368591875 0.3804923578125 0.19157565468749999 0.3771780328125
37 0.1485189078125 0.37341105625000004 0.15207497812499998 0.46342192656250003 0.1920582234375 0.467462403125 0.1921291734375 0.376486765625 0.1485189078125 0.37341105625000004
37 0.10817311249999999 0.372470165625 0.1122337125 0.4624317609375 0.15128735625 0.4657446453125 0.1493690546875 0.374964809375 0.10817311249999999 0.372470165625
7 0.34292659375 0.52942404375 0.338637459375 0.5917639515625 0.4371770171875 0.5961053890625 0.4418255765625 0.5373368984375 0.34292659375 0.52942404375
29 0.23998490781249998 0.5226368828125 0.2391127765625 0.584165778125 0.3399140359375 0.59203411875 0.3435122 0.52836574375 0.23998490781249998 0.5226368828125
5 0.128693303125 0.515489046875 0.1302953625 0.57714098125 0.23009032031249999 0.5850146984375 0.23307072031249998 0.522771665625 0.128693303125 0.515489046875
31 0.346757328125 0.6975623468750001 0.4440807140625 0.7031611609375 0.4496038828125 0.6400310484375 0.351394465625 0.6355071296875 0.346757328125 0.6975623468750001
24 0.31875 0.6515625 0.0703125 0.084375
23 0.24453125 0.64921875 0.090625 0.0953125
18 0.17109375 0.6453125 0.0671875 0.0828125
27 0.32834200468749997 0.791926828125 0.32597440624999996 0.842146353125 0.41837398906249995 0.8504723562500001 0.42443377031249996 0.7981146984375 0.32834200468749997 0.791926828125
27 0.328594634375 0.7383214171875 0.3281545671875 0.7918726703125001 0.4228374796875 0.799454425 0.42710067812499997 0.74509035625 0.328594634375 0.7383214171875
25 0.2360165609375 0.725783746875 0.23613629375 0.7829902843750001 0.3295698640625 0.783527821875 0.3304081015625 0.728864109375 0.2360165609375 0.725783746875
25 0.23146920781250002 0.8397490328125 0.3249758 0.8451090328124999 0.32751697812499997 0.790086471875 0.2309038046875 0.7842228312499999 0.23146920781250002 0.8397490328125
25 0.23012554999999998 0.787483346875 0.12849115 0.7826597796875 0.13039590625 0.8397825515624999 0.22990503125 0.8407217203125 0.23012554999999998 0.787483346875