21 0.82265625 0.30234375 0.109375 0.103125
19 0.7296875 0.3 0.103125 0.10625
20 0.6375 0.2984375 0.0984375 0.10625
22 0.5453125 0.29453125 0.1109375 0.10625
8 0.44765625 0.2921875 0.1078125 0.103125
9 0.34921875 0.2859375 0.1125 0.1078125
10 0.25859375 0.28203125 0.1015625 0.1015625
11 0.16875 0.27890625 0.0984375 0.0984375
13 0.81328125 0.4140625 0.109375 0.1
13 0.71875 0.40859375 0.10625 0.1015625
13 0.6265625 0.40859375 0.103125 0.1
14 0.53125 0.40390625 0.1 0.0953125
14 0.43515625 0.403125 0.1015625 0.0953125
14 0.3390625 0.39921875 0.109375 0.096875
2 0.1515625 0.40078125 0.0875 0.0671875
5 0.80390625 0.50625 0.121875 0.05625
4 0.71171875 0.496875 0.0765625 0.0640625
29 0.61796875 0.496875 0.115625 0.05625
28 0.52578125 0.49296875 0.075 0.0625
1 0.4359375 0.49140625 0.11875 0.05625
0 0.34375 0.48359375 0.0796875 0.0640625
15 0.34296875 0.56796875 0.096875 0.075
23 0.4265625 0.57109375 0.0953125 0.078125
34 0.55078125 0.57734375 0.05625 0.0703125
33 0.596875 0.57890625 0.040625 0.0671875
35 0.63828125 0.58125 0.046875 0.06875
37 0.67734375 0.58203125 0.0453125 0.0703125
41 0.71640625 0.584375 0.046875 0.0703125
40 0.75625 0.5875 0.0453125 0.0703125
18 0.7953125 0.5875 0.046875 0.0671875
45 0.8359375 0.590625 0.0484375 0.0671875
6 0.80078125 0.6828125 0.0796875 0.06875
16 0.72890625 0.67734375 0.075 0.0703125
12 0.659375 0.67734375 0.06875 0.065625
30 0.58984375 0.675 0.0734375 0.065625
26 0.53046875 0.67890625 0.0484375 0.0546875
24 0.47578125 0.66953125 0.0734375 0.06875
24 0.40625 0.6671875 0.0734375 0.0671875
24 0.3375 0.66640625 0.06875 0.0640625
7 0.809375 0.8734375 0.115625 0.0515625
17 0.69765625 0.86875 0.11875 0.053125
17 0.69921875 0.815625 0.11875 0.05625
31 0.58828125 0.86328125 0.1171875 0.0546875
31 0.58828125 0.81171875 0.1140625 0.0546875
25 0.475 0.85625 0.11875 0.0546875
25 0.47421875 0.80546875 0.11875 0.0546875
25 0.36171875 0.8515625 0.1125 0.053125
25 0.36328125 0.8 0.1171875 0.05625
25 0.25546875 0.79453125 0.1140625 0.05625
25 0.253125 0.84453125 0.1140625 0.05625
27 0.1453125 0.840625 0.1109375 0.0546875
27 0.1453125 0.79140625 0.1109375 0.0546875