25 0.2549679734375 0.40735932343750003 0.3200252390625 0.4035530734375 0.32299829999999996 0.304529128125 0.25429001875 0.307040215625 0.2549679734375 0.40735932343750003
14 0.191482771875 0.40691865156249996 0.2572695453125 0.4083972875 0.25969268125 0.301509228125 0.1881906703125 0.306801984375 0.191482771875 0.40691865156249996
14 0.31834434375 0.40682826875 0.38743062968749997 0.40402358125 0.3911251546875 0.30245008906250004 0.3185927875 0.30527763750000003 0.31834434375 0.40682826875
19 0.38582787500000004 0.40683740625000003 0.4585897515625 0.4051265703125 0.46143589687500003 0.30428782656250003 0.38836032343750004 0.305461853125 0.38582787500000004 0.40683740625000003
19 0.45849574843749996 0.4037822703125 0.5286654203125 0.4036035734375 0.5313706296875 0.3007483734375 0.4579517078125 0.30312696875 0.45849574843749996 0.4037822703125
20 0.5250368984375 0.40318185624999997 0.598694221875 0.40140840468750005 0.605262959375 0.3023356625 0.532197646875 0.302998025 0.5250368984375 0.40318185624999997
2 0.53792894375 0.49747573593750005 0.5883999796875 0.49867447656249997 0.5963764640625 0.43259961249999995 0.538942234375 0.4316287640625 0.53792894375 0.49747573593750005
3 0.4823205640625 0.5000133796874999 0.5370805640625 0.49821048437500004 0.5398725640625 0.43519984999999994 0.48072300781250005 0.4356998484375 0.4823205640625 0.5000133796874999
11 0.4182775484375 0.497737359375 0.482132559375 0.49732477812500003 0.485540359375 0.4173852375 0.4156139921875 0.4216889765625 0.4182775484375 0.497737359375
10 0.355129984375 0.495398725 0.41808954375 0.49504875937500004 0.41654800937500003 0.4215342421875 0.3534487890625 0.4175979265625 0.355129984375 0.495398725
9 0.2903796609375 0.4958738875 0.355176984375 0.4960708625 0.355992646875 0.41766344375 0.2872162078125 0.41969794218749995 0.2903796609375 0.4958738875
8 0.2310486890625 0.496645540625 0.29132204375000004 0.4964834390625 0.2886501203125 0.41967075625000005 0.2276425078125 0.42048851562499995 0.2310486890625 0.496645540625
1 0.38042181875000003 0.574006815625 0.4570002890625 0.5754062703125 0.45993093749999997 0.5272455140625001 0.3824132015625 0.5261111640625 0.38042181875000003 0.574006815625
28 0.3183576390625 0.5742941703125 0.370572503125 0.574695546875 0.36940455 0.519391625 0.3190696796875 0.52125870625 0.3183576390625 0.5742941703125
29 0.24795289375000001 0.57111213125 0.3183576390625 0.5742941703125 0.31968552968749997 0.5289472109375 0.248534846875 0.52619098125 0.24795289375000001 0.57111213125
4 0.2071901703125 0.567208196875 0.248754340625 0.569705215625 0.2505076 0.5175741953124999 0.2085855015625 0.5180150296875 0.2071901703125 0.567208196875
5 0.1450790546875 0.566823384375 0.20813261875000003 0.5678177437499999 0.20771668281250003 0.52326815 0.1402898703125 0.522790725 0.1450790546875 0.566823384375
15 0.172378090625 0.49399384687500003 0.23100168906250002 0.4959734046875 0.2301651703125 0.43254107656249996 0.1746062953125 0.43432284374999997 0.172378090625 0.49399384687500003
23 0.11587426406250001 0.49659413125 0.1734614765625 0.49661983593750003 0.174982090625 0.42829466250000003 0.109082290625 0.4304666640625 0.11587426406250001 0.49659413125
36 0.4253607328125 0.6566714765625 0.4610596546875 0.6576423984375 0.46321403281249995 0.5940909859375 0.426412309375 0.5937566671875001 0.4253607328125 0.6566714765625
34 0.38755415625 0.653866675 0.42328754375 0.6553304953125 0.42174342343750004 0.5955049328124999 0.38695931250000004 0.595896696875 0.38755415625 0.653866675
33 0.36146609375 0.6546586078125001 0.3851099140625 0.6546563234375 0.3852651421875 0.59396895625 0.361017765625 0.5933585406249999 0.36146609375 0.6546586078125001
35 0.3360657671875 0.653132634375 0.3603142515625 0.6539136171875 0.3609592109375 0.5923664640624999 0.33552293906249997 0.5925630171875 0.3360657671875 0.653132634375
37 0.3106942046875 0.6520174421875 0.3343955140625 0.6528366703125 0.33509791718750004 0.592111034375 0.3100639953125 0.5922806421875 0.3106942046875 0.6520174421875
39 0.28532264218750003 0.6509022328125 0.310060859375 0.6508234203125001 0.3101873640625 0.589725296875 0.2858299203125 0.5898499765625 0.28532264218750003 0.6509022328125
38 0.2605844265625 0.65098103125 0.2842857359375 0.651800275 0.28493065156249997 0.590253125 0.2610910609375 0.590032909375 0.2605844265625 0.65098103125
41 0.23688311718750002 0.6501618 0.2605557046875 0.6505702796875 0.261315553125 0.590666153125 0.236388084375 0.590728990625 0.23688311718750002 0.6501618
42 0.21254850468750003 0.648148546875 0.235673871875 0.6485952921875 0.2375855203125 0.5894361640625 0.212225775 0.5893246265625 0.21254850468750003 0.648148546875
40 0.188328740625 0.64777833125 0.21197256250000002 0.6477760625 0.2121565140625 0.587499446875 0.1886759 0.5868461203125 0.188328740625 0.64777833125
12 0.1470026375 0.64654048125 0.1878102875 0.6482273609375 0.1870721796875 0.5904918078125 0.142222046875 0.591125809375 0.1470026375 0.64654048125
24 0.412886996875 0.7294883343749999 0.4588778265625 0.734527653125 0.46064581875000005 0.673314728125 0.41407650937499996 0.6737007984375001 0.412886996875 0.7294883343749999
24 0.365974109375 0.7269900812500001 0.4128582734375 0.72907756875 0.41508583281250006 0.674436765625 0.3657518921875 0.6708920703125 0.365974109375 0.7269900812500001
24 0.3173335640625 0.7233743453125 0.3626622859375 0.7268089078125 0.3641703703125 0.6697418125000001 0.317427275 0.66808334375 0.3173335640625 0.7233743453125
26 0.2861742 0.7181234453124999 0.31886020312499996 0.7216165390625 0.319588446875 0.6769869390625 0.28887027656250003 0.6726585421875 0.2861742 0.7181234453124999
30 0.2382244046875 0.716523234375 0.287326 0.7188684375000001 0.289524878125 0.6638168796875 0.2408710296875 0.6646704671875 0.2382244046875 0.716523234375
16 0.195170603125 0.714167903125 0.239261353125 0.7156251890625 0.24272692343750002 0.662961659375 0.196146828125 0.664188271875 0.195170603125 0.714167903125
6 0.1538157765625 0.7125193000000001 0.1968408546875 0.714463865625 0.1976854328125 0.663634665625 0.1499106953125 0.6617491640625001 0.1538157765625 0.7125193000000001
27 0.5100113484375 0.8602915843750001 0.5873065937499999 0.8647929046874999 0.5886107390624999 0.820535821875 0.5140051578125 0.8147073578124999 0.5100113484375 0.8602915843750001
27 0.5100041 0.8995047906250001 0.5843034312500001 0.908343275 0.5873927640625001 0.8660251875 0.509564890625 0.8593645593750001 0.5100041 0.8995047906250001
25 0.42785030781250005 0.8491134390624999 0.500393265625 0.856423703125 0.500170728125 0.8139244140624999 0.4262864125 0.8089810828124999 0.42785030781250005 0.8491134390624999
25 0.42965697187499996 0.8906764203125 0.501652709375 0.8980249499999999 0.5015450625 0.8571686796875 0.42987713125000004 0.8504984078125 0.42965697187499996 0.8906764203125
25 0.3525787171875 0.8027812624999999 0.4200821078125 0.8087928609375 0.42138616874999996 0.7645357703125 0.348589184375 0.7597543046874999 0.3525787171875 0.8027812624999999
25 0.35501868281250004 0.8455382390624999 0.4268134 0.8500114640625 0.4261585390625 0.8091934890625 0.35304351875 0.8037895359375 0.35501868281250004 0.8455382390624999
25 0.359274040625 0.882802321875 0.42968569375000004 0.8910871703125001 0.42957805000000004 0.8502309140625 0.35739020625 0.84628531875 0.359274040625 0.882802321875
31 0.28504660312499996 0.7963589 0.3529822796875 0.8006892156250001 0.351032003125 0.7570724515625 0.2822959453125 0.7556237671875 0.28504660312499996 0.7963589
31 0.286853265625 0.837921865625 0.3547889015625 0.8422522171875 0.3536443484375 0.802293971875 0.2859584296875 0.7981673953125 0.286853265625 0.837921865625
31 0.2896681109375 0.8781760406249999 0.35648067031249997 0.882172134375 0.3565453640625 0.8437804296875001 0.286092265625 0.8394107890625 0.2896681109375 0.8781760406249999
17 0.2076077375 0.7898037484375 0.2751398515625 0.7962261125000001 0.26800495625 0.7570995593750001 0.2022828140625 0.7519369625000001 0.2076077375 0.7898037484375
17 0.2137918546875 0.83106063125 0.2830229453125 0.8381897078125 0.276838828125 0.79693284375 0.21473225624999998 0.792319165625 0.2137918546875 0.83106063125
17 0.22150265156249999 0.8705596718749999 0.287882925 0.8762370468749999 0.28575886875 0.8379983937500001 0.218899528125 0.8322491968750001 0.22150265156249999 0.8705596718749999
7 0.15075941875 0.78676195625 0.207751353125 0.791857534375 0.20214313437500003 0.7509731578125 0.1440205640625 0.7446665484375 0.15075941875 0.78676195625
7 0.155676803125 0.8256308140625 0.213820578125 0.8314713812500001 0.21221501874999998 0.792783696875 0.149771534375 0.78757979375 0.155676803125 0.8256308140625
7 0.159327540625 0.8621116890625 0.2163481953125 0.8676179859375001 0.21330212343750002 0.8319203937499999 0.1537235078125 0.8244309218750001 0.159327540625 0.8621116890625