15 0.346875 0.115625 0.2046875 0.221875
23 0.52109375 0.1265625 0.215625 0.234375
14 0.7078125 0.14296875 0.1953125 0.2390625
14 0.87578125 0.16484375 0.1953125 0.2359375
38 0.2453402609375 0.270388990625 0.2234393953125 0.4440413421875 0.2978303453125 0.449336525 0.3183763546875 0.27901536562499996 0.2453402609375 0.270388990625
32 0.3161572546875 0.27882121875 0.2989858671875 0.44953252343749994 0.3752664015625 0.4586264421875 0.39146099375 0.28708684687499997 0.3161572546875 0.27882121875
39 0.393728640625 0.2867261015625 0.37724842812500003 0.45805701406250005 0.45277525 0.4670843484375 0.4655280890625 0.29244860781250004 0.393728640625 0.2867261015625
42 0.46750445625000003 0.2954171953125 0.45181244375 0.46625792656250004 0.524737353125 0.4750569765625 0.5385641828125001 0.301074975 0.46750445625000003 0.2954171953125
46 0.528838359375 0.47187856874999995 0.6010861843749999 0.480995090625 0.6153473 0.309470034375 0.546603765625 0.3028966203125 0.528838359375 0.47187856874999995
36 0.5678897375 0.7165500234375 0.5811813578125 0.5454168203124999 0.48274296562499996 0.5372248140625 0.465506490625 0.7047851890625 0.5678897375 0.7165500234375
35 0.4099509421875 0.5304361 0.38887611093749996 0.7008883609375001 0.4614810109375 0.7075835500000001 0.48274296562499996 0.5372248140625 0.4099509421875 0.5304361
35 0.33393269375 0.5221044296875 0.313194890625 0.6951075859375 0.38860875781250004 0.700262890625 0.40946795468749997 0.5295533781249999 0.33393269375 0.5221044296875
35 0.2364382765625 0.6888124796875 0.3105246390625 0.693613265625 0.327890284375 0.5207353171875 0.2572490515625 0.514975246875 0.2364382765625 0.6888124796875
12 0.903125 0.8171875 0.146875 0.153125
34 0.44298895156249996 0.7706467546875 0.433146415625 0.939296059375 0.5349274515625 0.946250365625 0.5434124015624999 0.7778533796875 0.44298895156249996 0.7706467546875
33 0.3039766265625 0.7553261734375 0.2850804421875 0.9231833875 0.3594923796875 0.9305071140625 0.3757092171875 0.7616019625 0.3039766265625 0.7553261734375
33 0.3025837671875 0.7552043140625 0.2315933140625 0.7484670203125 0.2104707109375 0.9177087484375 0.2856854671875 0.9242891875 0.3025837671875 0.7552043140625
37 0.3777985140625 0.7617847531249999 0.3599752421875 0.9334208343749999 0.43128600781250004 0.9399456078125 0.4460032375 0.7682783265625 0.3777985140625 0.7617847531249999