19 0.10625 0.24921875 0.1359375 0.1375
19 0.23359375 0.23515625 0.1375 0.1390625
22 0.421875 0.2125 0.1203125 0.1328125
8 0.53359375 0.1953125 0.125 0.1375
9 0.6484375 0.184375 0.128125 0.128125
10 0.75625 0.171875 0.1265625 0.125
11 0.865625 0.15546875 0.1265625 0.125
13 0.115625 0.38671875 0.1296875 0.1296875
13 0.246875 0.371875 0.13125 0.13125
13 0.3609375 0.3578125 0.1203125 0.1296875
14 0.46640625 0.340625 0.1171875 0.125
14 0.56875 0.3296875 0.1203125 0.1203125
14 0.675 0.3140625 0.1203125 0.1171875
3 0.76640625 0.31484375 0.0890625 0.084375
3 0.83984375 0.30234375 0.0765625 0.0859375
2 0.9125 0.29609375 0.08125 0.0828125
4 0.271875 0.48671875 0.0921875 0.0890625
28 0.48125 0.45625 0.09375 0.0875
1 0.5875 0.44765625 0.13125 0.0796875
0 0.7 0.425 0.0953125 0.0828125
18 0.37421875 0.47421875 0.13125 0.0828125
18 0.1625 0.5046875 0.14375 0.0921875
15 0.709375 0.53671875 0.1078125 0.09375
23 0.60859375 0.55234375 0.1125 0.1
24 0.72578125 0.6296875 0.0875 0.08125
24 0.65 0.6421875 0.0859375 0.0796875
24 0.57421875 0.65625 0.084375 0.084375
26 0.51015625 0.67109375 0.0625 0.071875
30 0.44140625 0.68203125 0.09375 0.0859375
12 0.36015625 0.6953125 0.0875 0.0796875
16 0.28125 0.70390625 0.0828125 0.0828125
6 0.1875 0.71953125 0.1 0.090625
7 0.18203125 0.828125 0.13125 0.075
7 0.19453125 0.89140625 0.1328125 0.075
7 0.21015625 0.94765625 0.1375 0.071875
27 0.94453125 0.7640625 0.1109375 0.075
27 0.9484375 0.81796875 0.103125 0.0703125
25 0.840625 0.840625 0.1296875 0.0734375
25 0.83203125 0.7859375 0.1296875 0.0734375
25 0.71640625 0.8578125 0.121875 0.071875
25 0.5953125 0.878125 0.13125 0.0765625
31 0.44765625 0.78984375 0.1359375 0.078125
31 0.4578125 0.8453125 0.1328125 0.0734375
31 0.4703125 0.9015625 0.1296875 0.0765625
17 0.334375 0.928125 0.1265625 0.0734375
17 0.38471382656249997 0.8356934468749999 0.263224478125 0.856193925 0.272607634375 0.9084182921874999 0.4023089203125 0.8861598359375 0.38471382656249997 0.8356934468749999
17 0.373385859375 0.7732722015625 0.2560241890625 0.7904209515625 0.26384988125 0.8388340671875 0.386328959375 0.823347946875 0.373385859375 0.7732722015625
42 0.14375 0.628125 0.05 0.08125
41 0.190625 0.62109375 0.053125 0.0828125
38 0.23671875 0.61328125 0.0578125 0.084375
18 0.28046875 0.6 0.05 0.0703125
37 0.32421875 0.5984375 0.053125 0.0828125
35 0.3703125 0.5921875 0.0546875 0.0828125
18 0.41640625 0.578125 0.0546875 0.071875
18 0.52734375 0.559375 0.0640625 0.078125
34 0.4703125 0.57734375 0.0734375 0.0828125