9 0.078125 0.29375 0.1515625 0.175
18 0.28046875 0.26484375 0.2859375 0.1921875
5 0.17578125 0.58046875 0.1234375 0.0875
29 0.2890625 0.56015625 0.11875 0.0859375
7 0.4 0.54140625 0.1234375 0.0828125
31 0.4359375 0.671875 0.109375 0.08125
24 0.3484375 0.68203125 0.0859375 0.09375
23 0.2734375 0.69140625 0.0984375 0.103125
15 0.190625 0.70625 0.1 0.10625
25 0.22578125 0.825 0.1171875 0.0765625
25 0.23984375 0.88046875 0.115625 0.075
25 0.33359375 0.803125 0.1125 0.075
25 0.35078125 0.86015625 0.1140625 0.075
27 0.44609375 0.78359375 0.1109375 0.0734375
27 0.4578125 0.8390625 0.109375 0.075
39 0.4203125 0.3984375 0.0515625 0.0953125
38 0.38203125 0.40390625 0.05 0.0953125
40 0.34375 0.41015625 0.0546875 0.0984375
41 0.30546875 0.4171875 0.0515625 0.096875
42 0.265625 0.4234375 0.0546875 0.096875
35 0.22890625 0.42890625 0.05625 0.1
33 0.18671875 0.43515625 0.0546875 0.0984375
37 0.1453125 0.44296875 0.059375 0.1
32 0.1015625 0.4515625 0.0609375 0.0984375