19 0.37890625 0.3109375 0.1234375 0.178125
14 0.2640625 0.33125 0.14375 0.1796875
13 0.146875 0.35 0.15 0.18125
5 0.18203125 0.65625 0.13125 0.084375
29 0.29921875 0.6375 0.1234375 0.08125
7 0.4109375 0.615625 0.121875 0.078125
31 0.44921875 0.72890625 0.109375 0.071875
24 0.3625 0.7328125 0.08125 0.0859375
23 0.2875 0.73828125 0.0953125 0.0984375
15 0.2046875 0.75234375 0.0984375 0.10625
27 0.4546875 0.86953125 0.1015625 0.0625
27 0.44296875 0.825 0.1078125 0.0609375
25 0.35625 0.8875 0.10625 0.0625
25 0.34375 0.84140625 0.1078125 0.0625
25 0.25546875 0.90703125 0.1140625 0.0640625
25 0.24296875 0.853125 0.1140625 0.0671875
39 0.4375 0.47734375 0.0546875 0.0953125
38 0.396875 0.48359375 0.05625 0.096875
40 0.3844490984375 0.53236348125 0.36156231562499996 0.44484569687500003 0.3232026203125 0.45196290625 0.3444099171875 0.5381842484375 0.3844490984375 0.53236348125
41 0.3422171765625 0.5374899125 0.319249925 0.449464059375 0.2784456421875 0.4543643765625 0.303612996875 0.5436042140625 0.3422171765625 0.5374899125
42 0.3015811984375 0.54392601875 0.27514714375 0.45592843906249997 0.235251265625 0.462247325 0.2616224875 0.5502548578125 0.3015811984375 0.54392601875
35 0.2595102171875 0.5500685937500001 0.23307616250000002 0.46207101093749997 0.19046062187499999 0.46882064999999995 0.21751970781250002 0.5567192375000001 0.2595102171875 0.5500685937500001
33 0.2189547109375 0.55701276875 0.187699321875 0.46925799687499997 0.14650835 0.47630282187499995 0.1763674046875 0.564278753125 0.2189547109375 0.55701276875
37 0.1736583390625 0.5647078265625 0.1436770125 0.47623044531250003 0.1010402796875 0.482983440625 0.1337800984375 0.571544734375 0.1736583390625 0.5647078265625
32 0.13150688906250002 0.5703423296875 0.09399516249999999 0.48253683125 0.052265546875 0.4907085984375 0.091548178125 0.57667116875 0.13150688906250002 0.5703423296875