13 0.33125 0.31328125 0.075 0.1
13 0.39921875 0.31328125 0.0703125 0.096875
14 0.4640625 0.31484375 0.071875 0.090625
14 0.53046875 0.31484375 0.065625 0.0921875
21 0.60625 0.31640625 0.071875 0.0859375
21 0.6703125 0.315625 0.0625 0.0859375
20 0.7359375 0.309375 0.071875 0.1
23 0.3296875 0.42421875 0.06875 0.071875
15 0.3921875 0.425 0.0625 0.06875
8 0.4546875 0.415625 0.06875 0.0875
9 0.5203125 0.41640625 0.065625 0.084375
10 0.58359375 0.41875 0.0625 0.08125
11 0.6484375 0.4140625 0.0671875 0.0875
3 0.70078125 0.42578125 0.040625 0.0625
2 0.74375 0.4265625 0.046875 0.059375
1 0.5984375 0.51015625 0.075 0.046875
28 0.52734375 0.50546875 0.0515625 0.0578125
29 0.465625 0.5109375 0.075 0.046875
4 0.40078125 0.50625 0.053125 0.059375
5 0.33828125 0.51171875 0.078125 0.046875
12 0.32578125 0.5890625 0.053125 0.059375
43 0.36328125 0.5859375 0.028125 0.065625
45 0.40035968125 0.5543236874999999 0.3747290984375 0.5545835109375 0.3764608859375 0.6169409015625 0.40396054843750007 0.6169059796874999 0.40035968125 0.5543236874999999
44 0.400013328125 0.5543236874999999 0.404169640625 0.6174605390625 0.429932803125 0.617685146875 0.4277220828125 0.554063865625 0.400013328125 0.5543236874999999
40 0.4277220828125 0.55380404375 0.4291075140625 0.6172007203125001 0.45642450312499994 0.6165163953125 0.45508448437500004 0.55354421875 0.4277220828125 0.55380404375
35 0.5078345625 0.5545954796875 0.5085556015625 0.6170662703125 0.5350834453125 0.615952234375 0.5348726859374999 0.5545954796875 0.5078345625 0.5545954796875
33 0.5337911625 0.5537841703125 0.53415168125 0.6173367015625 0.5613056828125 0.61696598125 0.5601082796875 0.55405460625 0.5337911625 0.5537841703125
34 0.55902675625 0.55405460625 0.5597477609375 0.617877578125 0.599152209375 0.617574228125 0.597601134375 0.5532432968750001 0.55902675625 0.55405460625
36 0.6022877531249999 0.55405460625 0.604450803125 0.615714084375 0.6434867140625 0.6155467359375 0.6415831703125 0.5532432968750001 0.6022877531249999 0.55405460625
6 0.33125 0.66171875 0.0515625 0.05625
16 0.37734375 0.6609375 0.0453125 0.0546875
30 0.42265625 0.6609375 0.05 0.0609375
26 0.4640625 0.665625 0.034375 0.053125
24 0.50234375 0.66015625 0.05 0.0625
24 0.55 0.6609375 0.046875 0.0625
24 0.5953125 0.66015625 0.046875 0.059375
7 0.3296875 0.8 0.08125 0.046875
7 0.33203125 0.8453125 0.08125 0.04375
17 0.40625 0.8 0.078125 0.046875
17 0.409375 0.84453125 0.078125 0.0453125
31 0.4859375 0.8453125 0.078125 0.046875
31 0.4828125 0.80078125 0.078125 0.046875
31 0.48359375 0.75234375 0.0828125 0.0484375
25 0.565625 0.75078125 0.08125 0.05
25 0.56484375 0.79921875 0.0828125 0.05
25 0.5625 0.84609375 0.078125 0.05
25 0.63828125 0.84375 0.08125 0.05
25 0.6421875 0.79765625 0.078125 0.0515625
27 0.7375 0.8 0.08125 0.05
27 0.71796875 0.84375 0.0828125 0.053125