19 0.49453125 0.24296875 0.1421875 0.153125
14 0.6234375 0.2234375 0.1421875 0.15625
13 0.759375 0.20703125 0.1453125 0.1609375
9 0.8875 0.19375 0.1421875 0.1515625
7 0.58359375 0.54453125 0.146875 0.084375
29 0.721875 0.528125 0.146875 0.0828125
31 0.58203125 0.65078125 0.1375 0.0796875
24 0.69140625 0.63203125 0.09375 0.084375
27 0.60625 0.8203125 0.1421875 0.0734375
27 0.60078125 0.76328125 0.140625 0.075
25 0.74140625 0.80390625 0.1421875 0.0734375
25 0.73828125 0.74453125 0.14375 0.0765625
39 0.50859375 0.42109375 0.0640625 0.09375
38 0.5640625 0.41328125 0.059375 0.09375
40 0.615625 0.40625 0.05625 0.09375
41 0.6671875 0.4 0.0578125 0.09375
42 0.71640625 0.39296875 0.05625 0.09375
35 0.7671875 0.38671875 0.059375 0.09375
33 0.81953125 0.38046875 0.0578125 0.0953125
37 0.8734375 0.375 0.0625 0.096875
32 0.9234375 0.36796875 0.059375 0.096875