9 0.321875 0.2578125 0.1375 0.1703125
20 0.51328125 0.21328125 0.1296875 0.1546875
20 0.60546875 0.190625 0.1328125 0.1578125
18 0.171875 0.29453125 0.2234375 0.1875
18 0.415625 0.23359375 0.121875 0.159375
18 0.73515625 0.153125 0.1890625 0.1765625
18 0.70625 0.3109375 0.28125 0.165625
18 0.534375 0.47109375 0.278125 0.15
18 0.62734375 0.65546875 0.1234375 0.1
18 0.29296875 0.93125 0.1390625 0.1375
14 0.5328125 0.35546875 0.1140625 0.128125
14 0.44609375 0.37734375 0.1125 0.125
14 0.3578125 0.4 0.109375 0.125
2 0.15625 0.45703125 0.0828125 0.103125
0 0.3671875 0.51171875 0.0921875 0.1
4 0.709375 0.4296875 0.0953125 0.103125
5 0.80234375 0.41484375 0.125 0.0953125
23 0.46171875 0.5921875 0.0984375 0.1046875
15 0.38359375 0.61015625 0.0953125 0.0984375
6 0.85234375 0.6078125 0.09375 0.090625
16 0.77890625 0.61796875 0.0859375 0.09375
12 0.71484375 0.63671875 0.0859375 0.090625
24 0.54140625 0.6765625 0.0890625 0.09375
24 0.4734375 0.6921875 0.0828125 0.0921875
24 0.40703125 0.70703125 0.0828125 0.0921875
38 0.77265625 0.51953125 0.059375 0.0921875
37 0.7 0.53671875 0.0578125 0.0890625
42 0.8453125 0.5015625 0.053125 0.0890625
36 0.52890625 0.57890625 0.06875 0.090625
31 0.69296875 0.82265625 0.115625 0.084375
31 0.703125 0.87890625 0.1125 0.0828125
25 0.57890625 0.79140625 0.115625 0.0859375
25 0.59296875 0.84765625 0.1125 0.08125
25 0.60859375 0.903125 0.109375 0.0796875
25 0.5125 0.92265625 0.10625 0.078125
25 0.49375 0.86640625 0.1078125 0.0796875
25 0.415625 0.946875 0.1078125 0.078125
25 0.3921875 0.89296875 0.1109375 0.0796875
7 0.9046875 0.8359375 0.11875 0.0875
34 0.613369403125 0.5974121203125 0.5994377421875 0.5179986000000001 0.553987359375 0.531111334375 0.5678614046875 0.60741361875 0.613369403125 0.5974121203125
33 0.650702884375 0.58960095625 0.63913345 0.5094162859375 0.6050781828125 0.5174215906249999 0.6186859359375 0.598179871875 0.650702884375 0.58960095625
18 0.6835185515625 0.5676540921875 0.6677559328125 0.503801034375 0.6406420515625 0.5111807578125 0.6530010749999999 0.576379296875 0.6835185515625 0.5676540921875
18 0.7328125 0.521875 0.05 0.075
18 0.8078125 0.50234375 0.0484375 0.0765625