11 0.05625 0.29296875 0.1125 0.1515625
10 0.13203125 0.271875 0.115625 0.146875
9 0.21796875 0.25078125 0.11875 0.1484375
8 0.30234375 0.2328125 0.115625 0.146875
20 0.3859375 0.2171875 0.109375 0.1375
20 0.46953125 0.190625 0.115625 0.1484375
19 0.5640625 0.16171875 0.134375 0.1578125
21 0.66015625 0.1390625 0.121875 0.153125
3 0.190625 0.4296875 0.0828125 0.1
3 0.12265625 0.44765625 0.090625 0.1015625
2 0.0625 0.45859375 0.0875 0.096875
14 0.2640625 0.3984375 0.1171875 0.13125
14 0.35 0.378125 0.1078125 0.13125
14 0.43203125 0.35703125 0.1125 0.134375
13 0.51640625 0.33203125 0.1109375 0.140625
13 0.59765625 0.31171875 0.1078125 0.1359375
13 0.68515625 0.2875 0.121875 0.1484375
0 0.284375 0.5203125 0.0859375 0.0921875
1 0.37578125 0.50390625 0.1203125 0.0875
28 0.45859375 0.478125 0.078125 0.0859375
29 0.54296875 0.46171875 0.1125 0.084375
4 0.62890625 0.4359375 0.0796875 0.0890625
5 0.7140625 0.41796875 0.115625 0.0859375
15 0.3265625 0.60625 0.09375 0.0921875
23 0.4015625 0.58671875 0.0921875 0.0921875
24 0.3375 0.71640625 0.08125 0.090625
24 0.396875 0.69765625 0.075 0.0890625
24 0.459375 0.68515625 0.0796875 0.0890625
26 0.5109375 0.67578125 0.0515625 0.0703125
30 0.5578125 0.65625 0.078125 0.090625
12 0.61953125 0.6375 0.0765625 0.0859375
16 0.6875 0.628125 0.078125 0.0875
6 0.7515625 0.60625 0.0828125 0.0890625
27 0.22265625 0.93046875 0.1125 0.0796875
27 0.23984375 0.971875 0.1109375 0.05625
25 0.33671875 0.96015625 0.1125 0.0796875
25 0.3171875 0.9078125 0.115625 0.0796875
25 0.40703125 0.81875 0.115625 0.08125
25 0.41875 0.875 0.1109375 0.08125
25 0.43203125 0.93046875 0.10625 0.075
25 0.52890625 0.91328125 0.109375 0.0796875
25 0.51484375 0.85390625 0.1109375 0.084375
31 0.62734375 0.88828125 0.1078125 0.078125
31 0.61328125 0.83203125 0.1109375 0.0828125
17 0.721875 0.85546875 0.103125 0.0765625
17 0.709375 0.803125 0.1078125 0.075
17 0.7 0.74921875 0.1140625 0.08125
7 0.8265625 0.83046875 0.1078125 0.075
7 0.8109375 0.78046875 0.1125 0.078125
7 0.8 0.72734375 0.1140625 0.0796875
42 0.76328125 0.49609375 0.0484375 0.084375
41 0.7296875 0.50546875 0.05 0.0828125
39 0.65859375 0.52265625 0.05 0.084375
38 0.69453125 0.5140625 0.05 0.084375
37 0.6265625 0.53203125 0.05 0.0828125
33 0.55546875 0.5484375 0.05 0.0828125
35 0.59140625 0.53984375 0.05 0.084375
34 0.5109375 0.55703125 0.065625 0.0875
36 0.4640625 0.56953125 0.0625 0.084375