21 0.54140625 0.2640625 0.128125 0.175
14 0.6515625 0.26171875 0.1109375 0.1671875
13 0.7546875 0.25546875 0.115625 0.159375
9 0.8625 0.24609375 0.121875 0.171875
5 0.834375 0.58125 0.1234375 0.078125
7 0.58203125 0.5953125 0.125 0.08125
31 0.5703125 0.71640625 0.1171875 0.0796875
24 0.6640625 0.70546875 0.0828125 0.084375
23 0.7484375 0.69296875 0.0953125 0.1015625
27 0.5984375 0.89921875 0.1171875 0.0703125
25 0.71484375 0.89140625 0.1203125 0.071875
25 0.83046875 0.8859375 0.1203125 0.071875
18 0.83984375 0.68828125 0.0921875 0.103125
18 0.703125 0.56875 0.125 0.103125
40 0.615625 0.446875 0.046875 0.1
41 0.65703125 0.44296875 0.0453125 0.1
42 0.70078125 0.44140625 0.0484375 0.1015625
35 0.746875 0.43984375 0.05 0.1015625
33 0.790625 0.43671875 0.05625 0.103125
37 0.834375 0.43515625 0.0546875 0.1015625
32 0.878125 0.43203125 0.0578125 0.1