19 0.23359375 0.12421875 0.1171875 0.134375
19 0.32734375 0.12265625 0.1234375 0.146875
20 0.425 0.13203125 0.115625 0.1390625
20 0.52109375 0.13984375 0.115625 0.140625
8 0.6234375 0.14921875 0.1140625 0.140625
10 0.7921875 0.15703125 0.1140625 0.1375
11 0.89375 0.15859375 0.1140625 0.140625
2 0.89140625 0.33046875 0.0828125 0.090625
3 0.82109375 0.32890625 0.0765625 0.0875
3 0.7546875 0.3265625 0.075 0.08125
14 0.68046875 0.30234375 0.103125 0.1296875
14 0.59140625 0.2953125 0.0953125 0.13125
14 0.5015625 0.2890625 0.103125 0.1328125
13 0.41328125 0.2859375 0.0953125 0.128125
13 0.325 0.2765625 0.1 0.13125
13 0.2328125 0.26875 0.103125 0.1296875
5 0.22421875 0.40703125 0.1109375 0.075
4 0.3109375 0.40234375 0.08125 0.0953125
29 0.40078125 0.41953125 0.1125 0.0765625
28 0.49453125 0.41875 0.0875 0.0921875
1 0.59765625 0.43359375 0.1125 0.0765625
0 0.69140625 0.43359375 0.084375 0.0890625
15 0.671875 0.54765625 0.0953125 0.1078125
23 0.5859375 0.5421875 0.09375 0.10625
24 0.67109375 0.659375 0.0796875 0.0875
24 0.6 0.65234375 0.0734375 0.084375
24 0.53125 0.64765625 0.075 0.084375
26 0.475 0.646875 0.05625 0.0765625
18 0.42265625 0.64296875 0.05625 0.075
12 0.35859375 0.634375 0.0796875 0.090625
16 0.28125 0.63046875 0.0828125 0.0890625
6 0.2078125 0.62265625 0.0765625 0.0890625
7 0.11942455625 0.759862646875 0.22745605000000002 0.7689182796875 0.23202909374999997 0.7035206984375 0.12124165468749999 0.6957736859375 0.11942455625 0.759862646875
7 0.17265625 0.79921875 0.1109375 0.075
7 0.16953125 0.86328125 0.1140625 0.0703125
17 0.28125 0.8703125 0.1140625 0.0703125
17 0.2890625 0.80625 0.115625 0.071875
17 0.28984375 0.7375 0.1203125 0.0734375
31 0.40546875 0.74921875 0.115625 0.0734375
31 0.3984375 0.815625 0.1140625 0.071875
31 0.396875 0.8796875 0.1125 0.071875
25 0.50625 0.88984375 0.1125 0.0734375
25 0.45702830156249996 0.8517217296874999 0.5658200375 0.86034585625 0.5726330890625 0.794654934375 0.4646675796875 0.7873669 0.45702830156249996 0.8517217296874999
25 0.521875 0.7515625 0.1109375 0.0734375
25 0.63984375 0.76640625 0.115625 0.0734375
25 0.628125 0.8328125 0.1140625 0.075
25 0.61796875 0.896875 0.1140625 0.0734375
25 0.728125 0.9078125 0.11875 0.075
25 0.6818012984374999 0.8690820109375 0.7925486421875 0.8795350125000001 0.8002010609375001 0.811949015625 0.688125021875 0.8035885953124999 0.6818012984374999 0.8690820109375
27 0.7855359625 0.9478973249999999 0.89473085 0.955532975 0.9012467421875 0.8893145718750001 0.7901755796875001 0.88154771875 0.7855359625 0.9478973249999999
27 0.7941867625000001 0.8790610750000001 0.9006041265625001 0.8865025015624999 0.908099 0.8212588234375 0.798799728125 0.813092575 0.7941867625000001 0.8790610750000001
45 0.169719234375 0.5555299625 0.2069218296875 0.5586781843749999 0.2104464578125 0.4704715890625 0.1718833765625 0.46848012812500006 0.169719234375 0.5555299625
44 0.20679107968750002 0.5585923687500001 0.245045109375 0.5611678078125 0.2474692375 0.47423569375 0.2090847609375 0.47202167812500007 0.20679107968750002 0.5585923687500001
40 0.2429556453125 0.5611212421875 0.28174100625 0.5639100515625 0.285455553125 0.47759708749999996 0.24836736718750002 0.47476858593750004 0.2429556453125 0.5611212421875
41 0.303125 0.52265625 0.0453125 0.0890625
37 0.34140625 0.52421875 0.04375 0.090625
35 0.37890625 0.52734375 0.04375 0.0890625
33 0.4171875 0.53046875 0.0421875 0.0890625
34 0.4350900734375 0.5745565890625 0.4863737453125 0.5775145046875 0.48996394531250004 0.49330796718750003 0.439747321875 0.49003152187500004 0.4350900734375 0.5745565890625
36 0.487345103125 0.5798559187500001 0.5414302671875 0.5831265828125 0.5450579249999999 0.4983357328125 0.4904924125 0.494520140625 0.487345103125 0.5798559187500001