13 0.64453125 0.2359375 0.1046875 0.121875
13 0.5609375 0.25546875 0.1 0.1125
14 0.48515625 0.27265625 0.09375 0.1109375
14 0.4078125 0.2828125 0.096875 0.1265625
19 0.3296875 0.3 0.09375 0.121875
19 0.26171875 0.31875 0.090625 0.1203125
20 0.17734375 0.32890625 0.109375 0.134375
20 0.10234375 0.346875 0.103125 0.1296875
23 0.66953125 0.371875 0.1 0.10625
15 0.5921875 0.38828125 0.090625 0.0984375
8 0.5125 0.39140625 0.1 0.128125
9 0.4359375 0.4125 0.0984375 0.121875
10 0.36171875 0.43046875 0.0921875 0.115625
11 0.2828125 0.44296875 0.0984375 0.1234375
2 0.16328125 0.48359375 0.075 0.0859375
1 0.36796875 0.54765625 0.103125 0.075
28 0.44140625 0.52578125 0.0703125 0.0828125
29 0.5203125 0.51484375 0.10625 0.0796875
4 0.596875 0.49609375 0.0703125 0.0796875
5 0.6765625 0.48359375 0.1125 0.08125
12 0.7046875 0.56328125 0.0609375 0.078125
6 0.71953125 0.659375 0.0765625 0.078125
16 0.6578125 0.671875 0.0734375 0.08125
30 0.59765625 0.68203125 0.071875 0.0765625
26 0.5484375 0.6921875 0.05 0.0671875
24 0.5015625 0.6984375 0.0671875 0.075
24 0.4453125 0.70859375 0.0671875 0.075
24 0.3859375 0.71875 0.071875 0.078125
7 0.75 0.84375 0.1109375 0.06875
7 0.7609375 0.89609375 0.1125 0.075
17 0.65 0.8609375 0.1046875 0.0703125
17 0.6625 0.9140625 0.10625 0.0703125
17 0.6359375 0.80390625 0.10625 0.071875
31 0.53671875 0.8171875 0.1046875 0.0734375
31 0.553125 0.871875 0.0984375 0.06875
31 0.565625 0.925 0.1 0.065625
25 0.35859375 0.9 0.0953125 0.065625
25 0.37890625 0.95 0.0984375 0.0703125
25 0.47265625 0.9328125 0.0984375 0.06875
25 0.496255321875 0.8520954796875 0.47819659999999997 0.8008248515625 0.3895074796875 0.8129812734374999 0.405637503125 0.8626987390625 0.496255321875 0.8520954796875
25 0.5100917625 0.897404925 0.497688071875 0.8502626921875001 0.405637503125 0.8626987390625 0.42127733125000005 0.9135900890625 0.5100917625 0.897404925
27 0.28125 0.9625 0.1 0.06875
36 0.34609375 0.63203125 0.0546875 0.0796875
34 0.3890625 0.6265625 0.05625 0.078125
33 0.42890625 0.61796875 0.04375 0.0734375
35 0.4625 0.6125 0.04375 0.0765625
37 0.516692578125 0.638569815625 0.503185 0.566997475 0.46925572187500003 0.5742735437500001 0.48491723750000004 0.6439515640625 0.516692578125 0.638569815625
39 0.5580854390625001 0.6309212421875 0.5420929015625 0.55943454375 0.5114564109375 0.568057509375 0.5264589578125001 0.6370688078125 0.5580854390625001 0.6309212421875
38 0.5911677796875 0.624093303125 0.5759911125 0.55334185 0.545410078125 0.56026541875 0.5589567671875 0.6299570921875 0.5911677796875 0.624093303125
41 0.623888884375 0.6181303484375 0.609158503125 0.5468947625 0.578056753125 0.5539195484375 0.593208203125 0.623696684375 0.623888884375 0.6181303484375
42 0.6543462703125 0.6114152500000001 0.6412361984375 0.5416523921875 0.6102677625 0.548055746875 0.62432455 0.6176482796875 0.6543462703125 0.6114152500000001
40 0.6862595125000001 0.604019778125 0.674111553125 0.5302975640625001 0.6455919609375 0.5364207390625 0.6557276953125 0.6103519625 0.6862595125000001 0.604019778125