9 0.30859375 0.28359375 0.0984375 0.13125
13 0.38828125 0.2765625 0.0921875 0.121875
14 0.46328125 0.25703125 0.0875 0.13125
21 0.5359375 0.2515625 0.084375 0.125
5 0.38125 0.5203125 0.0953125 0.065625
29 0.4625 0.50234375 0.0875 0.065625
7 0.54453125 0.48515625 0.0921875 0.06875
31 0.565625 0.56484375 0.0859375 0.0640625
23 0.4546875 0.5828125 0.0734375 0.078125
15 0.3859375 0.59609375 0.078125 0.078125
25 0.51015625 0.7234375 0.0890625 0.065625
25 0.42734375 0.74453125 0.090625 0.06875
18 0.5828125 0.675 0.0953125 0.121875
39 0.56796875 0.375 0.0421875 0.0765625
38 0.53828125 0.38125 0.040625 0.0765625
40 0.50703125 0.38671875 0.0390625 0.075
41 0.478125 0.39296875 0.040625 0.0765625
42 0.44609375 0.3984375 0.040625 0.078125
35 0.41796875 0.4046875 0.040625 0.0765625
33 0.38671875 0.41015625 0.0421875 0.0765625
37 0.3546875 0.415625 0.0421875 0.078125
32 0.321875 0.42109375 0.0453125 0.0796875