19 0.4796875 0.2328125 0.1265625 0.1796875
14 0.378125 0.2515625 0.096875 0.153125
13 0.27890625 0.24921875 0.1171875 0.171875
9 0.16953125 0.2578125 0.1234375 0.1625
5 0.25078125 0.575 0.121875 0.06875
29 0.3703125 0.56484375 0.109375 0.06875
7 0.4796875 0.55703125 0.1109375 0.0703125
31 0.50234375 0.65859375 0.1015625 0.065625
24 0.41796875 0.6671875 0.0734375 0.0734375
23 0.33828125 0.665625 0.0921875 0.0875
15 0.25546875 0.66875 0.0890625 0.09375
25 0.28515625 0.8359375 0.1046875 0.0625
25 0.3890625 0.83125 0.1078125 0.0640625
27 0.4921875 0.82265625 0.1046875 0.0640625
27 0.49296875 0.76015625 0.10625 0.0609375
39 0.51484375 0.41875 0.04375 0.096875
38 0.47421875 0.4203125 0.04375 0.096875
40 0.45662972812499997 0.46576457343750005 0.445832896875 0.377667234375 0.41054607968749995 0.38009603593749997 0.42128380468750004 0.46935546875 0.45662972812499997 0.46576457343750005
42 0.3773730078125 0.4716567359375 0.364914296875 0.3813285015625 0.32797635 0.382105340625 0.3396251296875 0.47363501875 0.3773730078125 0.4716567359375
35 0.336513384375 0.47321859843749997 0.3247947515625 0.38227208125 0.2863365 0.3837080953125 0.29879579375 0.47577479218749996 0.336513384375 0.47321859843749997
33 0.29562347187500004 0.47420255312500004 0.2831647609375 0.38387431875 0.2439866765625 0.386507053125 0.257936165625 0.47733665625 0.29562347187500004 0.47420255312500004
37 0.25491528125 0.4786539703125 0.2369731578125 0.386874615625 0.2000351828125 0.38823095625000004 0.219478496875 0.4805111328125 0.25491528125 0.4786539703125
35 0.2155963875 0.48013508906249996 0.19611353125 0.38843648124999997 0.15848619218749999 0.391567440625 0.1786188734375 0.4820729984375 0.2155963875 0.48013508906249996