11 0.90078125 0.209375 0.1203125 0.15
10 0.8078125 0.2046875 0.1 0.1359375
9 0.7234375 0.20078125 0.0890625 0.1296875
8 0.6421875 0.19765625 0.096875 0.1234375
20 0.56015625 0.18828125 0.0953125 0.1296875
20 0.47421875 0.175 0.1 0.1390625
19 0.38359375 0.171875 0.0953125 0.128125
19 0.30078125 0.16484375 0.0921875 0.125
14 0.68828125 0.3328125 0.0921875 0.1203125
14 0.6015625 0.32421875 0.1046875 0.1296875
14 0.5140625 0.315625 0.0921875 0.11875
13 0.43046875 0.30859375 0.0921875 0.1203125
13 0.35078125 0.3 0.0953125 0.121875
13 0.26953125 0.29140625 0.0875 0.11875
3 0.7578125 0.3578125 0.0625 0.08125
3 0.81640625 0.3609375 0.065625 0.0859375
2 0.87890625 0.3671875 0.0734375 0.084375
0 0.69609375 0.45 0.071875 0.084375
1 0.6140625 0.44765625 0.103125 0.0765625
28 0.521875 0.4328125 0.075 0.0828125
29 0.4375 0.4296875 0.1046875 0.075
4 0.35546875 0.41328125 0.071875 0.0875
5 0.2765625 0.4125 0.1046875 0.075
24 0.68125 0.653125 0.06875 0.078125
24 0.61796875 0.64609375 0.06875 0.0765625
24 0.5578125 0.63671875 0.065625 0.0765625
26 0.50234375 0.63671875 0.0484375 0.065625
30 0.4421875 0.625 0.0703125 0.078125
12 0.37890625 0.61953125 0.0703125 0.075
16 0.31875 0.609375 0.0640625 0.075
6 0.2515625 0.60234375 0.071875 0.075
27 0.8265625 0.84453125 0.109375 0.0703125
27 0.8203125 0.903125 0.10625 0.065625
25 0.72109375 0.88671875 0.1046875 0.0671875
25 0.7234375 0.828125 0.10625 0.0703125
25 0.62578125 0.75703125 0.103125 0.0734375
25 0.62265625 0.8171875 0.1 0.06875
25 0.62109375 0.878125 0.1046875 0.071875
25 0.5171875 0.8609375 0.0953125 0.065625
25 0.52265625 0.8046875 0.0984375 0.06875
25 0.52734375 0.74609375 0.1015625 0.071875
31 0.4265625 0.7328125 0.1015625 0.0765625
31 0.4203125 0.79140625 0.1 0.0671875
31 0.421875 0.84921875 0.1 0.0671875
17 0.3234375 0.83515625 0.096875 0.0671875
17 0.32734375 0.77890625 0.0984375 0.0671875
17 0.33359375 0.72265625 0.0984375 0.0671875
7 0.23125 0.821875 0.09375 0.065625
7 0.23125 0.76875 0.1015625 0.0671875
7 0.24140625 0.7109375 0.103125 0.0734375
18 0.6421875 0.546875 0.153125 0.1015625
36 0.540625 0.5375 0.05 0.078125
18 0.49609375 0.5328125 0.0546875 0.08125
33 0.45546875 0.528125 0.040625 0.078125
33 0.42109375 0.52421875 0.0390625 0.078125
37 0.3890625 0.5203125 0.0390625 0.078125
42 0.2578125 0.50546875 0.0390625 0.0796875
38 0.32265625 0.5125 0.0390625 0.0796875
18 0.290625 0.50390625 0.0359375 0.0671875
18 0.35703125 0.5109375 0.0375 0.06875