0 0.32734375 0.0984375 0.1 0.159375
1 0.42109375 0.09453125 0.1265625 0.1515625
28 0.51015625 0.07578125 0.0953125 0.1515625
29 0.60546875 0.0703125 0.1328125 0.140625
4 0.6921875 0.0609375 0.096875 0.121875
5 0.7875 0.05625 0.140625 0.1125
23 0.44921875 0.28515625 0.1046875 0.171875
24 0.40703125 0.49609375 0.0828125 0.1359375
24 0.4671875 0.4875 0.0796875 0.1375
24 0.52578125 0.48125 0.0765625 0.1265625
30 0.62265625 0.46328125 0.078125 0.128125
26 0.57421875 0.47578125 0.053125 0.1140625
12 0.68046875 0.45703125 0.078125 0.1234375
16 0.7421875 0.44453125 0.0875 0.1296875
6 0.80703125 0.4375 0.084375 0.125
27 0.30625 0.815625 0.1078125 0.103125
27 0.32734375 0.89453125 0.103125 0.09375
25 0.41328125 0.87890625 0.1 0.0953125
25 0.4875 0.78671875 0.1046875 0.1046875
25 0.49921875 0.86953125 0.0984375 0.09375
25 0.5875 0.8578125 0.0984375 0.0953125
25 0.578125 0.77578125 0.1046875 0.0984375
31 0.6703125 0.76640625 0.1015625 0.0984375
31 0.67421875 0.84453125 0.096875 0.096875
31 0.6546875 0.66953125 0.1078125 0.1
17 0.76484375 0.83515625 0.1046875 0.0953125
17 0.76015625 0.75234375 0.1015625 0.0984375
17 0.753125 0.66875 0.1140625 0.1125
7 0.85546875 0.821875 0.1015625 0.0921875
7 0.8484375 0.740625 0.1078125 0.096875
7 0.8484375 0.65234375 0.1125 0.109375
36 0.5140625 0.278125 0.06875 0.15
34 0.5984810078125 0.3381847234375 0.5783126234375 0.194726325 0.5310576734375 0.2022039125 0.550765921875 0.347452915625 0.5984810078125 0.3381847234375
33 0.6688282171875 0.33005429375 0.6516584390625 0.181793478125 0.61824493125 0.18768518125 0.6344954406250001 0.33525335156249997 0.6688282171875 0.33005429375
37 0.7030148281249999 0.324026271875 0.690451509375 0.18008163125 0.6570469875 0.1859717484375 0.6706929421875001 0.3297254921875 0.7030148281249999 0.324026271875
38 0.7729235328125 0.313408953125 0.7614940953125 0.1649906984375 0.726863075 0.17109708125 0.740126240625 0.3200467359375 0.7729235328125 0.313408953125
41 0.8092672046875 0.3087100546875 0.79472989375 0.16083980312499999 0.761057790625 0.16506763124999999 0.774934425 0.3139091140625 0.8092672046875 0.3087100546875
42 0.8445507953125 0.30163386875 0.8293919093750001 0.15387321874999998 0.795691009375 0.16152506718749998 0.810510353125 0.3084908546875 0.8445507953125 0.30163386875
18 0.7332548890624999 0.29561625468749997 0.72372420625 0.1725052859375 0.692046640625 0.1772361578125 0.7018838140625 0.2994383484375 0.7332548890624999 0.29561625468749997
18 0.6302565546875 0.31121343281249997 0.615790175 0.1855538140625 0.5803569328125 0.1909469140625 0.5949729625 0.3182896171875 0.6302565546875 0.31121343281249997
18 0.36640625 0.296875 0.109375 0.175