11 0.1390625 0.225 0.140625 0.1203125
10 0.2546875 0.24609375 0.1328125 0.1171875
9 0.375 0.26484375 0.1484375 0.1265625
8 0.490625 0.2890625 0.1390625 0.115625
20 0.59765625 0.31015625 0.1234375 0.1078125
20 0.70546875 0.325 0.1234375 0.10625
19 0.81484375 0.3453125 0.1234375 0.10625
19 0.9234375 0.36171875 0.11875 0.1078125
2 0.11015625 0.35 0.0984375 0.0765625
18 0.2328125 0.36796875 0.1578125 0.090625
14 0.3609375 0.38203125 0.13125 0.096875
14 0.4671875 0.40078125 0.1203125 0.0984375
14 0.57421875 0.41640625 0.11875 0.1
13 0.69453125 0.4328125 0.1265625 0.1046875
13 0.79921875 0.45234375 0.11875 0.1046875
13 0.9078125 0.46796875 0.1265625 0.1078125
5 0.88046875 0.565625 0.1421875 0.06875
4 0.7671875 0.53984375 0.096875 0.0765625
29 0.6578125 0.528125 0.14375 0.0734375
28 0.54921875 0.50625 0.096875 0.0734375
1 0.4328125 0.49296875 0.1421875 0.0703125
0 0.321875 0.46953125 0.1015625 0.06875
15 0.32890625 0.5578125 0.115625 0.08125
23 0.43203125 0.57109375 0.1140625 0.0828125
24 0.3109375 0.64453125 0.0984375 0.0765625
24 0.39609375 0.6578125 0.09375 0.075
24 0.4765625 0.671875 0.096875 0.0765625
26 0.55 0.68984375 0.0625 0.059375
30 0.62109375 0.69453125 0.0953125 0.078125
12 0.70703125 0.70859375 0.0984375 0.078125
16 0.79296875 0.721875 0.090625 0.0765625
6 0.875 0.73359375 0.0953125 0.0765625
27 0.15078125 0.7609375 0.140625 0.075
27 0.140625 0.81015625 0.1390625 0.0734375
25 0.33671875 0.73515625 0.1328125 0.0703125
25 0.32421875 0.7890625 0.1375 0.0734375
25 0.3140625 0.83671875 0.1359375 0.06875
25 0.4625 0.759375 0.134375 0.0703125
25 0.4546875 0.8109375 0.1359375 0.0640625
25 0.44375 0.8578125 0.1296875 0.065625
31 0.5828125 0.83046875 0.1296875 0.06875
31 0.56953125 0.8765625 0.1390625 0.0671875
31 0.5828125 0.76953125 0.125 0.0640625
17 0.70625 0.89453125 0.13125 0.0671875
17 0.7 0.83046875 0.1296875 0.065625
7 0.8359375 0.91171875 0.1359375 0.0703125
7 0.83359375 0.8609375 0.146875 0.0734375
7 0.82734375 0.8078125 0.1515625 0.075
42 0.90546875 0.65078125 0.0546875 0.0703125
41 0.8609375 0.64296875 0.0578125 0.0703125
38 0.815625 0.63515625 0.05625 0.0703125
39 0.77109375 0.628125 0.0546875 0.0703125
34 0.5828125 0.5984375 0.0703125 0.0734375
36 0.51875 0.5890625 0.0734375 0.0734375
37 0.7265625 0.621875 0.0546875 0.0703125
35 0.68359375 0.61484375 0.05625 0.0703125
33 0.6390625 0.60703125 0.0578125 0.071875