15 0.2578125 0.0640625 0.1125 0.128125
23 0.33125 0.0734375 0.11875 0.146875
14 0.4203125 0.08203125 0.13125 0.1640625
14 0.49921875 0.09296875 0.1296875 0.1859375
14 0.553125 0.19140625 0.1234375 0.1984375
19 0.62890625 0.2078125 0.128125 0.2015625
13 0.7109375 0.21171875 0.1265625 0.1984375
13 0.5046875 0.41171875 0.1359375 0.2234375
13 0.584375 0.43203125 0.13125 0.20625
8 0.67265625 0.44140625 0.128125 0.21875
9 0.74609375 0.45078125 0.128125 0.215625
10 0.84453125 0.490625 0.1265625 0.196875
11 0.915625 0.50703125 0.1265625 0.2
1 0.85703125 0.7109375 0.1140625 0.121875
0 0.78515625 0.6859375 0.0875 0.1265625
29 0.71328125 0.68125 0.1078125 0.115625
28 0.64765625 0.6546875 0.090625 0.1328125
5 0.57421875 0.6515625 0.1078125 0.11875
4 0.5078125 0.621875 0.0921875 0.14375
12 0.45078125 0.61015625 0.096875 0.14375
16 0.8390625 0.86796875 0.0921875 0.1421875
6 0.78203125 0.85703125 0.0859375 0.1328125
6 0.73125 0.84296875 0.0859375 0.134375
30 0.67421875 0.83828125 0.0890625 0.1296875
24 0.61953125 0.8234375 0.090625 0.140625
24 0.5640625 0.81328125 0.09375 0.140625
24 0.51015625 0.79609375 0.090625 0.1421875
3 0.45703125 0.7828125 0.0921875 0.146875
2 0.4046875 0.7734375 0.0921875 0.140625
7 0.7537667328125 1 0.749261703125 0.9841959265625 0.664272325 0.966076471875 0.6715768484375 1 0.7537667328125 1
31 0.6717053875000001 1 0.6645252984375001 0.9684426281249999 0.582426375 0.9514276921875 0.5879611046875 0.9973339296875 0.6006713203125 1 0.6717053875000001 1
18 0.5831198421875 0.9529632734375 0.496387784375 0.9365856828125001 0.4954855546875 0.9783378484374999 0.58681566875 0.9976109109375001 0.5831198421875 0.9529632734375
31 0.49700362968749995 0.9341156609375 0.41418009843750003 0.9165262656250001 0.407413965625 0.958128184375 0.4942949625 0.9780410015625 0.49700362968749995 0.9341156609375
18 0.41298812500000004 0.9171035968749999 0.3274899875 0.899721871875 0.3191805265625 0.94093899375 0.4057872140625 0.95815985 0.41298812500000004 0.9171035968749999
18 0.32769452656250003 0.8975865609375001 0.2515604828125 0.884725875 0.23574115 0.9258196218749999 0.31800127031250003 0.9406449718750001 0.32769452656250003 0.8975865609375001
40 0.2052862953125 0.7148134640625 0.1795339 0.840636334375 0.210595475 0.84617679375 0.23567692343750002 0.7215090749999999 0.2052862953125 0.7148134640625
41 0.204663953125 0.7146582968749999 0.1744810234375 0.708455284375 0.14872862656250002 0.8342781531250001 0.1793668515625 0.840153871875 0.204663953125 0.7146582968749999
45 0.1757249609375 0.7074429953125 0.1441938703125 0.701344659375 0.11854719375 0.8307203875000001 0.1482425375 0.8350385812500001 0.1757249609375 0.7074429953125
44 0.144918190625 0.69843956875 0.111520815625 0.6931983515625 0.08659995781249999 0.8223142343750001 0.11929620781250001 0.8291438875000001 0.144918190625 0.69843956875
43 0.109446834375 0.6935628765625 0.07957657500000001 0.69008269375 0.05641553125 0.8134659750000001 0.08784315000000001 0.8199793234375001 0.109446834375 0.6935628765625
33 0.16390329374999998 0.527850875 0.1318650140625 0.520252975 0.10357409375 0.6466273546875 0.1360248609375 0.6527675375 0.16390329374999998 0.527850875
33 0.16737525 0.6617544890625 0.1969516046875 0.53609074375 0.1631693296875 0.5284481578125 0.13542855 0.6537892828125 0.16737525 0.6617544890625
37 0.1952991875 0.53567875 0.16810855156249999 0.65998661875 0.1985581703125 0.6671884203125 0.22632677499999998 0.5414640937499999 0.1952991875 0.53567875
34 0.23020131875 0.542430125 0.1995233546875 0.667819209375 0.24419559375 0.677786828125 0.2714194640625 0.5519266828125 0.23020131875 0.542430125
35 0.1692335015625 0.344643321875 0.14250341875 0.471797003125 0.17463394062499998 0.48019818281250004 0.2007196515625 0.3497627171875 0.1692335015625 0.344643321875
35 0.23542037656249998 0.3584145796875 0.202005746875 0.3516439375 0.174635928125 0.4837099453125 0.20624990625 0.48964149062500006 0.23542037656249998 0.3584145796875
35 0.23606276249999997 0.358184603125 0.20639747968750002 0.4888980046875 0.23783634999999997 0.4943957515625 0.2683757828125 0.36468058124999997 0.23606276249999997 0.358184603125
36 0.2676424796875 0.3664484515625 0.24183018281250002 0.493440821875 0.285033596875 0.5034323625 0.30922628125 0.373305190625 0.2676424796875 0.3664484515625
38 0.1924393546875 0.1612109796875 0.1652520296875 0.291371784375 0.197314575 0.29780531093749996 0.2258539828125 0.1679816203125 0.1924393546875 0.1612109796875
32 0.2264047875 0.1681189515625 0.1961887 0.298695021875 0.2294542015625 0.306208759375 0.2576161984375 0.1743402671875 0.2264047875 0.1681189515625
39 0.2573414578125 0.1754421890625 0.22868554218749998 0.305626971875 0.260399584375 0.31353417031249997 0.289195253125 0.181433528125 0.2573414578125 0.1754421890625
42 0.2860143 0.1907556734375 0.2593791078125 0.3233949828125 0.29036696093750003 0.32956056093749997 0.3173172875 0.19660968125 0.2860143 0.1907556734375
46 0.2920281359375 0.3214200546875 0.324158659375 0.3298212328125 0.350975684375 0.19410613593749998 0.32082409218749997 0.18736878125 0.2920281359375 0.3214200546875