13 0.2106021625 0.287273209375 0.294815653125 0.29836015 0.30886529218750003 0.18357775468749998 0.22283095468749997 0.17685029218749998 0.2106021625 0.287273209375
13 0.2938337390625 0.298256946875 0.3720781984375 0.30946175625 0.38938354375 0.1920405640625 0.3077430578125 0.18391286093749998 0.2938337390625 0.298256946875
14 0.3721556703125 0.30872465937500004 0.4534233421875 0.31950198125 0.467835184375 0.21071966562500002 0.3855482796875 0.199538728125 0.3721556703125 0.30872465937500004
14 0.4556971359375 0.3167599828125 0.53394159375 0.327964790625 0.5483533609375 0.2191824671875 0.470073240625 0.21028471249999997 0.4556971359375 0.3167599828125
14 0.533269496875 0.32491316718749996 0.612340921875 0.3376954 0.630318365625 0.2233258453125 0.5491366765625 0.213939484375 0.533269496875 0.32491316718749996
19 0.607353803125 0.3379164703125 0.692704303125 0.3476324359375 0.71771001875 0.232511078125 0.632627403125 0.22271471250000002 0.607353803125 0.3379164703125
19 0.6958049187500001 0.34646781875 0.7839461421875 0.35796757968750004 0.806006190625 0.24253661875 0.7163117015625 0.22964823281250002 0.6958049187500001 0.34646781875
20 0.7850056015625 0.35733369375 0.865213890625 0.36874490937500004 0.8859047328124999 0.2568962921875 0.8017741109375001 0.243285825 0.7850056015625 0.35733369375
2 0.6425304171875 0.4660705125 0.693513240625 0.4721742625 0.7049557921875 0.40108765156250004 0.6530743703125 0.394310540625 0.6425304171875 0.4660705125
3 0.5864830015625 0.46092493125 0.6444167734375 0.46701401562499995 0.656246690625 0.3922418671875 0.5969824921875 0.3846909421875 0.5864830015625 0.46092493125
3 0.524776290625 0.452948815625 0.5893511921875 0.4619716859375 0.60141368125 0.384988178125 0.5394692375 0.376784003125 0.524776290625 0.452948815625
18 0.4482633171875 0.4441617390625 0.5259132234375 0.451577834375 0.5399123921875 0.35616661875 0.4605634046875 0.3480080890625 0.4482633171875 0.4441617390625
10 0.36790001562499997 0.4342246796875 0.44539497031249997 0.443115025 0.46264992656250004 0.34506499375 0.3784940515625 0.3375202015625 0.36790001562499997 0.4342246796875
9 0.2865548671875 0.4241844828125 0.36676315000000004 0.4355957265625 0.377222028125 0.336086159375 0.29765250625 0.32716136093750003 0.2865548671875 0.4241844828125
8 0.20195401249999997 0.4167830515625 0.279216478125 0.42788467968750005 0.296651609375 0.31867488437499997 0.20294837187499998 0.30696626562499996 0.20195401249999997 0.4167830515625
0 0.6134952499999999 0.5534088921875 0.6733153796875 0.56044148125 0.687006640625 0.49629845625 0.619583590625 0.4885482671875 0.6134952499999999 0.5534088921875
18 0.52308023125 0.54465113125 0.6095674437499999 0.5529960625 0.6198480484375 0.49296605624999995 0.5321190921875 0.48214845625 0.52308023125 0.54465113125
28 0.45599911249999997 0.540581634375 0.52096145625 0.54591894375 0.53292115625 0.4793581953125 0.4624245734375 0.47203018906249994 0.45599911249999997 0.540581634375
29 0.360906940625 0.5290965359375 0.45419023125 0.5389010062499999 0.4637735 0.4855049703125 0.370115234375 0.4762934796875 0.360906940625 0.5290965359375
4 0.30033724375 0.5197493921875 0.3603123921875 0.5253077953124999 0.3693262734375 0.458437428125 0.30574948750000003 0.45090784375000004 0.30033724375 0.5197493921875
5 0.20304874687500002 0.5102692265625 0.2981409171875 0.5217543234375001 0.304028878125 0.465734121875 0.21098453749999999 0.45491303906249997 0.20304874687500002 0.5102692265625
15 0.5892371140625 0.642525059375 0.6599359984375 0.6499558109375 0.669182303125 0.580874084375 0.5971734609375 0.5718472765625 0.5892371140625 0.642525059375
23 0.52057945625 0.634563609375 0.5902189546875001 0.6426282546875 0.5994654078125 0.57354654375 0.5271885875 0.5644915703125 0.52057945625 0.634563609375
36 0.474661228125 0.627501634375 0.518693103125 0.633620078125 0.5258981046875 0.5650690671875 0.48289082812500006 0.5607667140625 0.474661228125 0.627501634375
34 0.4274511125 0.6232849203125 0.469519159375 0.62919695625 0.47778355 0.5600120234375 0.43377863593750005 0.555604815625 0.4274511125 0.6232849203125
33 0.3927746265625 0.618265415625 0.4240251953125 0.6220157578125 0.43482526562499996 0.554681 0.401061771875 0.5508161453125 0.3927746265625 0.618265415625
35 0.3614271703125 0.6154364390625 0.39272620625 0.6187261015625001 0.402864159375 0.5517875453125 0.37030616250000004 0.548165490625 0.3614271703125 0.6154364390625
37 0.3296113265625 0.6111608921875 0.36086189375 0.6149112515625 0.3703861515625 0.5479081765625 0.33884366250000003 0.5448586484375 0.3296113265625 0.6111608921875
39 0.2984576 0.6064891625 0.3290944703125 0.6101750203125 0.339700859375 0.544683021875 0.3052000125 0.5401587765625 0.2984576 0.6064891625
38 0.2633794953125 0.6037338734375 0.29703647499999997 0.6082029296875 0.305898615625 0.54159605625 0.2728491546875 0.5379223468750001 0.2633794953125 0.6037338734375
39 0.2296740953125 0.5997255171875 0.2639932390625 0.6037983796875 0.272758490625 0.5381128890625 0.2392055046875 0.533222475 0.2296740953125 0.5997255171875
18 0.20090990468749997 0.5841261734375001 0.23098145468750003 0.587286821875 0.240942646875 0.5338373421875 0.20608726718749998 0.5309053890625 0.20090990468749997 0.5841261734375001
24 0.5862714437500001 0.725428715625 0.6450904000000001 0.7325424046875 0.658523259375 0.6696764078124999 0.5964546125 0.6627097046875 0.5862714437500001 0.725428715625
24 0.5289547703124999 0.7217333984375001 0.584753525 0.7280638765624999 0.597055834375 0.6641474859375001 0.5373060140625 0.6570748265625 0.5289547703124999 0.7217333984375001
24 0.473204340625 0.71494224375 0.5270167921875 0.7224612765625 0.5379947734375 0.659337259375 0.47957119062500003 0.652752328125 0.473204340625 0.71494224375
18 0.42047406875000004 0.7089342765625 0.47197690156250005 0.714813234375 0.48243807343749995 0.6507033328125 0.428398828125 0.6450463296875 0.42047406875000004 0.7089342765625
30 0.3617519515625 0.7008992171874999 0.41939188749999995 0.7074232296875 0.43036991875 0.644299184375 0.37090596875 0.6384216953124999 0.3617519515625 0.7008992171874999
12 0.3064215859375 0.696015309375 0.3623172703125 0.7014244453125 0.372213125 0.636789315625 0.3135945828125 0.630070459375 0.3064215859375 0.696015309375
16 0.25076804375 0.688302771875 0.3040152140625 0.695296653125 0.3141858203125 0.6339508578124999 0.25868730625 0.6283727125 0.25076804375 0.688302771875
6 0.1899627359375 0.6823776515625 0.250105928125 0.6886989546875 0.25933965937500003 0.624460046875 0.1962462390625 0.6171547609375 0.1899627359375 0.6823776515625
7 0.167719809375 0.7759344578125 0.25788617812500003 0.7858771015625 0.263034546875 0.7309902078125 0.1714845609375 0.719874540625 0.167719809375 0.7759344578125
7 0.166866259375 0.8135730796875 0.2527366625 0.8230641609375 0.2586451359375 0.7845595296875 0.16721218124999998 0.7752870656249999 0.166866259375 0.8135730796875
17 0.2572240625 0.786273284375 0.34630825 0.794704859375 0.3547999 0.743429834375 0.26332795781249996 0.7318552359375 0.2572240625 0.786273284375
17 0.25322201718750004 0.8361570531250001 0.34277464062499996 0.846035225 0.34814934062499997 0.7948983671875001 0.2585301640625 0.7848849734375001 0.25322201718750004 0.8361570531250001
31 0.349489346875 0.788052484375 0.4348913109375 0.7960970265625 0.44375455312499995 0.7471899640624999 0.35583675625 0.7375050640625 0.349489346875 0.788052484375
31 0.3422093671875 0.8455100015625 0.4294039984375 0.8542087531250001 0.43615139843749995 0.8018188484375001 0.34837388125 0.7937460375 0.3422093671875 0.8455100015625
25 0.43595771718750004 0.80366160625 0.52489664375 0.81347525625 0.5331134953125 0.758910875 0.44608490625 0.7498999828125 0.43595771718750004 0.80366160625
25 0.43114829062500004 0.8553236703125 0.5164534140625 0.8642896 0.5267377796875 0.8136687671875 0.43668284375 0.8024457921874999 0.43114829062500004 0.8553236703125
25 0.5254135453125001 0.8144611359375 0.612366071875 0.8254633828125 0.622375640625 0.771553178125 0.534858790625 0.761558059375 0.5254135453125001 0.8144611359375
25 0.5184398140625001 0.8631010187499999 0.6054407625 0.873642546875 0.6143040546874999 0.8247354703124999 0.526284596875 0.8136089906249999 0.5184398140625001 0.8631010187499999
25 0.6061513484375001 0.8727856484375 0.6945249546875 0.8820740875 0.7026292359374999 0.8344846125000001 0.619844221875 0.82402439375 0.6061513484375001 0.8727856484375
18 0.6158703921875001 0.8216396250000001 0.7011270453125 0.8310662531249999 0.7065017453125 0.7799293953124999 0.62700464375 0.7706610875 0.6158703921875001 0.8216396250000001
27 0.6939112125 0.88200958125 0.782753296875 0.8927446187499999 0.792505034375 0.847191396875 0.7077902390624999 0.83617735 0.6939112125 0.88200958125
27 0.6997375171875 0.820673009375 0.7838152 0.8295099296874999 0.7966838859375 0.78381855625 0.7111932640624999 0.7742726453125 0.6997375171875 0.820673009375