11 0.2875 0.0953125 0.10625 0.140625
10 0.365625 0.11171875 0.1015625 0.140625
9 0.4375 0.1328125 0.090625 0.1328125
8 0.5140625 0.14140625 0.1140625 0.15625
20 0.6058190046874999 0.231955559375 0.6497382390625 0.10221178281250001 0.58224445625 0.0871373734375 0.542371578125 0.21992571875000003 0.6058190046874999 0.231955559375
22 0.6957141453125 0.24742254843749997 0.7428451109374999 0.1118079796875 0.6595821234375 0.0977507 0.6124679546875 0.2326406734375 0.6957141453125 0.24742254843749997
19 0.792110153125 0.2642713359375 0.843948771875 0.1340263890625 0.7551298015625 0.123157125 0.7057415234375 0.24591311718750003 0.792110153125 0.2642713359375
21 0.8910362562499999 0.28748321875 0.9482026250000001 0.1459919515625 0.8509610015625 0.12896342031250002 0.792298421875 0.26795217031249996 0.8910362562499999 0.28748321875
13 0.8411084671875001 0.4356102328125 0.8928991828124999 0.3148212203125 0.800521240625 0.2886322171875 0.7486832296875 0.4137801546875 0.8411084671875001 0.4356102328125
13 0.74325914375 0.411899065625 0.7901934578125 0.28643697968750004 0.7000740999999999 0.26800968125 0.6584115500000001 0.39095150312500004 0.74325914375 0.411899065625
13 0.65532929375 0.391752675 0.6912842015625 0.26759765625 0.6086177390625 0.25075451875 0.5749770890625 0.37248879687500003 0.65532929375 0.391752675
14 0.5731197 0.372093996875 0.6027815000000001 0.2546111296875 0.5304994609375 0.23924710781249997 0.4992683609375 0.354211921875 0.5731197 0.372093996875
14 0.48831228906249996 0.3555239515625 0.52099656875 0.232858228125 0.44331003750000003 0.21561728281249998 0.4152013765625 0.3341584453125 0.48831228906249996 0.3555239515625
14 0.41486502031250005 0.3311742984375 0.43880778437499995 0.21757295000000001 0.37213688125 0.2034016125 0.349075765625 0.316462196875 0.41486502031250005 0.3311742984375
3 0.35037712499999996 0.312681903125 0.3676418328125 0.2304804296875 0.32341043125 0.2190503015625 0.30218518437499997 0.2977053328125 0.35037712499999996 0.312681903125
3 0.29842341562499997 0.2942011375 0.32365106718750003 0.22112990312499997 0.27856773281249997 0.2095186921875 0.2538557328125 0.2833756828125 0.29842341562499997 0.2942011375
2 0.2529933734375 0.28319238125 0.2773476265625 0.2099355 0.23355021250000002 0.196569165625 0.2085631953125 0.271720003125 0.2529933734375 0.28319238125
5 0.7966862078125 0.5366927031250001 0.8274264859375 0.47223087656249996 0.72067695625 0.44480750625 0.6931284296875 0.5065670046874999 0.7966862078125 0.5366927031250001
4 0.694715640625 0.507580528125 0.7215935640625 0.43147931406250006 0.6612999078125 0.41460659375000003 0.6328634531249999 0.48902423125 0.694715640625 0.507580528125
29 0.6308637187499999 0.48995147499999997 0.650975865625 0.428639778125 0.5544792578125 0.40407188437499997 0.537516746875 0.4626723015625 0.6308637187499999 0.48995147499999997
28 0.5332049484375 0.46175580156249996 0.5519434671875 0.3940667703125 0.498588959375 0.3786690109375 0.47997635625 0.44503250312500003 0.5332049484375 0.46175580156249996
1 0.47525203437499997 0.4460567734375 0.4913264875 0.38659144218749997 0.405941271875 0.3650614984375 0.3901161375 0.42255136875000004 0.47525203437499997 0.4460567734375
0 0.381905065625 0.41877759843750006 0.399294590625 0.34877337656249996 0.3546377875 0.3392812796875 0.337025053125 0.40518115000000005 0.381905065625 0.41877759843750006
23 0.4357914734375 0.5384156984375 0.4592994078125 0.46092201875 0.3986139703125 0.44193757031249997 0.371902234375 0.51672180625 0.4357914734375 0.5384156984375
15 0.3737644625 0.516441484375 0.3974322953125 0.442362546875 0.3360369296875 0.4225510484375 0.30728814843749996 0.49419769375 0.3737644625 0.516441484375
6 0.726608940625 0.739264446875 0.7563966734375 0.669275459375 0.6862270453125 0.64726085625 0.659354740625 0.71431974375 0.726608940625 0.739264446875
16 0.659475059375 0.7137536875 0.6840287859374999 0.6497517640625 0.625555934375 0.6284484921875 0.598891621875 0.6908185296875 0.659475059375 0.7137536875
12 0.6022708375 0.6897619078125 0.6218881859375001 0.6229358296874999 0.568712671875 0.602758540625 0.5479645546875 0.6669777375 0.6022708375 0.6897619078125
30 0.5457335109375 0.6700533078124999 0.5678419546875 0.6025734640625 0.5101849390625001 0.5849933968750001 0.4885619390625 0.6496182625 0.5457335109375 0.6700533078124999
26 0.48943682187500004 0.64921259375 0.507462475 0.5897394078125 0.4729706328125 0.578266515625 0.45004649375000005 0.637881759375 0.48943682187500004 0.64921259375
24 0.4492919265625 0.6377213703125 0.46926585625 0.5727459828125 0.41727554062500005 0.5545955124999999 0.3966477421875 0.6182486515625001 0.4492919265625 0.6377213703125
24 0.3966477421875 0.6182486515625001 0.41446488125 0.5522231921875 0.36451103749999997 0.53568885 0.346781178125 0.6005495984375 0.3966477421875 0.6182486515625001
24 0.34829030781250003 0.6008703734374999 0.3617203265625 0.5368705640625 0.3104230203125 0.523008825 0.29691461406249997 0.582850546875 0.34829030781250003 0.6008703734374999
7 0.65106599375 0.9462526703125 0.6703568078125001 0.8959228890625001 0.5738410234375 0.86061701875 0.558091296875 0.90874131875 0.65106599375 0.9462526703125
7 0.6626492921875 0.8954678703125 0.6825418812499999 0.8423078390625 0.5878960046875 0.8056245328125 0.56780450625 0.8593339171875 0.6626492921875 0.8954678703125
7 0.6874211453125 0.8457114859375 0.7075575953125 0.7914200250000001 0.6097699234375 0.7546605421875 0.5897987421875001 0.80780386875 0.6874211453125 0.8457114859375
17 0.5531703015625 0.9059204328125 0.5710478 0.8546986109375 0.4828240859375 0.8176054796875001 0.46698668593750003 0.869852571875 0.5531703015625 0.9059204328125
17 0.5716873734375 0.84477680625 0.5887567171875 0.801074425 0.5010454953125001 0.7652734921875 0.4879204203125 0.8121807828125001 0.5716873734375 0.84477680625
17 0.5887382390625 0.8016621296875 0.607100059375 0.748176721875 0.5186653125 0.7157717953125 0.5018000609375 0.7654338796875 0.5887382390625 0.8016621296875
31 0.481467925 0.8202753796875 0.4944027859375 0.76622806875 0.414139965625 0.7326019765625 0.3991774515625 0.7844433984375 0.481467925 0.8202753796875
31 0.46758828281250003 0.8670222828125 0.4805879046875 0.8200883265625001 0.397788640625 0.783556565625 0.3849368515625 0.8328884750000001 0.46758828281250003 0.8670222828125
25 0.41417261562499996 0.7361587093749999 0.428083540625 0.6811356046875 0.3482334671875 0.6493721406249999 0.33239606875 0.7016192328125 0.41417261562499996 0.7361587093749999
25 0.399779046875 0.7816131109375 0.41149032500000005 0.73322204375 0.33465976406250003 0.7021003968749999 0.32228924999999997 0.749168075 0.399779046875 0.7816131109375
25 0.38840373906250003 0.8277090625 0.39812389375 0.7812612984375 0.32228924999999997 0.749168075 0.309164175 0.7960753656249999 0.38840373906250003 0.8277090625
25 0.3077753640625 0.79518853125 0.318591365625 0.7471987999999999 0.24491977187499997 0.7161569796875 0.2321883046875 0.76492283125 0.3077753640625 0.79518853125
25 0.3209004390625 0.748281240625 0.3323187546875 0.6974613734374999 0.2590400546875 0.6682779609375 0.24694282812499999 0.7177702578125 0.3209004390625 0.748281240625
25 0.23242894218750002 0.7637907171875 0.243620125 0.717655628125 0.170480884375 0.6879102265625 0.16136926875 0.7344873421875 0.23242894218750002 0.7637907171875
25 0.24344329375 0.7193929375 0.253573796875 0.667116071875 0.180828340625 0.6392292703125 0.170119925 0.6896084015625 0.24344329375 0.7193929375
27 0.1557813796875 0.7273832765625 0.16532361874999998 0.6814893265624999 0.098120071875 0.6535972296875 0.088013253125 0.7011460703125 0.1557813796875 0.7273832765625
27 0.1729199171875 0.6801458078125 0.1825840859375 0.6336861421875 0.1170410265625 0.609105153125 0.1064202828125 0.65536149375 0.1729199171875 0.6801458078125
36 0.4782569609375 0.5501822062499999 0.502871090625 0.48068160156250006 0.4632313578125 0.46777196718749997 0.43893457187499996 0.5383364578125 0.4782569609375 0.5501822062499999
33 0.549697290625 0.4946431984375 0.5242446109375 0.5662528328125 0.554538446875 0.574843375 0.580366025 0.5046042625 0.549697290625 0.4946431984375
35 0.5812076 0.5056437015624999 0.556471028125 0.576544990625 0.5865023500000001 0.5863705718750001 0.6116699046875 0.5138397765625 0.5812076 0.5056437015624999
37 0.61817999375 0.596546084375 0.645652171875 0.5236445984375 0.613228721875 0.514601390625 0.5881486734375 0.5867205078125 0.61817999375 0.596546084375
39 0.65288776875 0.6086565078125 0.67806140625 0.5331150625000001 0.6480877609375 0.5233017421875 0.621210125 0.5984809953125 0.65288776875 0.6086565078125
38 0.6809173078125 0.5358734921874999 0.6548203499999999 0.6103581265625 0.6865854984374999 0.6201219625000001 0.7162070078125 0.5455259406249999 0.6809173078125 0.5358734921874999
41 0.7182666796875 0.546394015625 0.6879693078125 0.621706934375 0.7214682828125001 0.63140903125 0.751527315625 0.5547546156250001 0.7182666796875 0.546394015625
42 0.7573611109375 0.6433410671875001 0.7900458921875 0.56767505 0.755018715625 0.5572178484375 0.7239496390625 0.6332272921875 0.7573611109375 0.6433410671875001
18 0.524722159375 0.5559264234375 0.547054784375 0.49218323125 0.5075987859375 0.47934195625 0.4863110640625 0.5410799265625 0.524722159375 0.5559264234375