8 0.58203125 0.21328125 0.10625 0.1390625
9 0.6796875 0.2203125 0.1140625 0.1484375
10 0.77421875 0.2328125 0.1109375 0.14375
19 0.31328125 0.1796875 0.1109375 0.15
19 0.21328125 0.1703125 0.1046875 0.146875
11 0.900353896875 0.311955353125 0.934979153125 0.1747906953125 0.8463274406249999 0.16238736250000002 0.806086209375 0.3037079984375 0.900353896875 0.311955353125
2 0.846875 0.4015625 0.06875 0.0953125
3 0.78046875 0.3984375 0.0734375 0.090625
3 0.71640625 0.39140625 0.0703125 0.090625
14 0.6453125 0.3703125 0.0921875 0.125
14 0.559375 0.3609375 0.0921875 0.1203125
14 0.47265625 0.35390625 0.0921875 0.125
13 0.38359375 0.3421875 0.0984375 0.13125
13 0.29453125 0.33125 0.1 0.1328125
13 0.203125 0.3203125 0.096875 0.13125
0 0.65390625 0.4953125 0.078125 0.078125
1 0.5671875 0.48984375 0.1078125 0.071875
28 0.4828125 0.47734375 0.0765625 0.0828125
29 0.39765625 0.475 0.109375 0.0734375
4 0.30703125 0.45703125 0.078125 0.0859375
5 0.215625 0.45625 0.1125 0.0734375
15 0.63125 0.59296875 0.084375 0.0953125
23 0.553125 0.5828125 0.0828125 0.09375
24 0.62421875 0.68984375 0.06875 0.078125
24 0.5609375 0.6828125 0.0671875 0.0796875
24 0.49921875 0.678125 0.06875 0.075
30 0.39921875 0.66796875 0.071875 0.075
12 0.334375 0.6625 0.06875 0.0765625
16 0.27109375 0.6546875 0.0734375 0.075
6 0.1984375 0.64921875 0.0703125 0.0765625
27 0.75234375 0.921875 0.1 0.0609375
25 0.65859375 0.91328125 0.096875 0.059375
25 0.66953125 0.8609375 0.1015625 0.0609375
25 0.5640625 0.90234375 0.1 0.0625
25 0.575 0.85 0.0984375 0.0609375
25 0.47890625 0.84609375 0.1015625 0.059375
25 0.47109375 0.8953125 0.096875 0.0546875
31 0.38046875 0.83515625 0.096875 0.0609375
31 0.37578125 0.88671875 0.0984375 0.0578125
17 0.28359375 0.82734375 0.0984375 0.0609375
17 0.28203125 0.8796875 0.0984375 0.0609375
7 0.1859375 0.8703125 0.1015625 0.0609375
7 0.19296875 0.809375 0.09375 0.0609375
26 0.446875 0.67578125 0.0421875 0.0640625
36 0.49829570468749995 0.618744678125 0.51077628125 0.5458668375 0.46697418125 0.5400982703125 0.45526045625 0.61497958125 0.49829570468749995 0.618744678125
34 0.45071678750000005 0.6138075093750001 0.4606574640625 0.54032018125 0.417413215625 0.5342131421875 0.40611094062499997 0.61029228125 0.45071678750000005 0.6138075093750001
33 0.390625 0.571875 0.040625 0.08125
35 0.3546875 0.5671875 0.0390625 0.0796875
37 0.3203125 0.5640625 0.0390625 0.078125
39 0.2859375 0.56015625 0.0390625 0.08125
38 0.25 0.5578125 0.0390625 0.0796875
41 0.21484375 0.55390625 0.0390625 0.0796875
18 0.18125 0.54609375 0.0390625 0.0671875
18 0.44375 0.19765625 0.184375 0.15