11 0.038978071875 0.2271052234375 0.14611280468750001 0.219591075 0.12713365000000001 0.0734669484375 0.017903803125 0.0839527859375 0.038978071875 0.2271052234375
10 0.143734346875 0.2207286265625 0.24578936406250002 0.21179996874999998 0.22541923125 0.0639386125 0.13089044218749998 0.0722088109375 0.143734346875 0.2207286265625
9 0.2399642703125 0.21602744999999998 0.343410265625 0.208836025 0.3327153609375 0.058269268750000006 0.223614890625 0.0696732484375 0.2399642703125 0.21602744999999998
8 0.3443977453125 0.20596124218749998 0.4452231828125 0.197140159375 0.4385398140625 0.0499402921875 0.3320048515625 0.06204928125 0.3443977453125 0.20596124218749998
20 0.44038556875 0.19849285781249998 0.5352245140624999 0.192054453125 0.5284413625 0.05787579375 0.4353752578125 0.0678769484375 0.44038556875 0.19849285781249998
20 0.5313743796875 0.19053236875 0.6274429031250001 0.1839863890625 0.62138605 0.0581093515625 0.5304779390625 0.06699224375 0.5313743796875 0.19053236875
19 0.62375416875 0.1843091109375 0.7196612921875001 0.175918325 0.717051075 0.0469513578125 0.6167310453125 0.058516612499999995 0.62375416875 0.1843091109375
19 0.714742978125 0.176348621875 0.8182696734375 0.17007959687500002 0.81525595625 0.036500618750000005 0.71816465625 0.0422066171875 0.714742978125 0.176348621875
13 0.7364233890625 0.3250248078125 0.8263440203125001 0.319016696875 0.8248826828125001 0.189019753125 0.7340205578125001 0.195110234375 0.7364233890625 0.3250248078125
13 0.6454345781249999 0.332985296875 0.7351131109375 0.32420997812499996 0.7401224640625 0.1973647734375 0.638171396875 0.20442541093750002 0.6454345781249999 0.332985296875
13 0.5516638125 0.3374713234375 0.643056121875 0.334122846875 0.63651506875 0.20271139531250001 0.544459178125 0.20983577968749997 0.5516638125 0.3374713234375
14 0.45329753124999994 0.3460772578125 0.5543650687499999 0.3400233828125 0.5468365375 0.2114867140625 0.43492004843750004 0.2184897484375 0.45329753124999994 0.3460772578125
14 0.35747110625 0.355390446875 0.45091907343750004 0.347214809375 0.4448622203125 0.22133777187499998 0.35136958749999997 0.2267289296875 0.35747110625 0.355390446875
14 0.2711585109375 0.3601534328125 0.35976886406249997 0.35333049375000003 0.3536313109375 0.22653105468749998 0.2627382484375 0.23355370468749997 0.2711585109375 0.3601534328125
3 0.20582945000000002 0.36401005937500003 0.277225703125 0.3586931578125 0.2706274046875 0.26911254218749997 0.2066903796875 0.27284738124999997 0.20582945000000002 0.36401005937500003
3 0.136684046875 0.28176053125 0.1354544671875 0.28186810625000003 0.1405003890625 0.3678666859375 0.20943748593749997 0.3627649328125 0.21062015625 0.2771508859375 0.136684046875 0.28176053125
2 0.0790214609375 0.3732453953125 0.14664828125 0.36732881562499997 0.1428319390625 0.28122266093750004 0.0714356828125 0.28653955937500003 0.0790214609375 0.3732453953125
5 0.7012639093749999 0.44859304218749996 0.8066304359375 0.44275452968750006 0.8066438109374999 0.3785359296875 0.6981743875 0.384645909375 0.7012639093749999 0.44859304218749996
4 0.6264447625 0.455983834375 0.7002928374999999 0.45036793125 0.6973369796875 0.37795944375 0.6238686437500001 0.38523205625 0.6264447625 0.455983834375
29 0.5231363140624999 0.46451517343750004 0.6302710453125 0.457001025 0.6282300968750001 0.391187725 0.522553859375 0.398574271875 0.5231363140624999 0.46451517343750004
28 0.456577675 0.4684793734375 0.52928420625 0.46397730312499996 0.524883884375 0.385357940625 0.45378121406250005 0.39157861875 0.456577675 0.4684793734375
1 0.3519828015625 0.476700778125 0.456577675 0.4684793734375 0.45330714843750003 0.40277364843749996 0.348980790625 0.411901021875 0.3519828015625 0.476700778125
0 0.273370475 0.4845079265625 0.3519828015625 0.476700778125 0.34570730156249996 0.3908097703125 0.265953275 0.39778734375 0.273370475 0.4845079265625
15 0.28881554062500003 0.582874740625 0.3748860375 0.5753445484374999 0.3690913859375 0.4888803515625 0.2884571171875 0.4965988375 0.28881554062500003 0.582874740625
23 0.3730718546875 0.5748393671875001 0.4538727265625 0.56777020625 0.448481575 0.485918021875 0.3694500734375 0.4915045796875 0.3730718546875 0.5748393671875001
36 0.45721288125 0.5654862734375 0.50651130625 0.562501025 0.5003571703125 0.4820433984375 0.4468138296875 0.4854000296875 0.45721288125 0.5654862734375
34 0.5029343390625 0.481154021875 0.5082102046875 0.5616884890625 0.5556368046875 0.5575392 0.55164099375 0.47954834999999996 0.5029343390625 0.481154021875
41 0.7439325203125 0.5450488703125 0.7797686781250001 0.5399219078125 0.77829410625 0.46237438124999997 0.737993734375 0.46457240312500003 0.7439325203125 0.5450488703125
33 0.5587337406249999 0.5586564109375 0.5939444 0.555575878125 0.58899038125 0.4732026109375 0.5527396296875 0.4759516578125 0.5587337406249999 0.5586564109375
38 0.70855544375 0.54597119375 0.7432805640625 0.5437781046875 0.7391789 0.4647101328125 0.7035226875 0.4674071640625 0.70855544375 0.54597119375
39 0.6688735921875 0.54944290625 0.705275409375 0.547103125 0.7026303546875 0.46537281718749995 0.6642437328125 0.46915369374999993 0.6688735921875 0.54944290625
35 0.5978566953125 0.555233596875 0.631986234375 0.55267013125 0.6253922000000001 0.47086282968750004 0.5896724109375 0.4731429421875 0.5978566953125 0.555233596875
37 0.6629118187499999 0.46842525625000003 0.6260244640625 0.47165248125000003 0.6337948078125 0.5525119015625 0.6682780109374999 0.5490725296875001 0.6629118187499999 0.46842525625000003
37 0.7329542046874999 0.65748453125 0.805794528125 0.6532242453125 0.8067596375000001 0.5741354703125 0.7379507859375 0.577620565625 0.7329542046874999 0.65748453125
16 0.6692763640625 0.6634781046875 0.7318364078124999 0.657582325 0.729366084375 0.5842863921875 0.669144384375 0.5895551078125 0.6692763640625 0.6634781046875
12 0.6054884765625 0.6682138546874999 0.6709897421875 0.6637506859375 0.66632050625 0.591069615625 0.5987430578125 0.596136909375 0.6054884765625 0.6682138546874999
30 0.543157196875 0.6702872703125 0.6047094875 0.6657471078125 0.5973644734375 0.5882303421875 0.5354345406250001 0.593648509375 0.543157196875 0.6702872703125
26 0.4974374984375 0.675554675 0.5432672421875 0.6715450921875 0.540155984375 0.6037975125 0.496660325 0.6076028890625 0.4974374984375 0.675554675
24 0.4359952546875 0.6813526578125 0.499746459375 0.676197634375 0.4981738453125 0.6002882625 0.4328294578125 0.6055826703125 0.4359952546875 0.6813526578125
24 0.3702285421875 0.6892189140625 0.439009840625 0.6836238156250001 0.4328646625 0.60050979375 0.3659011734375 0.6067908234375 0.3702285421875 0.6892189140625
24 0.301483925 0.6952332890624999 0.37190524062499997 0.689072221875 0.3676201671875 0.60790788125 0.29844173125 0.6148051765625 0.301483925 0.6952332890624999
7 0.749537053125 0.7633444265625 0.8493512671874999 0.7584141625 0.8515915640625 0.700337978125 0.7525662609375 0.7060441875000001 0.749537053125 0.7633444265625
7 0.7468478984375 0.8227273296875 0.8434274374999999 0.8130102671874999 0.84324005625 0.75937130625 0.7461454421875 0.767865984375 0.7468478984375 0.8227273296875
7 0.7482631265624999 0.8775263171875001 0.8454382453125 0.8681796296875 0.8478619515625001 0.8121998156249999 0.7486045734375 0.8217286749999999 0.7482631265624999 0.8775263171875001
17 0.6557800171875 0.7795742828125001 0.7532939468750001 0.76766305625 0.7509163234375 0.7083009546875 0.6521973062499999 0.7177827156250001 0.6557800171875 0.7795742828125001
17 0.6497007875 0.8388312984375 0.7470593171875 0.8315809796875 0.746505115625 0.77374928125 0.649763071875 0.7801006984375001 0.6497007875 0.8388312984375
17 0.652462578125 0.8897101265625 0.7492255250000001 0.8820894328125 0.7437059203125 0.8318743625 0.6514709578125 0.8382539453125 0.652462578125 0.8897101265625
31 0.5523102796875 0.787781746875 0.6490365437500001 0.779741778125 0.6472545000000001 0.720750053125 0.551681625 0.727844146875 0.5523102796875 0.787781746875
31 0.5493276734375 0.843810459375 0.650635178125 0.8366371328125 0.6479554265624999 0.780258846875 0.5502187265625 0.7883872171874999 0.5493276734375 0.843810459375
31 0.55465519375 0.8982671640625 0.6542126374999999 0.8904019828124999 0.6512674406250001 0.8374267828124999 0.552302234375 0.8443951843749999 0.55465519375 0.8982671640625
25 0.44939473906250005 0.8538209078125 0.5493276734375 0.843810459375 0.546052340625 0.7870617953125 0.447769178125 0.7956604578124999 0.44939473906250005 0.8538209078125
25 0.457626803125 0.9092909468749999 0.554206340625 0.8995738828125001 0.551636634375 0.8444534171875 0.45290461718749997 0.8543587984375 0.457626803125 0.9092909468749999
25 0.3478217890625 0.8643973218750001 0.4495047828125 0.8550787281250001 0.444964925 0.7967507640625 0.34498068593750003 0.8054982515625 0.3478217890625 0.8643973218750001
25 0.35661275 0.9198184640625 0.4565823671875 0.9102272890625001 0.45229928125 0.8548342421875 0.355743125 0.864126778125 0.35661275 0.9198184640625
25 0.2439765578125 0.8747500515625 0.3469607609375 0.867430034375 0.34186200312500004 0.809150965625 0.2401394765625 0.8176280515625001 0.2439765578125 0.8747500515625
25 0.2539220015625 0.9304926734375 0.3578772765625 0.921397765625 0.35221961875 0.8631675953125001 0.2517998890625 0.8736431171874999 0.2539220015625 0.9304926734375
27 0.1421468359375 0.8823915484375 0.2430508421875 0.8706062093750001 0.238510984375 0.8122782453124999 0.135756059375 0.822113103125 0.1421468359375 0.8823915484375
27 0.15410778593750002 0.9354229359374999 0.25448957499999997 0.9241057703125 0.250948796875 0.87076019375 0.14886467187500002 0.8818038140625 0.15410778593750002 0.9354229359374999