11 0.86171875 0.21484375 0.0984375 0.134375
10 0.76484375 0.20390625 0.103125 0.1375
9 0.66796875 0.2 0.0984375 0.1359375
20 0.5078125 0.18828125 0.103125 0.1328125
20 0.415625 0.18203125 0.096875 0.134375
19 0.3265625 0.16953125 0.0984375 0.140625
19 0.22578125 0.16015625 0.1140625 0.1421875
2 0.86015625 0.37890625 0.06875 0.0890625
3 0.78984375 0.37265625 0.0671875 0.090625
3 0.721875 0.36640625 0.0703125 0.096875
14 0.6453125 0.35 0.090625 0.121875
14 0.5578125 0.34375 0.096875 0.125
14 0.471875 0.3359375 0.09375 0.1203125
13 0.3796875 0.32578125 0.0953125 0.1359375
13 0.28984375 0.31953125 0.09375 0.134375
13 0.196875 0.3140625 0.1 0.13125
0 0.65703125 0.47734375 0.0765625 0.084375
1 0.56796875 0.4765625 0.1125 0.0734375
28 0.48046875 0.4625 0.0703125 0.084375
29 0.3953125 0.4625 0.1078125 0.0734375
4 0.3046875 0.446875 0.078125 0.0859375
5 0.209375 0.44765625 0.1140625 0.0734375
15 0.64296875 0.58125 0.0875 0.09375
23 0.56015625 0.57421875 0.08125 0.0953125
24 0.6390625 0.6890625 0.06875 0.08125
24 0.57421875 0.684375 0.0671875 0.078125
24 0.50859375 0.68203125 0.0734375 0.078125
26 0.44296875 0.67578125 0.053125 0.06875
30 0.38671875 0.66875 0.071875 0.08125
12 0.31796875 0.66328125 0.071875 0.08125
16 0.24765625 0.66015625 0.0734375 0.08125
6 0.17421875 0.65546875 0.071875 0.0796875
25 0.69921875 0.86640625 0.1078125 0.0671875
25 0.6890625 0.925 0.10625 0.065625
25 0.58515625 0.91484375 0.103125 0.065625
25 0.48125 0.90703125 0.10625 0.0671875
25 0.48671875 0.8484375 0.10625 0.0640625
25 0.59296875 0.85625 0.1078125 0.065625
25 0.5953125 0.78984375 0.1078125 0.06875
31 0.3828125 0.8421875 0.10625 0.0671875
31 0.37890625 0.9 0.1015625 0.065625
31 0.3890625 0.77109375 0.103125 0.0671875
17 0.278125 0.89453125 0.10625 0.065625
17 0.2796875 0.83671875 0.103125 0.065625
7 0.17734375 0.88515625 0.103125 0.0640625
7 0.1765625 0.828125 0.109375 0.065625
34 0.44375 0.56875 0.0546875 0.0859375
33 0.39609375 0.565625 0.040625 0.0859375
37 0.321875 0.5609375 0.0421875 0.084375
39 0.28515625 0.5578125 0.0421875 0.0828125
38 0.246875 0.55625 0.0390625 0.0859375
18 0.4953125 0.5671875 0.0546875 0.075
18 0.3609375 0.5578125 0.0390625 0.0734375
18 0.21015625 0.54609375 0.0390625 0.0734375
42 0.1868588890625 0.5948591890625 0.184771865625 0.510199384375 0.1518116578125 0.509360140625 0.153229 0.59153051875 0.1868588890625 0.5948591890625