19 0.80859375 0.18828125 0.115625 0.15
19 0.70546875 0.18515625 0.1109375 0.1390625
20 0.6078125 0.178125 0.10625 0.1390625
20 0.5078125 0.1703125 0.1125 0.1484375
8 0.409375 0.165625 0.1046875 0.1453125
9 0.3125 0.15703125 0.10625 0.146875
10 0.21484375 0.15 0.0984375 0.140625
11 0.0984375 0.13671875 0.10625 0.1546875
13 0.79609375 0.35078125 0.10625 0.1390625
13 0.70390625 0.34296875 0.1046875 0.134375
13 0.60703125 0.3359375 0.109375 0.13125
14 0.48203125 0.32890625 0.1046875 0.125
14 0.384375 0.31953125 0.103125 0.1359375
14 0.2921875 0.31640625 0.0921875 0.125