13 0.809375 0.12734375 0.10625 0.13125
13 0.7203125 0.11953125 0.0890625 0.1390625
14 0.63125 0.121875 0.096875 0.1359375
14 0.534375 0.11484375 0.1 0.14375
19 0.43984375 0.11640625 0.090625 0.1375
19 0.35078125 0.11640625 0.090625 0.13125
22 0.253125 0.1109375 0.0953125 0.140625
20 0.15546875 0.109375 0.096875 0.140625
23 0.784375 0.2875 0.090625 0.0984375
15 0.69765625 0.2921875 0.0859375 0.0859375
8 0.6171875 0.28125 0.090625 0.109375
9 0.528125 0.27109375 0.0921875 0.1328125
10 0.42890625 0.26640625 0.1 0.134375
11 0.33515625 0.26953125 0.0875 0.1234375
3 0.2578125 0.28203125 0.0703125 0.0890625
2 0.18515625 0.29296875 0.071875 0.071875
5 0.746875 0.40859375 0.109375 0.0734375
4 0.65703125 0.4 0.0671875 0.08125
29 0.571875 0.40703125 0.10625 0.06875
28 0.48515625 0.4015625 0.0640625 0.0765625
1 0.39453125 0.40703125 0.109375 0.0703125
12 0.76015625 0.5171875 0.0640625 0.075
6 0.75390625 0.61171875 0.0671875 0.0734375
16 0.684375 0.61171875 0.0640625 0.0703125
30 0.6171875 0.609375 0.0671875 0.0796875
26 0.5625 0.61328125 0.04375 0.0671875
24 0.509375 0.60859375 0.065625 0.08125
24 0.4390625 0.60546875 0.065625 0.078125
24 0.37265625 0.60546875 0.0671875 0.0765625
7 0.73046875 0.83515625 0.096875 0.05625
7 0.73671875 0.7828125 0.1 0.0546875
7 0.73046875 0.7078125 0.0953125 0.059375
17 0.6328125 0.83515625 0.096875 0.0578125
17 0.63984375 0.78046875 0.096875 0.05625
17 0.63671875 0.7015625 0.0921875 0.0609375
31 0.5359375 0.8359375 0.096875 0.0546875
31 0.540625 0.7828125 0.0984375 0.059375
31 0.53984375 0.7234375 0.1 0.059375
25 0.43984375 0.83515625 0.096875 0.05625
25 0.340625 0.83515625 0.0984375 0.059375
25 0.4390625 0.77890625 0.096875 0.0578125
25 0.34140625 0.77890625 0.096875 0.059375
25 0.4421875 0.7078125 0.0953125 0.059375
27 0.24140625 0.834375 0.0984375 0.05625
36 0.36171875 0.50625 0.046875 0.08125
34 0.4125 0.50703125 0.0484375 0.08125
33 0.4578125 0.5078125 0.0359375 0.0796875
35 0.49296875 0.50703125 0.034375 0.08125
37 0.53046875 0.50859375 0.0359375 0.0796875
39 0.56484375 0.5078125 0.0359375 0.08125
38 0.6 0.509375 0.0359375 0.0796875
41 0.6359375 0.509375 0.0375 0.08125
42 0.67265625 0.51015625 0.0359375 0.08125
40 0.7222053015625 0.5494695968750001 0.73113526875 0.47126595781249997 0.6955870125 0.4695769203125 0.6880305765625 0.548873075 0.7222053015625 0.5494695968750001