9 0.37109375 0.22890625 0.1125 0.15625
20 0.5671875 0.22109375 0.1078125 0.140625
20 0.6625 0.21640625 0.1109375 0.1421875
18 0.2171875 0.23515625 0.203125 0.1546875
18 0.46796875 0.22265625 0.0984375 0.146875
18 0.79765625 0.2046875 0.1671875 0.1515625
18 0.7390625 0.35390625 0.271875 0.11875
18 0.5390625 0.478125 0.2703125 0.103125
18 0.5953125 0.6765625 0.1125 0.0828125
18 0.21328125 0.890625 0.11875 0.134375
14 0.56015625 0.3640625 0.096875 0.1140625
14 0.4703125 0.36875 0.0953125 0.1125
14 0.37890625 0.37421875 0.0921875 0.1125
2 0.1703125 0.3921875 0.0671875 0.0953125
0 0.3671875 0.4859375 0.0796875 0.0890625
4 0.71875 0.4703125 0.08125 0.090625
5 0.81328125 0.47421875 0.115625 0.0765625
23 0.44453125 0.5828125 0.084375 0.0921875
15 0.36484375 0.5859375 0.0828125 0.0875
6 0.825 0.67265625 0.0828125 0.078125
16 0.7515625 0.66875 0.0734375 0.0828125
12 0.684375 0.675 0.0734375 0.0796875
24 0.50703125 0.68125 0.0765625 0.0828125
24 0.43671875 0.68359375 0.06875 0.0828125
24 0.36875 0.68515625 0.0703125 0.08125
38 0.7640625 0.571875 0.0453125 0.0875
37 0.6890625 0.57421875 0.04375 0.084375
42 0.83828125 0.5671875 0.0390625 0.084375
36 0.51328125 0.5828125 0.05625 0.084375
31 0.628125 0.85390625 0.10625 0.0671875
31 0.62734375 0.9109375 0.1046875 0.065625
25 0.521875 0.80078125 0.1078125 0.06875
25 0.525 0.859375 0.1046875 0.0640625
25 0.5296875 0.91640625 0.1015625 0.0625
25 0.43125 0.9171875 0.0984375 0.0625
25 0.42421875 0.85859375 0.1 0.0640625
25 0.33203125 0.92265625 0.1 0.0625
25 0.31953125 0.86484375 0.103125 0.0625
7 0.8328125 0.90703125 0.1109375 0.06875
34 0.5926993781250001 0.6172542875 0.5941764968750001 0.5366415296875 0.5470591359375 0.54084100625 0.546119115625 0.6183886953125 0.5926993781250001 0.6172542875
33 0.6308373781250001 0.6167102 0.6347804640625 0.5357911953125 0.599823403125 0.53715136875 0.5977717390625 0.619022375 0.6308373781250001 0.6167102
18 0.6672377890625001 0.6014280859375 0.6639485125 0.5357405390625 0.635924671875 0.5378111031249999 0.6356161578124999 0.6041699765625 0.6672377890625001 0.6014280859375
18 0.725 0.565625 0.0390625 0.0703125
18 0.8015625 0.5609375 0.0375 0.071875