19 0.4359375 0.25 0.115625 0.15
14 0.53046875 0.23125 0.121875 0.15
13 0.615625 0.21640625 0.10625 0.14375
9 0.70234375 0.1984375 0.1203125 0.14375
7 0.528125 0.5140625 0.10625 0.078125
29 0.62109375 0.4953125 0.103125 0.0734375
5 0.7125 0.4734375 0.103125 0.075
31 0.52890625 0.6078125 0.1 0.0765625
24 0.59921875 0.58828125 0.06875 0.071875
23 0.66015625 0.56953125 0.08125 0.0828125
15 0.73046875 0.55546875 0.0828125 0.0859375
27 0.56484375 0.76171875 0.096875 0.0671875
27 0.5515625 0.71328125 0.0984375 0.0703125
25 0.6625 0.74296875 0.1 0.06875
25 0.74140625 0.67265625 0.1015625 0.071875
25 0.75234375 0.721875 0.0953125 0.0625
39 0.453125 0.4015625 0.05 0.0859375
38 0.48828125 0.39375 0.05 0.0859375
40 0.521875 0.38671875 0.0484375 0.0859375
41 0.578674003125 0.41543682187500003 0.566528840625 0.3363731 0.535671065625 0.3417488578125 0.5469020765625 0.42179573281250005 0.578674003125 0.41543682187500003
42 0.6124581046875 0.4086502109375 0.5994167046875 0.32780488281250003 0.568791696875 0.33431442968749997 0.5816922625000001 0.4147952703125 0.6124581046875 0.4086502109375
35 0.646665034375 0.40137930468749994 0.6358048203125 0.32085919375 0.6040849265625 0.3272070421875 0.61489310625 0.4077382140625 0.646665034375 0.40137930468749994
33 0.6812145828125 0.393246728125 0.6709459703125 0.31299528906249996 0.6382918578125001 0.319936134375 0.6489396125 0.3997125625 0.6812145828125 0.393246728125
37 0.71499868125 0.3864601171875 0.708260196875 0.30545832812499996 0.6758596640625 0.31116200781250003 0.6828039234375 0.39330332343749996 0.71499868125 0.3864601171875
32 0.74962844375 0.3787049125 0.752195746875 0.29690838125 0.7172913890625 0.3007777375 0.7174336859375 0.3855481203125 0.74962844375 0.3787049125