11 0.26640625 0.10703125 0.1015625 0.1375
10 0.34609375 0.11953125 0.0953125 0.1390625
9 0.41796875 0.13671875 0.084375 0.1296875
8 0.4953125 0.140625 0.10625 0.153125
20 0.5916456218749999 0.22678476718749999 0.6287144015624999 0.09492024375 0.56052418125 0.0833988453125 0.5276555546874999 0.21809199375000002 0.5916456218749999 0.22678476718749999
22 0.68222704375 0.23752580937499998 0.7221959 0.0996304515625 0.6383113203125 0.08995008593750001 0.598321315625 0.2271209625 0.68222704375 0.23752580937499998
19 0.7793727406250001 0.24930652968749997 0.8243238234374999 0.11652705625 0.7350577234375 0.1103211140625 0.69216168125 0.23549365625 0.7793727406250001 0.24930652968749997
21 0.8793780859375 0.26730920937499997 0.9290610296875 0.12301999374999999 0.8310614671875 0.1111040328125 0.7797533921875 0.252972465625 0.8793780859375 0.26730920937499997
13 0.8372710906249999 0.41784623906249996 0.88266921875 0.294512246875 0.7890472515625 0.2731938234375 0.7438300203125 0.40088324062499997 0.8372710906249999 0.41784623906249996
13 0.7383149203125 0.3992886046875 0.7786187328125 0.2715421078125 0.6876584703125 0.2578565453125 0.6524872953124999 0.3828103296875 0.7383149203125 0.3992886046875
13 0.64945119375 0.3837717171875 0.6788590546875 0.2579051140625 0.59542438125 0.24541148750000003 0.5682009156250001 0.3687395484375 0.64945119375 0.3837717171875
14 0.566325409375 0.3684424984375 0.5897979796875 0.24956825781249997 0.5168109109375 0.2380082421875 0.4916394046875 0.3544500109375 0.566325409375 0.3684424984375
14 0.480767015625 0.3563336375 0.5069866734375 0.2321254609375 0.4285042875 0.21897394218750002 0.40663811250000004 0.3388237421875 0.480767015625 0.3563336375
14 0.40614604062500004 0.3358612890625 0.42411055624999994 0.221162559375 0.35678935312500004 0.210499928125 0.339676975 0.32461249375 0.40614604062500004 0.3358612890625
3 0.34077870625 0.3207692734375 0.3537176609375 0.2377768875 0.3089486703125 0.2286773171875 0.291868996875 0.308335396875 0.34077870625 0.3207692734375
3 0.2879289890625 0.30503288125 0.3092978140625 0.230741475 0.2636685796875 0.22150565625000002 0.2428558234375 0.296554753125 0.2879289890625 0.30503288125
2 0.241985053125 0.2964168375 0.2624719609375 0.2219857484375 0.21803503124999998 0.21092991093750002 0.1970153484375 0.28728547656250003 0.241985053125 0.2964168375
5 0.7981999562500001 0.5211150609375 0.8255244359375 0.45513275468750003 0.7174859734375 0.43333380625 0.69320744375 0.49645044374999997 0.7981999562500001 0.5211150609375
4 0.6948455234375001 0.497379509375 0.71770378125 0.4199759078125 0.65660970625 0.4062818375 0.6321069406250001 0.4820857375 0.6948455234375001 0.497379509375
29 0.630158475 0.48311636875 0.647034253125 0.420836109375 0.54938410625 0.4013521265625 0.5355117515625001 0.4607599828125 0.630158475 0.48311636875
28 0.5311578953125 0.46007040000000005 0.5463281624999999 0.3914934359375 0.49224091875 0.3789091390625 0.477127021875 0.44615579062500005 0.5311578953125 0.46007040000000005
1 0.47246277968749995 0.447425909375 0.485403028125 0.38720080156250003 0.399008040625 0.3701690796875 0.38621338125000004 0.4284083859375 0.47246277968749995 0.447425909375
0 0.3778160578125 0.42506952187499997 0.3915180140625 0.3542511421875 0.34642563437499996 0.34710921093749997 0.33228596875 0.41384054531250003 0.3778160578125 0.42506952187499997
23 0.437889990625 0.541723465625 0.45731000312500003 0.463105678125 0.39571416406250004 0.44732327656250004 0.372952940625 0.5234030078125 0.437889990625 0.541723465625
15 0.3747979453125 0.523025609375 0.39455635 0.4478095171875 0.3322082703125 0.43123835312500003 0.307248584375 0.5042914046875 0.3747979453125 0.523025609375
6 0.7388205140624999 0.7270767484375 0.7649044828125 0.6556247078124999 0.6936788640625 0.6373126703125 0.6703529796875001 0.70568604375 0.7388205140624999 0.7270767484375
16 0.6704435078125 0.705114465625 0.6916139828125 0.6399152109374999 0.6321063390624999 0.6217013671875 0.608742765625 0.68538143125 0.6704435078125 0.705114465625
12 0.61206205 0.6841494031249999 0.62815510625 0.616388215625 0.5739964703125 0.5990215703125 0.5566377609375001 0.6642386296875 0.61206205 0.6841494031249999
30 0.5545707375 0.6674267484375 0.573117259375 0.5988823156249999 0.5146191906250001 0.5843438765625 0.496408028125 0.6500118374999999 0.5545707375 0.6674267484375
26 0.4972604828125 0.6495609375 0.5121488453125 0.58922586875 0.477103828125 0.5795738625 0.45733112656249997 0.6403071609375 0.4972604828125 0.6495609375
24 0.4565692 0.640186484375 0.47311520625 0.5742547874999999 0.42024622031250003 0.5588501546875 0.40297803906249996 0.6234956359375 0.4565692 0.640186484375
24 0.40297803906249996 0.6234956359375 0.4173152546875 0.556628184375 0.36656452968750003 0.542730884375 0.35225351875 0.6084306515625 0.40297803906249996 0.6234956359375
24 0.3537773671875 0.6086720062500001 0.363839490625 0.5440570328125001 0.31188701874999997 0.5328989843749999 0.3015289984375 0.5933656703125 0.3537773671875 0.6086720062500001
7 0.6742140234375 0.9377349125000001 0.6908443421875 0.8864645031249999 0.5926130640625 0.8562582640624999 0.5794035515625 0.905140890625 0.6742140234375 0.9377349125000001
7 0.683123575 0.8864134890625 0.700206721875 0.8322852140625001 0.6037706984375 0.8006055640625 0.5865176671875 0.8552928484375 0.683123575 0.8864134890625
7 0.7052574328125 0.8354288359375 0.722524890625 0.78015791875 0.622947390625 0.748566625 0.6057848859375 0.80268233125 0.7052574328125 0.8354288359375
17 0.5743416671875 0.9025814140625 0.5895139234375 0.8504941531249999 0.49946981093750004 0.8180691296875 0.48638851718750004 0.871073484375 0.5743416671875 0.9025814140625
17 0.5896333515625 0.8405524734375 0.6043920968750001 0.7960166453124999 0.5149274046875 0.7648552265624999 0.5042752546875 0.8123851468750001 0.5896333515625 0.8405524734375
17 0.604404403125 0.7966045109375 0.6199418484375 0.7422314203125 0.52993235625 0.7144992203125 0.51568933125 0.7649759046875 0.604404403125 0.7966045109375
31 0.498255240625 0.820806346875 0.5083437578125001 0.7661561484375 0.42643108124999995 0.7367767703125 0.41420224218749996 0.7893302234374999 0.498255240625 0.820806346875
31 0.4868411640625 0.868215590625 0.4973666375 0.8206656062500001 0.41276892187499997 0.788517290625 0.402516578125 0.838454203125 0.4868411640625 0.868215590625
25 0.42664983124999994 0.7403269203125 0.4376620046875 0.68465118125 0.356258990625 0.657110278125 0.3431777 0.7101146328125 0.42664983124999994 0.7403269203125
25 0.41465488749999996 0.7864723296875 0.42381752187500005 0.737534659375 0.34546347499999996 0.7104766640625 0.335573246875 0.7581272609374999 0.41465488749999996 0.7864723296875
25 0.40570764375 0.8331004453125 0.412983590625 0.786207621875 0.335573246875 0.7581272609374999 0.3249210953125 0.8056571796875 0.40570764375 0.8331004453125
25 0.323487775 0.804844246875 0.331777365625 0.7563542171875001 0.25658213281250003 0.7292106109375001 0.2464203203125 0.7785759453125001 0.323487775 0.804844246875
25 0.334139925 0.7573143265625 0.3428828859375 0.7059665171875 0.26817726875000003 0.6806582109375 0.2586868484375 0.7307158 0.334139925 0.7573143265625
25 0.246601378125 0.7774327875 0.2553627015625 0.7307752234375 0.18076693906250002 0.7048984 0.17410546875 0.7518885484375 0.246601378125 0.7774327875
25 0.255277034375 0.7325194078124999 0.2626576953125 0.679783996875 0.1885524515625 0.655742615625 0.18049535156250002 0.7066131390625 0.255277034375 0.7325194078124999
27 0.16815344062499998 0.7450866656249999 0.1752806984375 0.698756209375 0.1067094921875 0.6744195000000001 0.0991050390625 0.722432128125 0.16815344062499998 0.7450866656249999
27 0.1827962734375 0.6970169734375 0.1900156859375 0.6501151953125001 0.12327598125000001 0.628998153125 0.1150906625 0.675746946875 0.1827962734375 0.6970169734375
36 0.4809130921875 0.5512513765625 0.501856109375 0.480557815625 0.4615950625 0.46974045625 0.441024634375 0.5414798375000001 0.4809130921875 0.5512513765625
33 0.5493488281250001 0.492049584375 0.527678790625 0.5648931703125 0.558380703125 0.5718864828125 0.5804968546875 0.5003919203125 0.5493488281250001 0.492049584375
35 0.5813916765625 0.501385890625 0.5603996921875 0.5734846234375001 0.5909040875 0.5817250203125 0.6122411828125001 0.5079764578125 0.5813916765625 0.501385890625
37 0.6230708640625 0.590228709375 0.6466900234375 0.5159893484375 0.6138377234375 0.508655446875 0.5925664687500001 0.5819883156250001 0.6230708640625 0.590228709375
39 0.6583648828124999 0.6005060703125 0.6795504875 0.5237506640625 0.6491043296875 0.5155194937500001 0.6261981078125001 0.5920023828125001 0.6583648828124999 0.6005060703125
38 0.6825468406249999 0.5263558484375 0.6603838718749999 0.6021042140625 0.6926164875 0.610192209375 0.718293346875 0.5341481484374999 0.6825468406249999 0.5263558484375
41 0.720395628125 0.5349072375 0.6940813515625 0.6117025859375 0.7280421859375 0.6196381843750001 0.7540482421875 0.5415156546875 0.720395628125 0.5349072375
42 0.7645102984375 0.629675384375 0.7931902328125 0.552402475 0.757663771875 0.543792784375 0.7306153015625 0.621324090625 0.7645102984375 0.629675384375
18 0.5276152421875 0.5545559203125 0.5465811984375 0.4897312859375 0.5065072140625 0.47897257812499994 0.48847978124999997 0.5417400515625 0.5276152421875 0.5545559203125