19 0.44375 0.2296875 0.14375 0.3
14 0.32578125 0.22578125 0.13125 0.3015625
14 0.225 0.23125 0.134375 0.2796875
9 0.12265625 0.21484375 0.146875 0.3046875
33 0.11093268281249999 0.49575111562499996 0.06746557656249999 0.49388514375000003 0.060504778125000006 0.6797647484375 0.10545642656250001 0.682242140625 0.11093268281249999 0.49575111562499996
45 0.28953729687499996 0.5071716078125 0.24675103593749997 0.5041051890625 0.2381446671875 0.6879603765625 0.282576496875 0.6930512078125 0.28953729687499996 0.5071716078125
18 0.24576205624999997 0.505289496875 0.20266768750000003 0.5022069250000001 0.1930845140625 0.6850647828125 0.23783025468750002 0.6893853515624999 0.24576205624999997 0.505289496875
18 0.20167868125 0.5033912203125 0.15733027187499998 0.5006549703125 0.14598449062500002 0.681772259375 0.192305796875 0.6856607125 0.20167868125 0.5033912203125
18 0.1470896390625 0.6819522499999999 0.1474820609375 0.6826748406250001 0.15644896875 0.4997847015625 0.1127168109375 0.49708075156250003 0.1061502875 0.68133283125 0.1470896390625 0.6819522499999999
44 0.29090541718749996 0.5055951296875 0.281615453125 0.6946490140625 0.3251270046875 0.699315059375 0.3319290703125 0.506920996875 0.29090541718749996 0.5055951296875
43 0.3769865015625 0.513814853125 0.3332974015625 0.5102890703125 0.3251040953125 0.6961040796875 0.3686938796875 0.6991269828125 0.3769865015625 0.513814853125
40 0.41276886562500004 0.70358270625 0.42443767499999996 0.5163016640625 0.38107824375 0.5123811140625001 0.36813388593749996 0.7004193890625 0.41276886562500004 0.70358270625
41 0.46885069062499996 0.517805159375 0.423599440625 0.5146095546875 0.413055465625 0.7040097640625 0.4574227421875 0.708101875 0.46885069062499996 0.517805159375
15 0.40859375 0.85625 0.115625 0.1875
15 0.3125 0.84921875 0.1015625 0.1875
23 0.21640625 0.8390625 0.10625 0.1859375
23 0.11875 0.828125 0.109375 0.1734375