11 0.86875 0.278125 0.11875 0.14375
9 0.70390625 0.253125 0.1140625 0.1453125
8 0.603125 0.2390625 0.11875 0.1453125
20 0.51015625 0.228125 0.1046875 0.1375
20 0.41875 0.21171875 0.109375 0.1390625
19 0.33515625 0.1984375 0.09375 0.134375
19 0.25 0.18515625 0.0984375 0.1359375
14 0.66171875 0.3953125 0.10625 0.1265625
14 0.57890625 0.38125 0.0953125 0.125
14 0.49296875 0.365625 0.096875 0.1265625
13 0.40859375 0.353125 0.1 0.128125
13 0.3234375 0.33828125 0.1015625 0.1296875
13 0.24921875 0.325 0.0828125 0.1234375
0 0.6453125 0.515625 0.0765625 0.0859375
1 0.5640625 0.5046875 0.10625 0.0796875
29 0.40546875 0.478125 0.1078125 0.0796875
4 0.321875 0.4546875 0.0734375 0.0875
5 0.24296875 0.45 0.1046875 0.075
15 0.625 0.61796875 0.09375 0.09375
23 0.5484375 0.5984375 0.0859375 0.090625
24 0.6078125 0.7109375 0.075 0.08125
24 0.54453125 0.6984375 0.071875 0.0828125
24 0.48203125 0.68515625 0.0734375 0.0796875
30 0.3828125 0.66640625 0.0703125 0.078125
26 0.43125 0.68046875 0.05 0.071875
12 0.3265625 0.6546875 0.0625 0.075
16 0.2671875 0.6453125 0.0734375 0.0765625
6 0.20703125 0.6296875 0.065625 0.0765625
27 0.7375 0.90390625 0.1125 0.075
27 0.7296875 0.95625 0.1140625 0.075
25 0.63125 0.93515625 0.10625 0.075
25 0.63984375 0.8765625 0.1078125 0.0734375
25 0.53203125 0.91015625 0.1015625 0.0671875
25 0.54296875 0.86015625 0.1046875 0.06875
25 0.54921875 0.80625 0.1078125 0.0703125
25 0.453125 0.778125 0.1015625 0.0703125
25 0.4484375 0.834375 0.103125 0.0703125
25 0.43828125 0.8859375 0.0984375 0.0671875
31 0.3484375 0.86328125 0.096875 0.065625
31 0.3515625 0.8140625 0.1 0.0671875
31 0.3609375 0.76171875 0.1 0.0671875
17 0.26171875 0.8453125 0.09375 0.065625
17 0.26171875 0.79375 0.0953125 0.0625
17 0.271875 0.74140625 0.0984375 0.06875
7 0.178125 0.825 0.0890625 0.059375
7 0.17734375 0.77421875 0.0921875 0.0625
7 0.18125 0.7234375 0.0984375 0.065625
36 0.484375 0.5875 0.0578125 0.0796875
34 0.4375 0.578125 0.05625 0.08125
35 0.3718587640625 0.60433356875 0.381667353125 0.5328610375 0.3492711046875 0.5268129140625 0.3406024359375 0.5988222359375001 0.3718587640625 0.60433356875
37 0.33880854843749997 0.5988417140625 0.3461762765625 0.5259314234375 0.3158441984375 0.5209188484375 0.3090268359375 0.5925830265625 0.33880854843749997 0.5988417140625
39 0.3071755296875 0.5929281703125 0.31387183125 0.521242646875 0.282417290625 0.5150247828125 0.2759191984375 0.5874168359375 0.3071755296875 0.5929281703125
38 0.2757147765625 0.5860376328125 0.2817648234375 0.5128950015625 0.25237373281250003 0.507712559375 0.2452118328125 0.5813307187500001 0.2757147765625 0.5860376328125
41 0.24315610156249998 0.5802966609375 0.2496900703125 0.5069035671875 0.2193809421875 0.5018950390625 0.212825428125 0.5746127546875 0.24315610156249998 0.5802966609375
42 0.212428875 0.57420704375 0.21935219374999998 0.5012183921875 0.1908817171875 0.495862490625 0.182040775 0.5688488015625001 0.212428875 0.57420704375