11 0.12890625 0.2953125 0.109375 0.1390625
10 0.2171875 0.2890625 0.1 0.128125
9 0.296875 0.278125 0.1 0.1328125
8 0.3796875 0.27109375 0.0953125 0.1296875
20 0.46015625 0.25859375 0.090625 0.1328125
20 0.54140625 0.24921875 0.09375 0.1328125
19 0.61875 0.2421875 0.0890625 0.128125
19 0.6953125 0.2328125 0.0921875 0.1296875
13 0.709375 0.35859375 0.0859375 0.11875
13 0.634375 0.36953125 0.084375 0.1171875
13 0.55859375 0.37734375 0.0875 0.121875
14 0.48046875 0.38984375 0.090625 0.1140625
14 0.40390625 0.4046875 0.084375 0.1015625
14 0.3265625 0.4109375 0.0890625 0.1078125
3 0.26171875 0.4265625 0.0671875 0.0875
3 0.203125 0.43359375 0.0671875 0.084375
0 0.321875 0.51953125 0.0703125 0.0734375
1 0.4 0.51484375 0.1 0.06875
28 0.475 0.50234375 0.065625 0.0703125
29 0.55078125 0.49921875 0.0984375 0.065625
5 0.63125 0.48046875 0.0703125 0.0765625
5 0.7078125 0.47734375 0.1 0.0671875
15 0.33984375 0.61015625 0.0859375 0.090625
23 0.41171875 0.60078125 0.0796875 0.0859375
24 0.3515625 0.70859375 0.0609375 0.0609375
24 0.40859375 0.69453125 0.0640625 0.0734375
24 0.4703125 0.6859375 0.065625 0.0734375
26 0.5203125 0.6828125 0.0453125 0.0640625
12 0.62265625 0.66796875 0.0640625 0.0734375
17 0.68125 0.6609375 0.0625 0.06875
6 0.740625 0.65390625 0.0640625 0.0734375
27 0.2296875 0.875 0.096875 0.0625
27 0.23671875 0.93046875 0.0984375 0.0609375
25 0.32578125 0.91640625 0.0953125 0.0625
25 0.31796875 0.8625 0.09375 0.0625
25 0.40625 0.8546875 0.0953125 0.0640625
25 0.41328125 0.90390625 0.0921875 0.059375
25 0.50078125 0.89140625 0.090625 0.0578125
25 0.49453125 0.84140625 0.090625 0.059375
31 0.584375 0.77421875 0.0953125 0.0640625
31 0.5828125 0.82890625 0.0921875 0.0609375
31 0.58671875 0.8796875 0.090625 0.0578125
17 0.67265625 0.8671875 0.0890625 0.059375
17 0.66796875 0.81875 0.090625 0.059375
17 0.66953125 0.76171875 0.0921875 0.0625
7 0.75625 0.85546875 0.090625 0.0578125
36 0.46953125 0.596875 0.0515625 0.075
33 0.5515625 0.58671875 0.0390625 0.075
35 0.5828125 0.58203125 0.0359375 0.071875
37 0.6140625 0.5765625 0.0375 0.0734375
38 0.675 0.56875 0.0375 0.0734375
41 0.70625 0.56484375 0.0359375 0.0734375
18 0.64375 0.5671875 0.034375 0.0640625
18 0.7359375 0.55625 0.0359375 0.0640625
18 0.51171875 0.58515625 0.0515625 0.065625
18 0.56640625 0.67421875 0.059375 0.0703125