9 0.1640625 0.33359375 0.1546875 0.18125
13 0.27734375 0.3125 0.14375 0.1875
14 0.38515625 0.3 0.1296875 0.18125
19 0.48203125 0.2890625 0.1265625 0.178125
5 0.26640625 0.634375 0.1296875 0.0890625
29 0.3796875 0.61875 0.128125 0.084375
7 0.490625 0.6046875 0.121875 0.0859375
15 0.26796875 0.73046875 0.103125 0.1
23 0.3515625 0.71796875 0.096875 0.09375
24 0.4234375 0.709375 0.0796875 0.0890625
31 0.51015625 0.7078125 0.1140625 0.0796875
25 0.31484375 0.9140625 0.115625 0.071875
25 0.30703125 0.853125 0.1171875 0.071875
25 0.42109375 0.8984375 0.1125 0.071875
25 0.4125 0.83359375 0.1140625 0.0703125
27 0.521875 0.8859375 0.1140625 0.0734375
32 0.15472205156250002 0.45860930624999996 0.18267013906250001 0.5496824984375001 0.2255157015625 0.5441154906250001 0.199162296875 0.4514545390625 0.15472205156250002 0.45860930624999996
37 0.223045846875 0.548099015625 0.26517189218750004 0.5417240421875 0.24391577187500002 0.4465284984375 0.19816181093750002 0.45295879843750003 0.223045846875 0.548099015625
33 0.24397841874999998 0.44697424999999996 0.264702984375 0.54269903125 0.306360125 0.5372990671875 0.28735553281250004 0.44087799375000003 0.24397841874999998 0.44697424999999996
35 0.30617218749999997 0.5359618265625 0.3478293515625 0.5305618390625 0.3310459 0.4370104625 0.2870745609375 0.44319023125 0.30617218749999997 0.5359618265625
18 0.33267281406250004 0.43996366875000004 0.3457335015625 0.52858363125 0.38774393281249997 0.52203535 0.373673109375 0.434201453125 0.33267281406250004 0.43996366875000004
44 0.37163990625 0.43266899687500004 0.3874533140625 0.523629403125 0.42976729375 0.5185916671874999 0.41329707187500003 0.42726901875 0.37163990625 0.43266899687500004
43 0.428485834375 0.5224081546875 0.4695487765625 0.5170916984375 0.4516699359375 0.42005785937500006 0.41185809375 0.42565305000000003 0.428485834375 0.5224081546875
40 0.45195093281250004 0.41774561875 0.469360840625 0.5157544609375 0.51044198125 0.5092214265624999 0.49611018281249997 0.41290309374999995 0.45195093281250004 0.41774561875
18 0.546733078125 0.5057895875 0.533076353125 0.408616934375 0.49492178593749997 0.4130701109375 0.509360675 0.5114965015624999 0.546733078125 0.5057895875