11 0.16328125 0.0921875 0.115625 0.1515625
10 0.2796875 0.09375 0.1 0.146875
9 0.38203125 0.09375 0.109375 0.1546875
8 0.49296875 0.0953125 0.103125 0.1546875
20 0.596875 0.0984375 0.09375 0.15
20 0.69921875 0.0984375 0.096875 0.15625
21 0.80234375 0.10078125 0.096875 0.153125
21 0.9125 0.1 0.1125 0.15625
14 0.58984375 0.2703125 0.09375 0.13125
14 0.490625 0.26875 0.09375 0.128125
14 0.39375 0.26640625 0.09375 0.13125
3 0.3 0.28125 0.075 0.1
3 0.22890625 0.278125 0.06875 0.096875
2 0.16015625 0.27734375 0.0671875 0.103125
0 0.359375 0.40703125 0.071875 0.0875
1 0.453125 0.41484375 0.1109375 0.0734375
28 0.54609375 0.40703125 0.071875 0.09375
29 0.6390625 0.4171875 0.1125 0.075
4 0.7375 0.40703125 0.075 0.090625
5 0.83828125 0.41796875 0.11875 0.0765625
15 0.35546875 0.52109375 0.0859375 0.096875
23 0.44609375 0.52421875 0.0875 0.09375
24 0.34921875 0.65 0.075 0.078125
24 0.4203125 0.6515625 0.06875 0.084375
24 0.4890625 0.6484375 0.0640625 0.0828125
26 0.5453125 0.65703125 0.04375 0.071875
30 0.6015625 0.6546875 0.065625 0.0765625
12 0.67890625 0.65625 0.065625 0.084375
16 0.74921875 0.6515625 0.065625 0.08125
6 0.8265625 0.65078125 0.075 0.084375
27 0.17109375 0.89296875 0.10625 0.059375
27 0.1703125 0.83515625 0.1125 0.0625
25 0.278125 0.8921875 0.103125 0.05625
25 0.2859375 0.83671875 0.10625 0.065625
25 0.39453125 0.903125 0.10625 0.05625
25 0.39921875 0.84296875 0.10625 0.0625
25 0.50703125 0.8984375 0.1015625 0.0578125
25 0.51015625 0.8375 0.10625 0.0625
31 0.61640625 0.8953125 0.103125 0.0625
31 0.62265625 0.83671875 0.103125 0.059375
31 0.62734375 0.775 0.1078125 0.065625
17 0.72890625 0.90078125 0.10625 0.0640625
17 0.73125 0.83828125 0.103125 0.0609375
17 0.73515625 0.775 0.109375 0.0625
7 0.83359375 0.90078125 0.103125 0.059375
7 0.8375 0.8375 0.109375 0.0625
33 0.62578125 0.525 0.040625 0.0890625
35 0.66484375 0.5265625 0.0375 0.090625
37 0.70234375 0.52578125 0.0375 0.090625
39 0.757792671875 0.5723379625 0.7655068921875 0.4855324078125 0.7263575421875 0.484375 0.719992990625 0.5711805562500001 0.757792671875 0.5723379625
38 0.7979066203125 0.5729166671875 0.8063922625 0.48668981406249995 0.7664809984375001 0.4855324078125 0.75856409375 0.5723379625 0.7979066203125 0.5729166671875
41 0.8357063 0.5740740734374999 0.84419194375 0.48495370312499997 0.80660445625 0.48495370312499997 0.7994494624999999 0.5734953703125 0.8357063 0.5740740734374999
42 0.8750488265625 0.5740740734374999 0.8858487343749999 0.48668981406249995 0.848271121875 0.4861111109375 0.83724914375 0.5734953703125 0.8750488265625 0.5740740734374999
18 0.57734375 0.5203125 0.053125 0.075
18 0.778125 0.2703125 0.278125 0.1359375
25 0.37421875 0.7765625 0.109375 0.06875