13 0.67265625 0.2515625 0.1234375 0.153125
14 0.475 0.2296875 0.121875 0.1578125
14 0.5703125 0.2390625 0.1234375 0.1515625
21 0.37734375 0.22109375 0.109375 0.15
21 0.29453125 0.215625 0.1078125 0.146875
21 0.1984375 0.20703125 0.121875 0.14375
2 0.196875 0.37734375 0.084375 0.090625
18 0.35703125 0.39296875 0.190625 0.0953125
9 0.5046875 0.38671875 0.103125 0.1296875
18 0.5828125 0.4078125 0.075 0.0921875
15 0.6625 0.4140625 0.10625 0.109375
23 0.74921875 0.4265625 0.103125 0.1
1 0.3734375 0.50390625 0.1109375 0.071875
28 0.4765625 0.50859375 0.078125 0.08125
29 0.56015625 0.521875 0.1078125 0.0734375
4 0.64375 0.521875 0.0765625 0.0859375
5 0.6727158281250001 0.5625910359375 0.7687284546875001 0.5719000359375 0.7827678765625 0.5127438859375 0.68176029375 0.5013452093749999 0.6727158281250001 0.5625910359375
36 0.3272678234375 0.5500217953125001 0.3278472359375 0.6189290734374999 0.3744007359375 0.6220953015624999 0.375558790625 0.551968003125 0.3272678234375 0.5500217953125001
34 0.4 0.58671875 0.059375 0.0828125
33 0.44140625 0.5953125 0.04375 0.075
35 0.4734375 0.59765625 0.04375 0.075
37 0.5078125 0.6 0.04375 0.0734375
41 0.54140625 0.6046875 0.0421875 0.071875
40 0.57421875 0.60625 0.0421875 0.078125
44 0.60703125 0.6078125 0.04375 0.08125
45 0.640625 0.6140625 0.0390625 0.075
43 0.675 0.6140625 0.0421875 0.0796875
18 0.71640625 0.61953125 0.0484375 0.071875
24 0.3453125 0.671875 0.06875 0.071875
24 0.4046875 0.67890625 0.0703125 0.0734375
24 0.4640625 0.68359375 0.0640625 0.071875
26 0.51484375 0.68828125 0.05 0.0640625
18 0.57109375 0.69375 0.0609375 0.0625
16 0.640625 0.696875 0.0703125 0.071875
6 0.703125 0.709375 0.071875 0.075
27 0.157200615625 0.843427003125 0.16042323281249998 0.8871858703125 0.24959664374999999 0.89432630625 0.2501186875 0.852410734375 0.157200615625 0.843427003125
25 0.29921875 0.8296875 0.1015625 0.0546875
25 0.3399204890625 0.9009665359374999 0.34066129843750004 0.8591889453125001 0.2502813453125 0.850863146875 0.24898411875 0.8929734406250001 0.3399204890625 0.9009665359374999
10 0.39140625 0.8421875 0.0984375 0.053125
31 0.48671875 0.84921875 0.096875 0.0578125
31 0.47734375 0.890625 0.096875 0.0515625
17 0.5671875 0.9 0.0984375 0.0546875
17 0.575 0.85546875 0.0953125 0.053125
17 0.5828125 0.809375 0.103125 0.05625
7 0.68359375 0.81328125 0.1 0.0625
7 0.675 0.86484375 0.1 0.0609375
7 0.66171875 0.91015625 0.09375 0.0578125
13 0.77265625 0.26328125 0.1140625 0.15