19 0.5375 0.24453125 0.103125 0.14375
14 0.44140625 0.2359375 0.109375 0.1421875
13 0.35546875 0.23046875 0.09375 0.1375
9 0.2671875 0.22109375 0.1078125 0.1359375
7 0.4734375 0.5171875 0.103125 0.06875
29 0.37890625 0.5078125 0.0984375 0.065625
5 0.2859375 0.4953125 0.0984375 0.0671875
31 0.4828125 0.61015625 0.0953125 0.06875
24 0.41015625 0.5984375 0.0625 0.0671875
23 0.34765625 0.5859375 0.075 0.0765625
15 0.2765625 0.5796875 0.0765625 0.0796875
27 0.4625 0.7671875 0.0921875 0.059375
27 0.47109375 0.71796875 0.0953125 0.0609375
25 0.36328125 0.75859375 0.096875 0.059375
25 0.278125 0.696875 0.096875 0.0625
25 0.271875 0.746875 0.0921875 0.053125
39 0.5359375 0.396875 0.0421875 0.0828125
38 0.5 0.39296875 0.0421875 0.0828125
40 0.46640625 0.38984375 0.040625 0.0828125
41 0.44518028750000005 0.42712674531249994 0.4479825953125 0.346344415625 0.4167319421875 0.3442236234375 0.412917721875 0.42412374062499997 0.44518028750000005 0.42712674531249994
42 0.40984893749999995 0.4238011984375 0.41426629375 0.3424127625 0.38312861875 0.33914006093750004 0.37860930000000004 0.42090570781250003 0.40984893749999995 0.4238011984375
35 0.37609230781249997 0.4202532328125 0.3784234796875 0.3390334578125 0.3462138203125 0.3360360140625 0.3438297421875 0.4172502296875 0.37609230781249997 0.4202532328125
33 0.341393403125 0.4158303765625 0.3436439203125 0.33537797812500003 0.31044317499999996 0.331888440625 0.30861937500000003 0.41277361562500003 0.341393403125 0.4158303765625
37 0.3070446546875 0.41299603281249997 0.30536476874999996 0.3305788234375 0.2725455328125 0.328293165625 0.274310953125 0.40955558124999997 0.3070446546875 0.41299603281249997
32 0.271793959375 0.4089031078125 0.2630745578125 0.3245822328125 0.227956953125 0.324382571875 0.2390602578125 0.4054626578125 0.271793959375 0.4089031078125