11 0.7968570359375 0.0847169875 0.7106224828125 0.099764275 0.7277617390625 0.2173410359375 0.817438425 0.19647963125 0.7968570359375 0.0847169875
10 0.70886485 0.0887011 0.6191822359375 0.10519037812500001 0.640635290625 0.2349627078125 0.7266587624999999 0.2182414375 0.70886485 0.0887011
9 0.617468259375 0.110239821875 0.536995359375 0.1287119375 0.5613765093749999 0.254142078125 0.640811965625 0.23587162031250003 0.617468259375 0.110239821875
8 0.54081580625 0.136458625 0.45395023593749995 0.1542868359375 0.47656463593750004 0.2706278359375 0.5620580828125 0.251179825 0.54081580625 0.136458625
20 0.45131296093750006 0.15479947031250002 0.3733031828125 0.1727928046875 0.3881179671875 0.2878201265625 0.4753530375 0.270863346875 0.45131296093750006 0.15479947031250002
20 0.36993996406249996 0.1696735234375 0.2774102484375 0.1904892453125 0.29722297656249996 0.29888552968750004 0.3867045671875 0.2805488140625 0.36993996406249996 0.1696735234375
19 0.27089387187499997 0.184209853125 0.181668865625 0.2024966921875 0.217131075 0.32671615 0.3007313484375 0.310465903125 0.27089387187499997 0.184209853125
19 0.18485000625 0.2009350859375 0.09377734843749999 0.229013634375 0.1286844046875 0.34390844062500003 0.21660105000000002 0.32398940781249996 0.18485000625 0.2009350859375
2 0.816534784375 0.24793411875000002 0.7560896796875001 0.25968345625 0.7723437796875 0.34330355 0.8329236906249999 0.33152800937500004 0.816534784375 0.24793411875000002
3 0.758187609375 0.2583324046875 0.6968980453125 0.2721324015625 0.7179985375 0.35481045 0.77615525 0.34350593125 0.758187609375 0.2583324046875
3 0.69622961875 0.27603535468749996 0.6359899125 0.2886880234375 0.6544905328125 0.37092818125 0.7197401609375 0.3573016828125 0.69622961875 0.27603535468749996
14 0.627052790625 0.2630707953125 0.5412080703125 0.27975731875 0.565867190625 0.3872115578125 0.6489374390625 0.36823456875 0.627052790625 0.2630707953125
14 0.5434326984375 0.27932489375 0.465054059375 0.2955034140625 0.48953650312499997 0.402048740625 0.569325309375 0.3855961125 0.5434326984375 0.27932489375
14 0.46726059218750005 0.2950745078125 0.3863001765625 0.3108116171875 0.4137358421875 0.419612665625 0.49092477656250005 0.40272214375 0.46726059218750005 0.2950745078125
13 0.3877813390625 0.30675068437499997 0.30320479843750003 0.32319069843750003 0.33394703593749997 0.43606529531250005 0.4177239859375 0.4207239609375 0.3877813390625 0.30675068437499997
13 0.30572648125 0.32458704531250004 0.221169471875 0.3410232625 0.25398155624999996 0.451609009375 0.3327354375 0.43630080624999995 0.30572648125 0.32458704531250004
13 0.2255653703125 0.3392255296875 0.1316878796875 0.3593599796875 0.17330937500000002 0.46351706718749996 0.25345153125 0.4488822671875 0.2255653703125 0.3392255296875
0 0.6608005140625 0.39139653750000003 0.5893162859375 0.40434840781250003 0.6069335312499999 0.482043996875 0.6758179531249999 0.4677109640625 0.6608005140625 0.39139653750000003
1 0.5938431453125 0.41573080781250005 0.498496675 0.4352075390625 0.511722171875 0.496778184375 0.60587348125 0.4765905109375 0.5938431453125 0.41573080781250005
28 0.4968426328125 0.421380209375 0.4316318453125 0.43405590156249996 0.4461191953125 0.50858685625 0.5129337703125 0.49654267343749997 0.4968426328125 0.421380209375
29 0.43493432031249996 0.452279090625 0.3387675140625 0.47380179218749996 0.35403773125 0.526485678125 0.4461191953125 0.50858685625 0.43493432031249996 0.452279090625
4 0.3517912109375 0.5278656140625 0.3348033375 0.45476396875 0.2741240796875 0.46467231093750005 0.28878810312500003 0.5401121765625 0.3517912109375 0.5278656140625
5 0.274435421875 0.480647146875 0.1829762453125 0.5003115218749999 0.196706640625 0.558011 0.2910346265625 0.5387322421875 0.274435421875 0.480647146875
23 0.6788213640625 0.48410577187500003 0.60127914375 0.4982351953125 0.6192497390625 0.5777486109375001 0.6957571015624999 0.56382034375 0.6788213640625 0.48410577187500003
15 0.6019425578125001 0.4962197296875 0.5306530984375 0.510076996875 0.55036531875 0.59208164375 0.622884534375 0.5770420781250001 0.6019425578125001 0.4962197296875
36 0.5326485515625 0.5182832312500001 0.48901165625000004 0.526765384375 0.5070861640625 0.5981885218749999 0.5518058906250001 0.5910679812499999 0.5326485515625 0.5182832312500001
34 0.48888602031249995 0.5267898062499999 0.44650756718749995 0.5345033124999999 0.46179148124999997 0.605944853125 0.5016031296875 0.5987302828125001 0.48888602031249995 0.5267898062499999
42 0.24534490625 0.571509246875 0.21418642656250003 0.5791379359375 0.23062025468749997 0.6493078953125 0.26100836250000004 0.6439250765625 0.24534490625 0.571509246875
41 0.277760003125 0.5657324218750001 0.2442800765625 0.5722402609375 0.261779625 0.6442991890624999 0.2941870640625 0.6385238515625 0.277760003125 0.5657324218750001
38 0.3119004515625 0.5580481296875 0.2798567578125 0.564800821875 0.2961082421875 0.63762638125 0.32754811093749997 0.630467028125 0.3119004515625 0.5580481296875
39 0.34461000625 0.5537861609375 0.313231765625 0.560409503125 0.3291887890625 0.63172020625 0.356786303125 0.6263557921875 0.34461000625 0.5537861609375
33 0.44069126406250003 0.5340617937500001 0.4088134 0.5418303156250001 0.42621479687499997 0.613384290625 0.45794912656250003 0.6077397953125 0.44069126406250003 0.5340617937500001
37 0.37595922187499997 0.5461203953125 0.3458215484375 0.551978565625 0.3614980734375 0.6254399171875 0.391788028125 0.6195521453125 0.37595922187499997 0.5461203953125
37 0.408570625 0.541353475 0.377177225 0.547979765625 0.3943823171875 0.6185238359375 0.4248685765625 0.6136459703125 0.408570625 0.541353475
4 0.289381875 0.6614671984375 0.225136784375 0.675003240625 0.24176691875 0.746183103125 0.308012209375 0.7312101984375 0.289381875 0.6614671984375
16 0.3522766140625 0.6471455734375 0.2911857671875 0.65902043125 0.30780194375000003 0.7265347890625 0.3678068953125 0.7153950390625 0.3522766140625 0.6471455734375
12 0.4084524546875 0.6377981890625 0.350517609375 0.6480115203125 0.367330090625 0.7165357828125 0.42357688125 0.7040304203125001 0.4084524546875 0.6377981890625
30 0.47385776562500004 0.6256087171875 0.408797690625 0.6387791453125 0.42242696718749995 0.705302003125 0.48300687656249996 0.6935264625 0.47385776562500004 0.6256087171875
26 0.5128368531249999 0.6248443546875 0.4719998078125 0.6333063046875 0.482810571875 0.6925165578125 0.5260859250000001 0.68515274375 0.5128368531249999 0.6248443546875
24 0.5675404015625001 0.6079226890625 0.5101428593749999 0.617507546875 0.5258054249999999 0.6873033921875 0.5837910468749999 0.676556159375 0.5675404015625001 0.6079226890625
24 0.624768325 0.5967987078125 0.5667822609375001 0.6070219921875 0.5820522171875 0.6747980296875 0.6395610328125 0.665191540625 0.624768325 0.5967987078125
24 0.6894160125 0.5879006875 0.6240105781249999 0.599566153125 0.639084228125 0.6663322843749999 0.699958596875 0.6560716015625 0.6894160125 0.5879006875
27 0.9134076265625 0.71938755625 0.8209343203125 0.735790453125 0.82816926875 0.7909794921875 0.9258683874999999 0.7725127406250001 0.9134076265625 0.71938755625
27 0.9168966187500001 0.77687683125 0.8263462453124999 0.792381915625 0.8323191671875 0.8446720828125001 0.9284897203125 0.82912260625 0.9168966187500001 0.77687683125
25 0.8143388343750001 0.7381205484375 0.721692675 0.7535089796875 0.730652496875 0.8067906468749999 0.8254768296874999 0.79150285 0.8143388343750001 0.7381205484375
25 0.8191605640624999 0.7916825453125 0.7281563625 0.8083239078125001 0.738742903125 0.8591932468750001 0.83010353125 0.8440546953125001 0.8191605640624999 0.7916825453125
25 0.71717789375 0.7522904406250001 0.625620278125 0.76956340625 0.6361226249999999 0.8235932968749999 0.7318024109375 0.8055190640625 0.71717789375 0.7522904406250001
25 0.7223922375 0.8078722468749999 0.6313127 0.8240042234375 0.6435399171875 0.8761267374999999 0.7362467671874999 0.8607265078124999 0.7223922375 0.8078722468749999
25 0.619932603125 0.7696209171875 0.530122834375 0.7849820421875 0.5421677078125 0.839760159375 0.6331357234375 0.8226017984375 0.619932603125 0.7696209171875
25 0.6268722953125 0.8232952546875 0.5394752656249999 0.8402835171874999 0.5498655015625 0.8901429515625001 0.6418010859375001 0.8743686078125 0.6268722953125 0.8232952546875
31 0.49400668281250004 0.7364550015625 0.4038455484375 0.7534565203125 0.417713446875 0.8068322125 0.5094527265625 0.790047965625 0.49400668281250004 0.7364550015625
31 0.5081698375 0.7913453968749999 0.41656353125 0.8081037953125 0.42800552812500003 0.8561866953124999 0.5191698515625001 0.8400382390625 0.5081698375 0.7913453968749999
31 0.518658384375 0.8417097515625 0.42984251249999994 0.8584497796875 0.44148081406250006 0.9075425812500001 0.5323646390625 0.8935447734374999 0.518658384375 0.8417097515625
17 0.3978134734375 0.7520088796875 0.31133500468749997 0.769866653125 0.3256797078125 0.8221016046875 0.4158764625 0.8045691312500001 0.3978134734375 0.7520088796875
17 0.4152448234375 0.805739971875 0.3276990375 0.8217090859375 0.341076171875 0.8725600203124999 0.4293517484375 0.8559250171875 0.4152448234375 0.805739971875
17 0.4293941765625 0.85696483125 0.3418474359375 0.8729341328125001 0.35300893125 0.923167678125 0.4442714078125 0.9075241765625 0.4293941765625 0.85696483125
7 0.2973137875 0.7741641953125 0.210943446875 0.7888567656250001 0.22663436875 0.8408300375 0.315204403125 0.825709890625 0.2973137875 0.7741641953125
7 0.32656953125 0.8240247640625 0.2383717 0.840120625 0.2545394265625 0.8909531515625 0.34069751875 0.874205715625 0.32656953125 0.8240247640625
7 0.34119584999999997 0.87410885 0.252618246875 0.891850621875 0.2669489921875 0.94042006875 0.356668940625 0.9240283390625 0.34119584999999997 0.87410885