21 0.49296875 0.26328125 0.1296875 0.15625
14 0.39609375 0.28359375 0.1140625 0.1515625
13 0.2921875 0.296875 0.1390625 0.16875
7 0.53125 0.5734375 0.121875 0.0875
29 0.4203125 0.59296875 0.1234375 0.0890625
5 0.30859375 0.61484375 0.1234375 0.0859375
31 0.565625 0.6875 0.1171875 0.08125
24 0.47578125 0.69921875 0.084375 0.084375
23 0.3890625 0.71015625 0.1015625 0.1
27 0.6015625 0.878125 0.115625 0.075
27 0.5890625 0.8171875 0.1203125 0.0828125
25 0.4765625 0.8890625 0.1140625 0.078125
25 0.36953125 0.91171875 0.1171875 0.078125
38 0.50859375 0.43515625 0.05625 0.1015625
40 0.4967631453125 0.48529233437499997 0.4740040453125 0.391758609375 0.438525909375 0.39860199218750003 0.45897900468749997 0.49312996093750006 0.4967631453125 0.48529233437499997
41 0.455839703125 0.49309587343750005 0.4340412890625 0.40056801406250003 0.397234825 0.40882088124999993 0.4201336890625 0.4993918078125 0.455839703125 0.49309587343750005
42 0.41567596562500003 0.5007654546875 0.3914979515625 0.408069553125 0.3552403046875 0.415050384375 0.37855103749999996 0.5078992125 0.41567596562500003 0.5007654546875
35 0.3761714375 0.50773116875 0.35117745624999996 0.4192925625 0.3146086125 0.4245653734375 0.339147 0.5154348390625 0.3761714375 0.50773116875
18 0.2265625 0.47890625 0.053125 0.0921875
18 0.2671875 0.471875 0.053125 0.0890625
18 0.30546875 0.46484375 0.0484375 0.0890625