20 0.596875 0.30546875 0.0984375 0.121875
21 0.50625 0.328125 0.0921875 0.1109375
19 0.43203125 0.34140625 0.0890625 0.1109375
14 0.3546875 0.3515625 0.0953125 0.1234375
14 0.2796875 0.37109375 0.0890625 0.10625
13 0.2015625 0.38515625 0.0984375 0.1171875
13 0.13046875 0.40234375 0.0828125 0.103125
23 0.16875 0.521875 0.075 0.084375
15 0.23046875 0.51328125 0.0796875 0.0828125
8 0.3046875 0.484375 0.103125 0.1203125
14 0.38046875 0.4765625 0.0828125 0.1
10 0.45234375 0.46171875 0.0890625 0.10625
11 0.5265625 0.4421875 0.0859375 0.1125
3 0.5890625 0.44609375 0.0640625 0.075
2 0.64609375 0.4390625 0.06875 0.0734375
5 0.2 0.615625 0.1015625 0.071875
4 0.275 0.59453125 0.0734375 0.0796875
29 0.3578125 0.58515625 0.1 0.075
28 0.43203125 0.56640625 0.0703125 0.0828125
0 0.50546875 0.55859375 0.0953125 0.075
12 0.2109375 0.7 0.0625 0.0734375
6 0.22578125 0.7828125 0.05625 0.0640625
16 0.275 0.77421875 0.065625 0.0734375
30 0.33125 0.75859375 0.065625 0.0734375
26 0.37890625 0.75625 0.0484375 0.0625
24 0.428125 0.74375 0.065625 0.06875
24 0.48203125 0.73046875 0.0640625 0.071875
24 0.540625 0.7203125 0.0671875 0.0703125
7 0.2796875 0.9703125 0.09375 0.059375
7 0.26640625 0.9265625 0.0953125 0.0625
7 0.25234375 0.8734375 0.096875 0.06875
16 0.36875 0.9578125 0.0953125 0.0609375
16 0.359375 0.91171875 0.0953125 0.065625
16 0.34921875 0.86171875 0.0984375 0.0625
31 0.45390625 0.934375 0.0921875 0.0625
31 0.44296875 0.88828125 0.0921875 0.0640625
31 0.490625 0.90390625 0.0015625 0.0015625
31 0.43671875 0.8390625 0.0953125 0.0625
24 0.5390625 0.91640625 0.090625 0.059375
24 0.528125 0.871875 0.09375 0.065625
24 0.5203125 0.81875 0.09375 0.0640625
24 0.6265625 0.9046875 0.0921875 0.065625
27 0.7109375 0.8859375 0.0921875 0.0640625
27 0.69609375 0.83828125 0.09375 0.065625
36 0.53671875 0.63671875 0.053125 0.075
34 0.49296875 0.6453125 0.053125 0.0734375
33 0.4578125 0.65234375 0.040625 0.0703125
35 0.4296875 0.65703125 0.040625 0.0703125
37 0.3984375 0.66328125 0.0421875 0.071875
39 0.36875 0.66875 0.0421875 0.0734375
38 0.3390625 0.6734375 0.0421875 0.075
41 0.33063010312499996 0.7094458328125001 0.31336783437500004 0.6437414484375 0.28594987656250004 0.65041846875 0.3025037171875 0.7149130484375 0.33063010312499996 0.7094458328125001
42 0.3017644859375 0.71573049375 0.2846284125 0.6506753359374999 0.256888090625 0.65573063125 0.273268484375 0.721606434375 0.3017644859375 0.71573049375
40 0.2733315828125 0.721931046875 0.2551407859375 0.656070271875 0.22918785156250002 0.6611150109375 0.2439070546875 0.7276505953125 0.2733315828125 0.721931046875