18 0.2421875 0.4265625 0.246875 0.1390625
18 0.45234375 0.48984375 0.2625 0.1171875
9 0.55 0.2046875 0.1359375 0.16875
20 0.359375 0.2515625 0.134375 0.1546875
20 0.1957507765625 0.2137974109375 0.23387054843750002 0.3497662765625 0.3323850765625 0.32933939218749997 0.28862905781250003 0.191750378125 0.1957507765625 0.2137974109375
18 0.6703125 0.17578125 0.1703125 0.1625
14 0.403125 0.38359375 0.11875 0.13125
14 0.4921875 0.36640625 0.1140625 0.125
14 0.58046875 0.3453125 0.1125 0.121875
2 0.784375 0.30625 0.0890625 0.1
0 0.621875 0.4515625 0.1015625 0.1015625
4 0.27890625 0.53359375 0.09375 0.096875
5 0.19140625 0.5609375 0.121875 0.0859375
45 0.1921875 0.65703125 0.0546875 0.0875
40 0.2375215296875 0.6052522046875 0.258878715625 0.686370959375 0.2989380421875 0.67539673125 0.2751013 0.5957209796875 0.2375215296875 0.6052522046875
37 0.3096277375 0.58671481875 0.3319501484375 0.66726898125 0.368531109375 0.65932483125 0.34506539375 0.578922253125 0.3096277375 0.58671481875
33 0.379786128125 0.5702418453125 0.40558408437500004 0.65083743125 0.44018424375 0.64175486875 0.41651201562500006 0.5603550578125 0.379786128125 0.5702418453125
34 0.4176513671875 0.5624533984375 0.440718775 0.6399885750000001 0.49078625625 0.6278795859375 0.4659334125 0.549850215625 0.4176513671875 0.5624533984375
36 0.509375 0.58203125 0.071875 0.0921875
15 0.65234375 0.54453125 0.1 0.0984375
23 0.57578125 0.565625 0.1 0.1
24 0.675 0.64296875 0.084375 0.0921875
24 0.60859375 0.65859375 0.0828125 0.0875
24 0.54296875 0.6734375 0.0875 0.0953125
18 0.4578125 0.6984375 0.11875 0.0890625
12 0.36796875 0.71953125 0.08125 0.084375
16 0.30390625 0.73125 0.0828125 0.090625
6 0.234375 0.74921875 0.0921875 0.09375