19 0.1265625 0.3015625 0.11875 0.140625
19 0.2125 0.2796875 0.1078125 0.140625
20 0.29609375 0.25703125 0.1125 0.1421875
20 0.384375 0.2375 0.1171875 0.140625
8 0.46796875 0.2171875 0.1109375 0.1359375
9 0.55 0.190625 0.115625 0.1453125
10 0.634375 0.165625 0.1203125 0.15
11 0.72421875 0.1484375 0.1203125 0.1375
3 0.66328125 0.31875 0.0796875 0.0953125
14 0.58671875 0.32890625 0.109375 0.128125
14 0.50703125 0.35078125 0.1015625 0.121875
14 0.428125 0.37265625 0.103125 0.11875
13 0.34453125 0.3890625 0.1046875 0.1265625
13 0.26328125 0.4109375 0.1046875 0.125
13 0.17578125 0.43046875 0.1171875 0.1359375
0 0.62265625 0.43828125 0.0828125 0.0890625
1 0.5453125 0.46328125 0.109375 0.084375
28 0.46484375 0.4796875 0.075 0.084375
29 0.38671875 0.50546875 0.1109375 0.084375
4 0.3 0.52109375 0.08125 0.0859375
5 0.2234375 0.546875 0.109375 0.084375
15 0.634375 0.54296875 0.090625 0.1
23 0.5578125 0.56171875 0.0921875 0.103125
24 0.66328125 0.63828125 0.0734375 0.0828125
24 0.6046875 0.6546875 0.075 0.0828125
24 0.546875 0.66953125 0.0734375 0.08125
26 0.50234375 0.684375 0.0515625 0.0640625
30 0.45390625 0.6921875 0.0734375 0.0796875
12 0.3953125 0.71015625 0.0765625 0.08125
16 0.32890625 0.72421875 0.078125 0.0828125
6 0.26640625 0.740625 0.075 0.0828125
27 0.86640625 0.7625 0.1078125 0.0765625
27 0.87734375 0.8140625 0.1015625 0.0703125
25 0.7734375 0.7859375 0.1046875 0.071875
25 0.784375 0.8359375 0.103125 0.071875
25 0.69375 0.85390625 0.1 0.071875
25 0.67890625 0.8046875 0.1046875 0.075
25 0.58671875 0.82578125 0.1015625 0.075
25 0.603125 0.875 0.0984375 0.0703125
31 0.4828125 0.8078125 0.10625 0.0765625
31 0.4984375 0.8578125 0.1015625 0.06875
31 0.515625 0.90234375 0.1 0.071875
17 0.42265625 0.92109375 0.0984375 0.071875
17 0.40703125 0.87265625 0.1015625 0.075
7 0.31953125 0.8953125 0.1046875 0.0765625
7 0.33515625 0.94375 0.103125 0.071875
36 0.50234375 0.5859375 0.0625 0.0828125
34 0.45546875 0.596875 0.0609375 0.08125
33 0.415625 0.6078125 0.046875 0.078125
35 0.38359375 0.6171875 0.046875 0.078125
37 0.3515625 0.62421875 0.0484375 0.0796875
38 0.2875 0.64140625 0.0484375 0.0796875
41 0.28079374375 0.6817769046875 0.2578012765625 0.6118494437499999 0.22694524062500002 0.6188610953125 0.2508534421875 0.6892418609375001 0.28079374375 0.6817769046875
42 0.24761940937500002 0.6890257609375 0.2195931125 0.618990128125 0.1888260015625 0.6263204203125 0.216395953125 0.6968106421875 0.24761940937500002 0.6890257609375