19 0.27578125 0.3171875 0.1 0.121875
19 0.35625 0.30859375 0.090625 0.121875
8 0.5609375 0.28671875 0.0875 0.121875
9 0.625 0.2859375 0.0671875 0.1015625
10 0.684375 0.27578125 0.075 0.1109375
11 0.75390625 0.26796875 0.0828125 0.109375
18 0.45859375 0.29765625 0.14375 0.1296875
13 0.296875 0.43984375 0.09375 0.115625
13 0.3734375 0.428125 0.0921875 0.1171875
13 0.446875 0.41953125 0.0875 0.1109375
14 0.5140625 0.41015625 0.0765625 0.10625
14 0.57578125 0.403125 0.075 0.0984375
14 0.6390625 0.396875 0.071875 0.09375
3 0.69296875 0.4015625 0.059375 0.071875
3 0.73828125 0.39296875 0.0546875 0.0703125
2 0.78359375 0.3890625 0.0515625 0.0703125
5 0.31796875 0.55234375 0.1015625 0.0703125
4 0.390625 0.53203125 0.0671875 0.08125
29 0.46171875 0.52734375 0.090625 0.065625
28 0.5328125 0.5109375 0.0671875 0.071875
1 0.603125 0.50390625 0.0875 0.0640625
0 0.665625 0.4890625 0.05625 0.0671875
6 0.3296875 0.746875 0.075 0.0796875
16 0.3921875 0.7359375 0.0703125 0.075
12 0.4484375 0.72421875 0.0609375 0.0703125
26 0.540625 0.70625 0.046875 0.0625
24 0.5859375 0.68828125 0.0609375 0.0765625
24 0.63671875 0.68203125 0.0578125 0.0671875
24 0.68828125 0.67109375 0.05625 0.0625
15 0.66640625 0.57265625 0.06875 0.0796875
23 0.61015625 0.584375 0.0734375 0.0796875
7 0.32368064531249996 0.9337630656250001 0.41350679062499995 0.9122509687499999 0.40786158281249996 0.8587815875 0.31942966093749997 0.8819728671875 0.32368064531249996 0.9337630656250001
7 0.332028015625 0.9887238187499999 0.42079180625 0.9640865468750001 0.4146644640625 0.911620475 0.3293732484375 0.9360925281249999 0.332028015625 0.9887238187499999
17 0.49860405781250006 0.8881289750000001 0.491576921875 0.8381283093749999 0.40814323750000003 0.8589859499999999 0.4160155921875 0.9123661546875 0.49860405781250006 0.8881289750000001
17 0.492412296875 0.8352042015625001 0.4839695640625 0.7839991390625001 0.40286476718750003 0.8047950421875001 0.4092127125 0.8595272671874999 0.492412296875 0.8352042015625001
17 0.5074644593750001 0.9378720296875 0.49799298593749997 0.88821485625 0.41776466562500003 0.9108133234375 0.42365380156250004 0.962280959375 0.5074644593750001 0.9378720296875
31 0.5810327828124999 0.8671887281249999 0.575679075 0.82022735625 0.49709843437499995 0.8377182484375 0.503010590625 0.888445246875 0.5810327828124999 0.8671887281249999
31 0.5832665734375 0.9141208171875 0.576948596875 0.8691660828125001 0.49875674375 0.8883272015625 0.5063067375 0.9385025125 0.5832665734375 0.9141208171875
25 0.6508701171875 0.7965620234374999 0.6459341203125 0.7481385953124999 0.5721697890625 0.7675597796875 0.57632099375 0.815927090625 0.6508701171875 0.7965620234374999
25 0.6563527671875 0.8444408593749999 0.6514167671875 0.796017421875 0.5768039421875 0.8171661140625 0.5813859796874999 0.8652679703124999 0.6563527671875 0.8444408593749999
25 0.66218856875 0.8903989625 0.6559995265625 0.8463616406250001 0.5814380953125 0.86677245 0.588701840625 0.912889146875 0.66218856875 0.8903989625
25 0.7223946859375 0.7734119984375 0.7184566234374999 0.7276550234375 0.649341390625 0.745610590625 0.6524455031249999 0.7944695 0.7223946859375 0.7734119984375
25 0.7310616765625 0.8217788718750001 0.7286989015625001 0.7739293421875 0.6538144640625 0.7940707812500001 0.65915029375 0.8421765562499999 0.7310616765625 0.8217788718750001
25 0.7348400078124999 0.8708328218749999 0.726495359375 0.8247595390625 0.658368075 0.8431040453125 0.664344175 0.8924349234375001 0.7348400078124999 0.8708328218749999
25 0.8000465968749999 0.8027280265625001 0.7953040046875001 0.7556807515624999 0.7286937765625 0.7724437515625 0.73221935 0.821148378125 0.8000465968749999 0.8027280265625001
25 0.804178159375 0.8498611593750001 0.798342271875 0.8039031062499999 0.7295074484375 0.8225870203125 0.7352577140625 0.8693707375 0.804178159375 0.8498611593750001
27 0.86854933125 0.7846804984375 0.8639356765624999 0.7385506703125 0.7979435640625 0.7551142468750001 0.802073265625 0.8038465421875 0.86854933125 0.7846804984375
27 0.8720053125 0.831440821875 0.868002778125 0.7852251046875 0.8001243484374999 0.803896596875 0.8061402671875 0.8505209734375001 0.8720053125 0.831440821875
42 0.324071646875 0.6793760578125 0.3151721328125 0.60718496875 0.285235265625 0.6109460453125 0.2943865484375 0.6854191453125 0.324071646875 0.6793760578125
41 0.3568120984375 0.67290355 0.3466904421875 0.6008842234375 0.318171921875 0.6069014921875 0.3265804015625 0.6794912515625 0.3568120984375 0.67290355
38 0.39064584999999996 0.6653418390625 0.3783377390625 0.5955009359375001 0.349338765625 0.6013524953125 0.35973856406250004 0.67155669375 0.39064584999999996 0.6653418390625
39 0.419655359375 0.65892590625 0.4087628453125 0.590289396875 0.3795804359375 0.594764740625 0.39064584999999996 0.6653418390625 0.419655359375 0.65892590625
37 0.4488583265625 0.653886165625 0.43729022031250003 0.5848767921875 0.41090836093750005 0.5903618875000001 0.4215530890625 0.6591269734375 0.4488583265625 0.653886165625
35 0.47847895156250003 0.647384346875 0.46636424375 0.5789195687500001 0.4403859359375 0.583881521875 0.4519137296875 0.65345675625 0.47847895156250003 0.647384346875
33 0.5066839765625 0.639678096875 0.4959204 0.5719590328125 0.466807125 0.5778307015624999 0.4794432125 0.64537765625 0.5066839765625 0.639678096875
34 0.5448597453125 0.63197393125 0.5330673859374999 0.5658027984375 0.49568168281249997 0.572603865625 0.5079061203124999 0.6395063359375001 0.5448597453125 0.63197393125
36 0.584386546875 0.6250154578125 0.5725942359375 0.5588443171875 0.5344894859375 0.565981003125 0.5479796171875 0.6320032375 0.584386546875 0.6250154578125