27 0.86953125 0.828125 0.103125 0.078125
25 0.78046875 0.84765625 0.103125 0.075
25 0.690625 0.86875 0.1015625 0.075
25 0.59765625 0.89140625 0.1 0.0734375
31 0.4859375 0.80859375 0.0984375 0.0765625
31 0.5 0.8640625 0.103125 0.075
31 0.51640625 0.9125 0.0984375 0.06875
17 0.428125 0.93203125 0.103125 0.078125
17 0.41015625 0.878125 0.0984375 0.071875
7 0.32265625 0.903125 0.1046875 0.08125
7 0.33984375 0.9546875 0.103125 0.075
18 0.30390625 0.753125 0.0625 0.0703125
12 0.3609375 0.7390625 0.0765625 0.0765625
16 0.42421875 0.72421875 0.0734375 0.0765625
30 0.48515625 0.7109375 0.0765625 0.0796875
26 0.5328125 0.7 0.0546875 0.0703125
24 0.5765625 0.6875 0.078125 0.0828125
24 0.6328125 0.6734375 0.0765625 0.0828125
24 0.68984375 0.66015625 0.075 0.08125
23 0.57734375 0.590625 0.0921875 0.1
36 0.52265625 0.60546875 0.0671875 0.0859375
18 0.47734375 0.61640625 0.0640625 0.0828125
33 0.4390625 0.62578125 0.046875 0.0796875
35 0.4109375 0.6359375 0.05 0.08125
37 0.3796875 0.64296875 0.046875 0.0765625
41 0.34921875 0.65078125 0.05 0.08125
40 0.315625 0.65703125 0.0484375 0.078125
44 0.28671875 0.665625 0.05 0.0828125
45 0.25546875 0.671875 0.0453125 0.0796875
5 0.25546875 0.565625 0.1046875 0.0796875
4 0.3296875 0.54296875 0.078125 0.0828125
29 0.415625 0.5296875 0.1078125 0.078125
28 0.496875 0.50703125 0.0734375 0.0765625
1 0.57109375 0.49375 0.1015625 0.0765625
0 0.6515625 0.47109375 0.0765625 0.0796875
18 0.2625 0.453125 0.1375 0.1140625
13 0.35859375 0.428125 0.1046875 0.1203125
14 0.43671875 0.4125 0.1015625 0.11875
14 0.5109375 0.396875 0.1 0.11875
14 0.5828125 0.38046875 0.1 0.1125
3 0.6515625 0.37421875 0.0734375 0.084375
3 0.70546875 0.35859375 0.0734375 0.0875
2 0.76328125 0.34609375 0.078125 0.0875
11 0.740625 0.21015625 0.1171875 0.1359375
10 0.65546875 0.234375 0.1171875 0.1359375
9 0.578125 0.2484375 0.1015625 0.13125
8 0.496875 0.26328125 0.1234375 0.14375
20 0.41875 0.2875 0.103125 0.125
20 0.3484375 0.30859375 0.1 0.1125
19 0.26953125 0.32109375 0.1046875 0.1328125
19 0.19375 0.34375 0.096875 0.1140625
19 0.6017308156250001 0.54204024375 0.6220137453125 0.6249179453125 0.7025423796875 0.60289645 0.67270445 0.524067309375 0.6017308156250001 0.54204024375