21 0.3578125 0.3 0.1484375 0.1484375
14 0.2546875 0.3296875 0.125 0.13125
13 0.153125 0.35234375 0.14375 0.1421875
9 0.05703125 0.37578125 0.1140625 0.1546875
7 0.41484375 0.540625 0.140625 0.0859375
29 0.28125 0.5765625 0.14375 0.0875
5 0.15 0.61171875 0.146875 0.0890625
31 0.45625 0.66171875 0.134375 0.084375
24 0.35625 0.67734375 0.09375 0.0890625
23 0.2671875 0.7 0.1140625 0.0984375
15 0.1625 0.73046875 0.13125 0.1015625
27 0.4921875 0.8078125 0.134375 0.0796875
25 0.23046875 0.87734375 0.1375 0.08125
39 0.428125 0.41640625 0.0578125 0.0859375
38 0.41666476250000006 0.460364465625 0.39037343125 0.383913721875 0.3497839796875 0.394439515625 0.37497247499999997 0.4707595203125 0.41666476250000006 0.460364465625
40 0.37156900312499996 0.4716081015625 0.34162097187499996 0.39861526875000003 0.3014409640625 0.4090375078125 0.33242926875 0.4813667328125 0.37156900312499996 0.4716081015625
41 0.3289062546875 0.48173585 0.2990777671875 0.40922248124999994 0.2587347984375 0.4190491703125 0.28745297187499996 0.49308977656249997 0.3289062546875 0.48173585
42 0.283079125 0.49367110625 0.2579972546875 0.4184465234375 0.2181564765625 0.4285303 0.24223762343750002 0.5038540359375 0.283079125 0.49367110625
35 0.2371324515625 0.5051268984374999 0.21399135781249998 0.4304369046875 0.173471803125 0.439671440625 0.197141865625 0.515097671875 0.2371324515625 0.5051268984374999
33 0.19288754531250002 0.5161583921874999 0.1661039078125 0.44135810781249996 0.1243821140625 0.45127469375 0.153135959375 0.52708801875 0.19288754531250002 0.5161583921874999
37 0.1480307875 0.52836088125 0.1195454546875 0.45398491406249997 0.07801760625000001 0.4647432078125 0.104397665625 0.538221396875 0.1480307875 0.52836088125
32 0.10002380156249999 0.5388026546875 0.0701953140625 0.46628928593749996 0.0290772515625 0.476945409375 0.056629746875 0.5496220078125 0.10002380156249999 0.5388026546875