11 1 0.10202927343749998 0.8861241953125001 0.0923247921875 0.8425511046875 0.2527124515625 0.9683425625 0.2700979921875 1 0.1729420421875 1 0.10202927343749998
10 0.78985135625 0.0729323703125 0.7472321125 0.231165059375 0.8478779781249999 0.251209503125 0.8941208250000001 0.0979731578125 0.78985135625 0.0729323703125
9 0.71875 0.14453125 0.1359375 0.18125
8 0.6140625 0.13125 0.1421875 0.1765625
22 0.5109375 0.115625 0.128125 0.1703125
22 0.40390625 0.10390625 0.13125 0.15625
21 0.29296875 0.08359375 0.1359375 0.1671875
21 0.18515625 0.0734375 0.1359375 0.146875
13 0.1315285234375 0.150488925 0.122343615625 0.2976928921875 0.22427718125 0.31214966718750004 0.2381273390625 0.1665121484375 0.1315285234375 0.150488925
13 0.24254749531250003 0.183375096875 0.22224017499999998 0.3128125859375 0.32681651093749997 0.33023011874999997 0.336102753125 0.20208983906250003 0.24254749531250003 0.183375096875
13 0.342491653125 0.19101505000000002 0.3250978875 0.331590896875 0.4216579421875 0.34584400312499997 0.4423524796875 0.20751400156250002 0.342491653125 0.19101505000000002
14 0.4828125 0.2890625 0.1296875 0.146875
14 0.58828125 0.30234375 0.1296875 0.15625
14 0.684375 0.31953125 0.1265625 0.1515625
3 0.759375 0.34609375 0.090625 0.1171875
3 0.83203125 0.359375 0.0890625 0.1125
2 0.9015625 0.37265625 0.090625 0.1078125
0 0.6671875 0.4453125 0.09375 0.0921875
1 0.571875 0.43515625 0.128125 0.1015625
28 0.48125 0.41875 0.0875 0.0921875
29 0.3875 0.40546875 0.1296875 0.0984375
4 0.2796875 0.3875 0.0921875 0.0953125
5 0.17421875 0.375 0.1359375 0.10625
45 0.11365142187499999 0.42898874062500003 0.1057452421875 0.5222868296875001 0.146166025 0.5298777953125 0.1556850578125 0.43558009843749995 0.11365142187499999 0.42898874062500003
44 0.15324401875 0.4339192140625 0.1439180984375 0.529017734375 0.1860784640625 0.5360951296875001 0.198849409375 0.44196067499999997 0.15324401875 0.4339192140625
40 0.1973286640625 0.44128236875000004 0.18585046249999998 0.5330290671875 0.226942034375 0.5400192359375 0.237701275 0.44799099531250003 0.1973286640625 0.44128236875000004
41 0.23703068124999999 0.4486930625 0.2245787109375 0.538935409375 0.26625404375 0.5465408578125001 0.2785340078125 0.4551909078125 0.23703068124999999 0.4486930625
37 0.2756721234375 0.45591674531250004 0.265009153125 0.5491393640625 0.3071261046875 0.556618778125 0.31936676406250003 0.46239082500000006 0.2756721234375 0.45591674531250004
35 0.3195158796875 0.4591358796875 0.30575447499999997 0.5526855328125 0.34580719531250004 0.5581072953125 0.362610090625 0.4659142453125 0.3195158796875 0.4591358796875
33 0.3605983609375 0.46802045156250005 0.3479503984375 0.560074171875 0.38628922499999996 0.5672961390625 0.4026319734375 0.4746118015625 0.3605983609375 0.46802045156250005
34 0.4003705203125 0.47503335625 0.38394779218749997 0.56519149375 0.4414006546875 0.5741426875 0.4577125671875 0.48473414843749996 0.4003705203125 0.47503335625
36 0.4555782265625 0.48271718906250005 0.4424873890625 0.575564771875 0.4964680796875 0.5826220953125001 0.5123899859375001 0.4923244828125 0.4555782265625 0.48271718906250005
23 0.55078125 0.54453125 0.109375 0.1078125
15 0.64453125 0.56328125 0.1203125 0.115625
24 0.634375 0.67265625 0.0921875 0.1015625
24 0.559375 0.66015625 0.0890625 0.103125
24 0.48671875 0.65 0.084375 0.103125
26 0.43125 0.65 0.06875 0.0859375
30 0.375 0.63359375 0.090625 0.103125
12 0.30703125 0.61875 0.078125 0.09375
18 0.240625 0.60625 0.08125 0.0875
6 0.15390625 0.5953125 0.096875 0.103125
7 0.1328125 0.853125 0.125 0.0875
7 0.09941530781249999 0.7444144296874999 0.0971100078125 0.8021125281250001 0.20736617656249998 0.8217806953125001 0.208468328125 0.7594011109375 0.09941530781249999 0.7444144296874999
17 0.20225825468749997 0.8190627515625 0.308010390625 0.8363452609375001 0.3181162390625 0.77502299375 0.21043449375 0.760278103125 0.20225825468749997 0.8190627515625
17 0.1946771796875 0.82959610625 0.184305865625 0.8938195312499999 0.2915275984375 0.9097776484375 0.299395225 0.849121303125 0.1946771796875 0.82959610625
31 0.2942849703125 0.9104288765625 0.405147215625 0.9298118531249999 0.41406318906250006 0.8672191953124999 0.30116858125 0.8499642734374999 0.2942849703125 0.9104288765625
31 0.3640625 0.8203125 0.11875 0.0796875
25 0.465625 0.9046875 0.121875 0.08125
25 0.47421875 0.84140625 0.11875 0.08125
25 0.57265625 0.92265625 0.1203125 0.08125
25 0.58125 0.86171875 0.1203125 0.0828125
25 0.68984375 0.8734375 0.11875 0.0828125
25 0.68125 0.94375 0.1234375 0.0828125
27 0.7875 0.953125 0.115625 0.0765625
27 0.79375 0.8828125 0.11875 0.0890625