11 0.17421875 0.13203125 0.10625 0.1265625
10 0.2625 0.1390625 0.1015625 0.11875
9 0.35390625 0.14140625 0.096875 0.1265625
8 0.4421875 0.1453125 0.0953125 0.128125
20 0.52734375 0.1453125 0.1015625 0.13125
19 0.703125 0.1578125 0.1015625 0.128125
19 0.79296875 0.16328125 0.0859375 0.1203125
13 0.75859375 0.296875 0.0828125 0.11875
13 0.67421875 0.29453125 0.0796875 0.115625
13 0.59609375 0.2921875 0.0828125 0.1171875
14 0.51953125 0.2890625 0.08125 0.1171875
14 0.44296875 0.2859375 0.0859375 0.1171875
14 0.36328125 0.28203125 0.084375 0.11875
3 0.29375 0.29765625 0.0640625 0.08125
3 0.2375 0.28984375 0.0609375 0.0828125
2 0.16875 0.290625 0.065625 0.0828125
0 0.34375 0.4 0.065625 0.0765625
1 0.425 0.409375 0.0984375 0.065625
28 0.5046875 0.40625 0.059375 0.0703125
29 0.5859375 0.41328125 0.09375 0.065625
4 0.6625 0.409375 0.0640625 0.08125
5 0.73984375 0.4203125 0.096875 0.065625
15 0.35546875 0.4953125 0.0796875 0.0859375
24 0.34609375 0.58828125 0.0640625 0.0671875
24 0.4046875 0.5875 0.0578125 0.0703125
24 0.4640625 0.590625 0.0625 0.065625
30 0.5796875 0.59375 0.05625 0.06875
12 0.63359375 0.59453125 0.0546875 0.06875
16 0.690625 0.5984375 0.0609375 0.0703125
6 0.75 0.5984375 0.053125 0.0703125
27 0.2 0.78203125 0.096875 0.05625
25 0.28984375 0.784375 0.0953125 0.0546875
31 0.57890625 0.68515625 0.09375 0.0640625
31 0.5671875 0.73984375 0.0875 0.0546875
31 0.56328125 0.7875 0.0875 0.0515625
17 0.653125 0.74296875 0.0890625 0.0578125
17 0.646875 0.7921875 0.0875 0.05
36 0.4828125 0.503125 0.0484375 0.0734375
34 0.52734375 0.50546875 0.0484375 0.071875
37 0.63125 0.5078125 0.0328125 0.0734375
39 0.6625 0.50859375 0.034375 0.0734375
42 0.7578125 0.5109375 0.034375 0.0734375
33 0.5671875 0.5046875 0.0375 0.075
18 0.4265625 0.49765625 0.0671875 0.08125
18 0.6 0.5015625 0.0296875 0.0625
18 0.69453125 0.50390625 0.0328125 0.0625
18 0.7265625 0.5046875 0.034375 0.0625
18 0.52421875 0.5921875 0.05625 0.0625
18 0.4375 0.73359375 0.1734375 0.1625
18 0.62109375 0.15 0.0953125 0.134375