21 0.478125 0.2640625 0.1140625 0.14375
14 0.5765625 0.27265625 0.1 0.1421875
13 0.68203125 0.2734375 0.121875 0.15625
7 0.478125 0.5765625 0.115625 0.075
29 0.590625 0.58203125 0.1171875 0.0765625
5 0.70390625 0.590625 0.1171875 0.0734375
31 0.4578125 0.69453125 0.1109375 0.0703125
24 0.5484375 0.6953125 0.0765625 0.0765625
23 0.6359375 0.69453125 0.0921875 0.090625
27 0.4453125 0.8875 0.109375 0.0640625
27 0.45 0.82578125 0.1140625 0.0703125
25 0.5703125 0.8828125 0.1078125 0.065625
25 0.6796875 0.89296875 0.1109375 0.0671875
38 0.48359375 0.43671875 0.0453125 0.096875
40 0.539877984375 0.4881819671875 0.5486585625 0.391865990625 0.5126108765625 0.3893973140625 0.5014203140625 0.485007490625 0.539877984375 0.4881819671875
41 0.579196878125 0.48966308593749996 0.5908872390625 0.39697659218750003 0.5533493546875 0.3932708203125 0.5429897312499999 0.48776555000000005 0.579196878125 0.48966308593749996
42 0.621506371875 0.4930394265625 0.633327925 0.3980418171875 0.5964897859375 0.395531715625 0.58378878125 0.49048323437499997 0.621506371875 0.4930394265625
35 0.661535059375 0.495716740625 0.674816340625 0.402534125 0.63787748125 0.40175723750000003 0.6238477546875 0.49258263593749996 0.661535059375 0.495716740625
18 0.76875 0.44609375 0.04375 0.0875
18 0.72734375 0.44375 0.0421875 0.0859375
18 0.68828125 0.4421875 0.0390625 0.0859375