11 0.16328125 0.28046875 0.115625 0.14375
10 0.25859375 0.2765625 0.1015625 0.1453125
9 0.34453125 0.27578125 0.096875 0.1359375
2 0.1671875 0.44375 0.0671875 0.090625
3 0.22890625 0.4375 0.0703125 0.0921875
3 0.2953125 0.43359375 0.071875 0.090625
14 0.3671875 0.4125 0.0921875 0.1171875
14 0.44921875 0.40703125 0.09375 0.11875
14 0.53046875 0.4 0.0875 0.1171875
13 0.6078125 0.39296875 0.0890625 0.11875
13 0.68671875 0.38359375 0.0859375 0.121875
13 0.759375 0.37734375 0.0828125 0.11875
20 0.5562257609375 0.32547421875000004 0.547247228125 0.1980692125 0.45794869374999997 0.2066982859375 0.47161362812499996 0.3285709140625 0.5562257609375 0.32547421875000004
22 0.6315069453125 0.317561846875 0.6290167171875 0.199411571875 0.546012034375 0.204683771875 0.5551346609375 0.325588896875 0.6315069453125 0.317561846875
21 0.7057832765625001 0.31058313437499996 0.713859053125 0.1880101203125 0.626501459375 0.1962239921875 0.63032993125 0.3168575125 0.7057832765625001 0.31058313437499996
21 0.78376315 0.3073554734375 0.7940207874999999 0.18455310625000002 0.715498871875 0.1899734078125 0.709228571875 0.3118771359375 0.78376315 0.3073554734375
0 0.36015625 0.53046875 0.075 0.075
1 0.43984375 0.52578125 0.1 0.0703125
28 0.5140625 0.51484375 0.065625 0.0734375
29 0.58828125 0.509375 0.1 0.06875
4 0.66328125 0.49453125 0.065625 0.0765625
5 0.74375 0.49140625 0.09375 0.0671875
15 0.3671875 0.625 0.09375 0.09375
23 0.44765625 0.6140625 0.0828125 0.0859375
24 0.3625 0.721875 0.0703125 0.075
24 0.42421875 0.7125 0.065625 0.078125
24 0.48515625 0.70625 0.0640625 0.075
30 0.57734375 0.69140625 0.0625 0.0734375
12 0.634375 0.684375 0.0625 0.0734375
16 0.68828125 0.67578125 0.0609375 0.0703125
6 0.74765625 0.66640625 0.065625 0.071875
27 0.21796875 0.8953125 0.1046875 0.0640625
27 0.228125 0.94765625 0.1015625 0.0609375
25 0.31484375 0.88046875 0.103125 0.0625
25 0.32265625 0.9328125 0.103125 0.0609375
25 0.41171875 0.86484375 0.096875 0.0609375
25 0.4203125 0.9171875 0.0953125 0.0546875
25 0.40078125 0.8046875 0.096875 0.0609375
25 0.49921875 0.7984375 0.0953125 0.059375
25 0.50625 0.85390625 0.096875 0.059375
25 0.509375 0.90078125 0.090625 0.053125
31 0.5953125 0.83671875 0.090625 0.0578125
31 0.59375 0.8859375 0.0875 0.05625
17 0.68125 0.8265625 0.084375 0.0546875
17 0.68125 0.87265625 0.0875 0.0546875
17 0.67578125 0.76875 0.0875 0.0546875
7 0.76484375 0.8578125 0.0875 0.053125
7 0.7640625 0.81015625 0.0859375 0.05625
7 0.7935597703124999 0.774053525 0.797556290625 0.7262084453125001 0.71756795625 0.735450134375 0.7141832453125 0.783073875 0.7935597703124999 0.774053525
31 0.6333260078125 0.8037672640625001 0.6332587843749999 0.75160679375 0.5487875265625 0.7616535453125 0.546948940625 0.8148783546875 0.6333260078125 0.8037672640625001
36 0.51015625 0.609375 0.0484375 0.0765625
34 0.5546875 0.60390625 0.046875 0.0765625
33 0.6108265984375 0.6338199046875 0.6053911624999999 0.5622195624999999 0.5760608796875 0.56560575 0.5824431015625 0.6371953625 0.6108265984375 0.6338199046875
35 0.6402844625 0.6307237578125 0.63894270625 0.5583009078125001 0.60961301875 0.5615892640625 0.613369846875 0.6331603671875 0.6402844625 0.6307237578125
37 0.6710481078125 0.6251369671875 0.6674893046875 0.5564772625 0.6405803062500001 0.55784445625 0.64377979375 0.6291796609375 0.6710481078125 0.6251369671875
39 0.7000299875 0.6224830515625001 0.6994089078125 0.5519456546875 0.6696598921875 0.55478806875 0.6721225140625 0.6254162437499999 0.7000299875 0.6224830515625001
38 0.7300046890624999 0.6193325828125 0.7284314859375 0.549679734375 0.7014262125 0.5524293218749999 0.7016211953125 0.622708053125 0.7300046890624999 0.6193325828125
41 0.7587826171875001 0.6147389609375 0.7566926578125 0.5451404281250001 0.7309482546875 0.5473663765625 0.731990328125 0.6183394203125 0.7587826171875001 0.6147389609375
42 0.7881997078125 0.6112548546875 0.785552215625 0.5413226890625 0.7570005359375 0.546588225 0.7603330484375 0.614576003125 0.7881997078125 0.6112548546875