9 0.796875 0.30625 0.14375 0.1828125
13 0.68671875 0.3 0.125 0.1625
14 0.5859375 0.2890625 0.1140625 0.159375
19 0.48515625 0.2734375 0.11875 0.16875
5 0.69609375 0.61328125 0.1203125 0.0796875
29 0.58046875 0.59765625 0.1203125 0.0796875
7 0.46796875 0.5796875 0.115625 0.08125
23 0.615625 0.69765625 0.0953125 0.096875
24 0.53671875 0.6859375 0.078125 0.0890625
31 0.446875 0.68203125 0.1125 0.078125
27 0.446875 0.8 0.1078125 0.06875
27 0.4421875 0.8546875 0.1046875 0.0640625
25 0.55625 0.81875 0.1078125 0.06875
25 0.54765625 0.8703125 0.10625 0.0640625
25 0.64921875 0.8859375 0.109375 0.0671875
25 0.66171875 0.83359375 0.1140625 0.06875
40 0.5234375 0.45078125 0.0484375 0.0953125
38 0.4828125 0.44375 0.0515625 0.096875
39 0.456180634375 0.48729641093750004 0.4627683796875 0.39518721874999996 0.424261121875 0.3907104 0.42005943125 0.48268742031249995 0.456180634375 0.48729641093750004
41 0.5743867828125 0.5020391515625 0.5922945828125 0.4138584515625 0.552856509375 0.40691325312500004 0.5395522749999999 0.49714348125 0.5743867828125 0.5020391515625
42 0.6145926125 0.5086247359375 0.632349721875 0.4171502703125 0.5962468609375 0.41301136875 0.577989140625 0.5030129421875 0.6145926125 0.5086247359375
35 0.6532227749999999 0.513118828125 0.6725651125 0.4237372 0.6347481578124999 0.4184223734375 0.6171660015625 0.508051378125 0.6532227749999999 0.513118828125
33 0.69423303125 0.5184149296875 0.7124269546875001 0.4284043921875 0.674536153125 0.4235467 0.657018428125 0.5127172453125 0.69423303125 0.5184149296875
37 0.734503290625 0.524542059375 0.7557631609375 0.4349624109375 0.71805536875 0.4287279 0.6972242578125 0.5193028328125 0.734503290625 0.524542059375
39 0.7786336390625 0.5298091484375 0.803024753125 0.44020205625 0.765241375 0.43442443593749996 0.7396500734375 0.5233953390625 0.7786336390625 0.5298091484375