43 0.7079408046875 0.08848557812499999 0.7129393828125 0.3092037890625 0.7667912343750001 0.3063864453125 0.7618737531249999 0.0854142703125 0.7079408046875 0.08848557812499999
45 0.5924044171875 0.10678474375 0.6108978296875 0.330800021875 0.662167953125 0.32267963125 0.648569259375 0.10226577343750001 0.5924044171875 0.10678474375
41 0.5370221015625 0.11810949687500001 0.558109734375 0.3384815296875 0.6112326109375 0.332848121875 0.5927924734375 0.1110999484375 0.5370221015625 0.11810949687500001
40 0.5367050734375 0.1196185984375 0.48124283749999996 0.1251204546875 0.5051497859375 0.347548865625 0.55838765 0.3393847875 0.5367050734375 0.1196185984375
2 0.17109375 0.196875 0.140625 0.2453125
3 0.0435168515625 0.3348709671875 0.141255178125 0.3216639171875 0.126181359375 0.23994366406249998 0.119847059375 0.2187834015625 0.11381843437500001 0.1538159796875 0.1013554703125 0.085889590625 0.0043234843750000005 0.10012135625 0.0430639203125 0.336647590625 0.0435168515625 0.3348709671875
24 0 0.3453699765625 0.0450454125 0.3357654578125 0.0008131656250000001 0.099540746875 0 0.0996899546875 0 0.3453699765625
27 0.3547219640625 0.8277346859374999 0.5000262578125 0.8058573375 0.47923391562499995 0.6665083875 0.32800961875 0.691028259375 0.3547219640625 0.8277346859374999
27 0.2104700609375 0.8490352718749999 0.355933203125 0.8269745484375 0.3297190671875 0.6964404609375 0.18057323593750002 0.7206311359375001 0.2104700609375 0.8490352718749999
25 0.1782021734375 0.7115435031249999 0.14376271406250002 0.5640440015625 0.0072667171875000006 0.5852311 0.0230937484375 0.6851590390625 0.0316497640625 0.7362621625 0.1782021734375 0.7115435031249999
25 0.21126508593749999 0.8462370609375001 0.17852186718750002 0.71150475 0.030901240625 0.7344536078125 0.0327164046875 0.745914103125 0.0631173484375 0.8736121000000001 0.21126508593749999 0.8462370609375001
26 0.690625 0.62734375 0.1015625 0.1796875
26 0.75234375 0.6171875 0.096875 0.1828125
27 0.3312182328125 0.6927932453125 0.48267060156249997 0.6693738437500001 0.4550582453125 0.5004171265624999 0.3014042609375 0.5230486421875 0.3312182328125 0.6927932453125
27 0.3349708 0.69731355625 0.3038217140625 0.5436926828125 0.145647096875 0.56775570625 0.1813546140625 0.7213323468749999 0.3349708 0.69731355625
25 0 0.538577634375 0.0010077046875 0.5446537250000001 0.13175445624999998 0.52508053125 0.1400294421875 0.44818662031249995 0 0.47066282968750006 0 0.538577634375
18 0.157297703125 0.522296078125 0.302696871875 0.4985990921875 0.29848151875 0.41259161874999994 0.16249959687499999 0.4341290390625 0.157297703125 0.522296078125
44 0.7058587625 0.0936270359375 0.647876409375 0.0973761015625 0.6616431625 0.3193662265625 0.713452884375 0.3152362 0.7058587625 0.0936270359375