13 0.77265625 0.06484375 0.1359375 0.1296875
13 0.6546875 0.0703125 0.125 0.140625
14 0.53984375 0.07265625 0.1171875 0.1453125
14 0.42265625 0.08203125 0.1234375 0.1609375
21 0.31171875 0.09296875 0.1140625 0.1640625
19 0.1953125 0.10234375 0.1375 0.165625
20 0.0703125 0.1140625 0.125 0.165625
23 0.803125 0.2140625 0.1046875 0.121875
15 0.70625 0.22421875 0.115625 0.1265625
8 0.59609375 0.22890625 0.128125 0.1484375
9 0.48359375 0.2421875 0.1125 0.1359375
10 0.375 0.2515625 0.1234375 0.146875
11 0.26328125 0.26171875 0.1140625 0.1390625
3 0.178125 0.28203125 0.0875 0.1109375
2 0.09921875 0.29375 0.0828125 0.103125
1 0.35546875 0.4203125 0.11875 0.090625
28 0.453125 0.4046875 0.090625 0.0953125
29 0.5546875 0.40078125 0.1234375 0.0890625
4 0.6578125 0.38359375 0.09375 0.1078125
5 0.76171875 0.3796875 0.134375 0.0921875
12 0.7921875 0.48828125 0.0890625 0.0984375
24 0.3609375 0.65546875 0.078125 0.08125
24 0.4328125 0.64765625 0.078125 0.0828125
24 0.509375 0.640625 0.08125 0.084375
26 0.571875 0.63828125 0.0578125 0.0796875
30 0.6359375 0.628125 0.0765625 0.0875
16 0.71484375 0.62421875 0.0859375 0.084375
6 0.79140625 0.61484375 0.0859375 0.0921875
7 0.79140625 0.746875 0.125 0.075
7 0.79765625 0.8109375 0.121875 0.0765625
7 0.79453125 0.8734375 0.1109375 0.0640625
17 0.68515625 0.825 0.121875 0.0734375
17 0.68515625 0.88359375 0.11875 0.0703125
31 0.56796875 0.834375 0.1140625 0.071875
31 0.57109375 0.89375 0.1140625 0.06875
31 0.5609375 0.759375 0.1125 0.0703125
25 0.4484375 0.784375 0.11875 0.0734375
25 0.4515625 0.8484375 0.115625 0.06875
25 0.45859375 0.90703125 0.1140625 0.06875
27 0.23515625 0.93046875 0.11875 0.075
34 0.39453125 0.5203125 0.0625 0.0953125
33 0.44375 0.515625 0.0453125 0.0953125
35 0.484375 0.51328125 0.046875 0.0953125
37 0.52578125 0.50859375 0.046875 0.09375
18 0.565625 0.50078125 0.0453125 0.0796875
38 0.60703125 0.5015625 0.0453125 0.09375
41 0.646875 0.49765625 0.0453125 0.096875
42 0.68828125 0.49453125 0.0484375 0.0953125
41 0.7296875 0.4890625 0.0484375 0.096875