13 0.32265625 0.340625 0.0890625 0.1140625
13 0.4046875 0.33515625 0.0875 0.11875
14 0.4984375 0.325 0.0859375 0.125
14 0.5796875 0.3234375 0.0734375 0.11875
19 0.66171875 0.31640625 0.0890625 0.1234375
19 0.75234375 0.3109375 0.090625 0.121875
20 0.8421875 0.30546875 0.0859375 0.1203125
23 0.33125 0.46875 0.08125 0.0875
15 0.40546875 0.46171875 0.078125 0.0890625
8 0.48203125 0.45859375 0.0828125 0.1078125
9 0.55859375 0.4515625 0.0734375 0.1015625
10 0.6390625 0.44765625 0.08125 0.103125
11 0.71328125 0.44296875 0.0734375 0.1046875
3 0.78515625 0.453125 0.065625 0.0734375
2 0.8515625 0.45234375 0.0640625 0.06875
5 0.35546875 0.56875 0.0875 0.0546875
4 0.4296875 0.5578125 0.059375 0.0703125
29 0.50234375 0.56015625 0.0875 0.0546875
28 0.57421875 0.55234375 0.0609375 0.0671875
18 0.66015625 0.54765625 0.10625 0.0703125
12 0.35 0.653125 0.0578125 0.0671875
24 0.6859375 0.71875 0.059375 0.059375
24 0.62734375 0.72109375 0.05625 0.0625
24 0.56953125 0.72421875 0.05625 0.0671875
26 0.52109375 0.72734375 0.0375 0.05625
30 0.47734375 0.7265625 0.0578125 0.0609375
16 0.421875 0.7296875 0.053125 0.0609375
6 0.36484375 0.7359375 0.0625 0.0640625
25 0.7265625 0.89375 0.0859375 0.0484375
25 0.7265625 0.85078125 0.0875 0.0484375
25 0.6390625 0.89765625 0.0828125 0.05
25 0.640625 0.85390625 0.0828125 0.046875
25 0.63671875 0.803125 0.084375 0.0484375
31 0.55390625 0.896875 0.0828125 0.0484375
31 0.5515625 0.85234375 0.084375 0.046875
31 0.54765625 0.80234375 0.0859375 0.05
17 0.47265625 0.89921875 0.084375 0.046875
17 0.4671875 0.8546875 0.0859375 0.046875
17 0.465625 0.80703125 0.0859375 0.0515625
7 0.38203125 0.81328125 0.084375 0.05
7 0.384375 0.859375 0.0828125 0.0484375
7 0.3890625 0.9015625 0.0828125 0.0453125
27 0.8125 0.84609375 0.0859375 0.053125
27 0.81015625 0.89140625 0.0859375 0.04375
36 0.6921875 0.63984375 0.0453125 0.0703125
34 0.64609375 0.64140625 0.0453125 0.0671875
33 0.609375 0.64140625 0.03125 0.06875
35 0.57734375 0.64375 0.0328125 0.0671875
37 0.54609375 0.64453125 0.03125 0.0671875
39 0.515625 0.64296875 0.03125 0.0703125
38 0.48515625 0.64375 0.0328125 0.0703125
41 0.45390625 0.64453125 0.03125 0.0703125
42 0.42265625 0.64609375 0.034375 0.06875
40 0.39296875 0.64765625 0.0328125 0.06875