21 0.56171875 0.26875 0.125 0.1734375
14 0.671875 0.2765625 0.109375 0.165625
13 0.775 0.278125 0.1125 0.1578125
9 0.8828125 0.27890625 0.11875 0.16875
5 0.82578125 0.61015625 0.121875 0.0765625
7 0.5734375 0.6015625 0.1234375 0.0796875
31 0.55078125 0.72109375 0.115625 0.078125
24 0.6453125 0.71953125 0.08125 0.0828125
23 0.73125 0.71328125 0.09375 0.1
27 0.56328125 0.90625 0.115625 0.06875
25 0.6796875 0.90859375 0.11875 0.0703125
25 0.79609375 0.91328125 0.11875 0.0703125
18 0.82265625 0.7171875 0.090625 0.1015625
18 0.69609375 0.5859375 0.1234375 0.1015625
40 0.61953125 0.45703125 0.0453125 0.1
41 0.66171875 0.45703125 0.04375 0.1
42 0.70546875 0.459375 0.046875 0.1
35 0.7515625 0.46171875 0.0484375 0.1
33 0.7953125 0.4625 0.0546875 0.103125
37 0.8390625 0.46484375 0.053125 0.1
32 0.8828125 0.46484375 0.05625 0.1