11 0.74453125 0.17421875 0.1109375 0.1328125
10 0.6609375 0.18984375 0.103125 0.1296875
9 0.5765625 0.20703125 0.0984375 0.1296875
8 0.49765625 0.22734375 0.0984375 0.1203125
22 0.41875 0.2421875 0.1 0.1203125
22 0.34296875 0.26015625 0.0953125 0.1125
21 0.25546875 0.26796875 0.1 0.128125
21 0.16796875 0.28203125 0.0984375 0.1296875
13 0.209375 0.41015625 0.096875 0.128125
13 0.29296875 0.39453125 0.0984375 0.1296875
13 0.3734375 0.38046875 0.090625 0.1234375
14 0.4453125 0.3671875 0.09375 0.11875
14 0.5203125 0.35546875 0.0890625 0.1171875
14 0.59296875 0.340625 0.0984375 0.1203125
3 0.66328125 0.34375 0.06875 0.084375
3 0.7203125 0.328125 0.075 0.0875
2 0.7796875 0.31875 0.0765625 0.0890625
0 0.62734375 0.45 0.0734375 0.08125
1 0.55078125 0.46796875 0.103125 0.075
28 0.47421875 0.4765625 0.065625 0.0796875
4 0.32265625 0.50078125 0.0765625 0.0828125
5 0.23515625 0.525 0.1 0.075
15 0.64296875 0.54296875 0.0859375 0.0953125
23 0.56875 0.55390625 0.084375 0.096875
24 0.6609375 0.63203125 0.075 0.0828125
24 0.6015625 0.6421875 0.0703125 0.078125
24 0.5421875 0.6546875 0.0671875 0.0734375
26 0.4953125 0.66171875 0.046875 0.0671875
30 0.4484375 0.66953125 0.06875 0.0734375
12 0.3921875 0.67890625 0.065625 0.0703125
16 0.334375 0.68984375 0.0640625 0.06875
6 0.271875 0.6984375 0.0703125 0.0765625
25 0.7390625 0.77421875 0.103125 0.071875
25 0.74140625 0.8296875 0.096875 0.06875
25 0.65234375 0.84609375 0.096875 0.065625
25 0.6453125 0.79609375 0.1 0.071875
25 0.55859375 0.85703125 0.09375 0.0671875
25 0.5484375 0.80625 0.0953125 0.06875
31 0.47109375 0.8734375 0.09375 0.0671875
31 0.46015625 0.8203125 0.0953125 0.06875
31 0.45234375 0.76953125 0.0984375 0.06875
17 0.38515625 0.88359375 0.09375 0.065625
17 0.37265625 0.834375 0.0953125 0.065625
7 0.29921875 0.89765625 0.09375 0.0640625
7 0.2859375 0.84765625 0.09375 0.0671875
7 0.271875 0.796875 0.096875 0.06875
36 0.51328125 0.56640625 0.05625 0.078125
34 0.46796875 0.57578125 0.05625 0.078125
33 0.43046875 0.58125 0.0453125 0.075
35 0.396875 0.58671875 0.04375 0.075
37 0.3609375 0.5921875 0.0421875 0.075
39 0.33046875 0.5984375 0.04375 0.0765625
38 0.29921875 0.60390625 0.0421875 0.075
41 0.2671875 0.60859375 0.04375 0.0765625
42 0.234375 0.615625 0.04375 0.075