11 0.17109375 0.26953125 0.1109375 0.140625
10 0.2671875 0.26796875 0.096875 0.1421875
9 0.35234375 0.2703125 0.0921875 0.134375
2 0.16953125 0.43203125 0.0640625 0.0890625
3 0.23125 0.428125 0.0671875 0.090625
3 0.29765625 0.4265625 0.0703125 0.0890625
14 0.3703125 0.4078125 0.0890625 0.1140625
14 0.45234375 0.40546875 0.090625 0.1171875
14 0.53359375 0.4015625 0.0828125 0.1140625
13 0.61171875 0.396875 0.0859375 0.1171875
13 0.690625 0.390625 0.0828125 0.1203125
13 0.7640625 0.38671875 0.078125 0.1171875
20 0.5622823718750001 0.3275427859375 0.5577556796875001 0.1999020453125 0.4682103921875 0.2054093890625 0.4776137078125 0.32768467343749996 0.5622823718750001 0.3275427859375
22 0.637793834375 0.322262509375 0.639428509375 0.2040973 0.5562903921875 0.20646946718749998 0.561187934375 0.327619315625 0.637793834375 0.322262509375
21 0.7122684718750001 0.31788025468750003 0.7246170656250001 0.19566375 0.637026028125 0.20082388125 0.63664211875 0.3215175265625 0.7122684718750001 0.31788025468750003
21 0.7903134859375001 0.31737601875 0.8048506171875 0.1950064453125 0.72618736875 0.19768306875 0.7156665078125 0.3192937078125 0.7903134859375001 0.31737601875
0 0.359375 0.52578125 0.071875 0.071875
1 0.4390625 0.52421875 0.0984375 0.0671875
28 0.51328125 0.515625 0.0640625 0.071875
29 0.5875 0.5125 0.096875 0.065625
4 0.6640625 0.5 0.0640625 0.075
5 0.74375 0.5 0.0921875 0.0640625
15 0.3625 0.6203125 0.0921875 0.090625
23 0.44375 0.61171875 0.0796875 0.0828125
24 0.3546875 0.7171875 0.06875 0.0734375
24 0.41640625 0.709375 0.0625 0.075
24 0.47734375 0.70625 0.0625 0.071875
30 0.57109375 0.69375 0.059375 0.071875
12 0.62734375 0.6890625 0.0609375 0.0703125
16 0.68203125 0.68203125 0.059375 0.06875
6 0.74140625 0.675 0.0625 0.0703125
27 0.20390625 0.88515625 0.103125 0.0609375
27 0.2125 0.9375 0.1 0.0578125
25 0.3015625 0.87421875 0.1015625 0.059375
25 0.30703125 0.9265625 0.1015625 0.0578125
25 0.39921875 0.86171875 0.0953125 0.0578125
25 0.40625 0.9140625 0.09375 0.053125
25 0.390625 0.8015625 0.0953125 0.0578125
25 0.4890625 0.7984375 0.09375 0.05625
25 0.49453125 0.85390625 0.0953125 0.05625
25 0.4953125 0.90078125 0.0890625 0.05
31 0.58359375 0.83984375 0.090625 0.0546875
31 0.58046875 0.8890625 0.0875 0.0546875
17 0.66953125 0.8328125 0.0828125 0.053125
17 0.66796875 0.87890625 0.0859375 0.053125
17 0.66640625 0.775 0.0859375 0.0515625
7 0.75234375 0.8671875 0.0859375 0.0515625
7 0.753125 0.81875 0.084375 0.053125
7 0.7838166109375 0.7841316671875 0.7894804671875 0.7364552093750001 0.7092183296875 0.7428997171875 0.704173634375 0.790376321875 0.7838166109375 0.7841316671875
31 0.6226434656250001 0.8082352281249999 0.62439665625 0.7561041859375 0.5396262296875001 0.7631968140625001 0.53593124375 0.816325034375 0.6226434656250001 0.8082352281249999
36 0.50625 0.61015625 0.046875 0.075
34 0.5515625 0.60625 0.0453125 0.075
33 0.6060888375 0.637606178125 0.6031555296875 0.565859759375 0.5737249375 0.5682202703125 0.5776048312500001 0.639989009375 0.6060888375 0.637606178125
35 0.6356368109375 0.6355399828125 0.6368233937500001 0.5631144234375001 0.6073968109375001 0.5653771843750001 0.60865355625 0.6370358 0.6356368109375 0.6355399828125
37 0.66657669375 0.6310302296875 0.665416246875 0.56228815 0.638475925 0.5627154015625 0.6391839015625 0.6341188109375 0.66657669375 0.6310302296875
39 0.6956335375 0.6293893828125 0.69747455625 0.55887328125 0.6676444640625 0.5606757375 0.6676406984375001 0.6313468328125 0.6956335375 0.6293893828125
38 0.7256999296875 0.6272869359375 0.726558534375 0.557621615625 0.6994737515625 0.5594270578125 0.6972159234374999 0.62966978125 0.7256999296875 0.6272869359375
41 0.7546206421874999 0.6237004484375 0.754960909375 0.5540713734375 0.7291545046875 0.5553975 0.7277190203125 0.6263636765625 0.7546206421874999 0.6237004484375
42 0.7841414062500001 0.6212451046874999 0.7839361234375 0.5512631453125 0.755218071875 0.555529034375 0.756175815625 0.6235917 0.7841414062500001 0.6212451046874999