43 0.7889554578125 0.1407114796875 0.747954909375 0.35764573125 0.801215728125 0.3660863828125 0.842348403125 0.14892057812499998 0.7889554578125 0.1407114796875
45 0.6721392078124999 0.1345894 0.6436531 0.35755440312500003 0.695491171875 0.3602711203125 0.728016259375 0.14184650625 0.6721392078124999 0.1345894
41 0.6156125796875 0.1341520484375 0.5904214750000001 0.35409278906249997 0.6435547406250001 0.35962735156250003 0.671621603125 0.1388909875 0.6156125796875 0.1341520484375
40 0.6149887203125 0.1355622578125 0.559594565625 0.1294126375 0.5367336234375 0.351950990625 0.5905055203125 0.355034090625 0.6149887203125 0.1355622578125
2 0.24140625 0.13515625 0.11875 0.2375
3 0.0878243609375 0.24357125000000002 0.18617276875 0.250973746875 0.1884189453125 0.167905253125 0.18662253125 0.1458904171875 0.194233134375 0.08108926875 0.1961652046875 0.0120560375 0.09829465 0.005802721875 0.0870119453125 0.2452148796875 0.0878243609375 0.24357125000000002
24 0.0149555578125 0.244810978125 0.08913354375 0.2447639984375 0.09498175625000001 0.0045049625 0.025964845312500002 0.002574146875 0.0149555578125 0.244810978125
27 0.289756765625 0.7903678937499999 0.43643436874999997 0.7991790812499999 0.4450686640625 0.6585522671875 0.2920510125 0.651095021875 0.289756765625 0.7903678937499999
27 0.144228471875 0.7812113546874999 0.2910995765625 0.7898761999999999 0.2925978453125 0.6567443703125 0.141681684375 0.6493972578125 0.144228471875 0.7812113546874999
25 0 0.634030421875 0.1412518609375 0.640015240625 0.13823185625 0.488578590625 0.0003135796875 0.48092358593749995 0 0.48690704218749997 0 0.634030421875
25 0 0.77474876875 0.1455879046875 0.7786395875000001 0.141572625 0.6400438015625001 0 0.632218821875 0 0.77474876875
26 0.66015625 0.6640625 0.0859375 0.1734375
26 0.72265625 0.6671875 0.0796875 0.178125
27 0.29482255 0.653488546875 0.44783448750000004 0.6620696328125 0.4559536046875 0.4910640953125 0.300951971875 0.48125459687500005 0.29482255 0.653488546875
27 0.2975532890625 0.65869028125 0.2990244609375 0.5019501328125 0.1393033546875 0.49260097031249994 0.1423001984375 0.650245603125 0.2975532890625 0.65869028125
25 0.1345869703125 0.4479699078125 0.1586682703125 0.374476778125 0.0062941265625 0.3668079609375 0.003655184375 0.4171619578125 0.0026278531250000002 0.4399316015625 0.1345869703125 0.4479699078125
18 0.16015095625 0.45055704218750003 0.307299684375 0.457608078125 0.32105840625000004 0.372603653125 0.1835701328125 0.3653981984375 0.16015095625 0.45055704218750003
44 0.7858499453125 0.1453077046875 0.7283551703125 0.13691963437500002 0.69566674375 0.3569210109375 0.74720298125 0.36365308281250003 0.7858499453125 0.1453077046875