20 0.5890625 0.2734375 0.1109375 0.146875
19 0.68046875 0.290625 0.1125 0.153125
19 0.7609375 0.309375 0.103125 0.1390625
14 0.83515625 0.33203125 0.0890625 0.128125
14 0.91328125 0.34609375 0.0984375 0.1296875
13 0.96875 0.3640625 0.0625 0.11875
8 0.95234375 0.49140625 0.0953125 0.1234375
9 0.8734375 0.478125 0.1015625 0.121875
10 0.80546875 0.47109375 0.0734375 0.1078125
11 0.7453125 0.45546875 0.1046875 0.125
3 0.66640625 0.45859375 0.06875 0.0890625
3 0.61015625 0.44765625 0.071875 0.0921875
2 0.55 0.43828125 0.0734375 0.09375
5 0.90546875 0.6 0.09375 0.0734375
29 0.76484375 0.58203125 0.1 0.075
18 0.83515625 0.58125 0.0640625 0.0796875
28 0.6921875 0.56875 0.0703125 0.08125
1 0.6140625 0.56328125 0.109375 0.08125
0 0.5296875 0.5421875 0.08125 0.09375
7 0.84140625 0.85859375 0.084375 0.0625
7 0.8390625 0.925 0.0921875 0.075
15 0.521875 0.64921875 0.090625 0.1078125
23 0.59375 0.65625 0.08125 0.1015625
24 0.5203125 0.75234375 0.075 0.0859375
24 0.46015625 0.746875 0.0734375 0.0890625
24 0.3953125 0.746875 0.0765625 0.0859375
24 0.3265625 0.73828125 0.0859375 0.0953125
12 0.74609375 0.76640625 0.06875 0.075
16 0.79609375 0.76953125 0.059375 0.0765625
6 0.8546875 0.77265625 0.065625 0.075
30 0.68515625 0.75859375 0.065625 0.075
27 0.3203125 0.91796875 0.1140625 0.0875
25 0.41953125 0.91875 0.1078125 0.084375
25 0.5140625 0.84609375 0.1015625 0.0796875
25 0.4203125 0.8375 0.109375 0.0859375
25 0.5109375 0.9109375 0.0984375 0.08125
25 0.60390625 0.85234375 0.1 0.078125
25 0.5953125 0.9125 0.1015625 0.078125
31 0.68984375 0.86328125 0.0984375 0.078125
31 0.6828125 0.9203125 0.096875 0.0765625
17 0.76640625 0.8578125 0.090625 0.0765625
17 0.76640625 0.91796875 0.0890625 0.0765625
26 0.6500464609375001 0.7311095796875 0.606459621875 0.7259129109375 0.5957344171875001 0.7867385687499999 0.64369605625 0.7895510015625 0.6500464609375001 0.7311095796875
26 0.596652 0.7862732046875001 0.6073590515625 0.7243661453125 0.563359721875 0.7239577578125 0.5506922140625 0.78632248125 0.596652 0.7862732046875001
42 0.908744953125 0.7243935593749999 0.9261967015625 0.656739296875 0.9014930984375 0.654962609375 0.8810205453125001 0.72368611875 0.908744953125 0.7243935593749999
41 0.8987320296875 0.654508228125 0.8721799406249999 0.6506301203125 0.856426084375 0.721021890625 0.8821724046874999 0.7234711015624999 0.8987320296875 0.654508228125
38 0.8547340015625 0.7211416515625 0.8707705578124999 0.6511448843750001 0.84535321875 0.64799040625 0.8299965390624999 0.719288434375 0.8547340015625 0.7211416515625
39 0.8284475 0.7185971921875 0.84078273125 0.6474242375 0.813736340625 0.6440879515625 0.8000716999999999 0.7152662125 0.8284475 0.7185971921875
35 0.79816515 0.716602521875 0.8113810328125 0.6443292781250001 0.7825165968750001 0.6410917328125 0.7719501125 0.713652525 0.79816515 0.716602521875
33 0.7546039875 0.6384966640624999 0.72663093125 0.6358368249999999 0.711417253125 0.7063238421875 0.7400075125 0.708438321875 0.7546039875 0.6384966640624999
34 0.7253809390625 0.6343885296875 0.6859738359375 0.629504109375 0.6680273890625 0.702854159375 0.7105910703125 0.7078506015625 0.7253809390625 0.6343885296875
35 0.6814374640625 0.6308188203125 0.641034934375 0.625343165625 0.6245660234375 0.6997899734375 0.6638885812499999 0.704214934375 0.6814374640625 0.6308188203125