19 0.50703125 0.24375 0.1203125 0.1609375
14 0.4109375 0.22421875 0.1265625 0.165625
13 0.30234375 0.19765625 0.153125 0.178125
9 0.1953125 0.17578125 0.1453125 0.1765625
5 0.2015625 0.50390625 0.1296875 0.090625
29 0.31171875 0.52265625 0.1203125 0.084375
7 0.4203125 0.5453125 0.1234375 0.084375
31 0.42421875 0.65546875 0.1140625 0.0828125
24 0.33828125 0.6359375 0.0828125 0.0859375
23 0.2671875 0.61484375 0.1 0.1015625
15 0.184375 0.6 0.103125 0.103125
27 0.3953125 0.8296875 0.1109375 0.0703125
27 0.4015625 0.7765625 0.1125 0.075
25 0.2703125 0.80859375 0.11875 0.0765625
25 0.16171875 0.790625 0.1203125 0.0765625
25 0.28515625 0.74921875 0.115625 0.0765625
25 0.18046875 0.73203125 0.11875 0.078125
39 0.5092905156249999 0.4672198328125 0.5209981765625 0.3746459203125 0.484664628125 0.3681074234375 0.47284441718750003 0.46065945937499997 0.5092905156249999 0.4672198328125
38 0.47034828281249996 0.4591261984375 0.48128468125 0.3669264 0.442921909375 0.3599934609375 0.43313092031249995 0.45293993749999995 0.47034828281249996 0.4591261984375
40 0.42956906406249995 0.4532956453125 0.43820563437500004 0.35855268125 0.3999308015625 0.3511128078125 0.39322111875 0.4462303203125 0.42956906406249995 0.4532956453125
41 0.3893787640625 0.4444353796875 0.397917178125 0.35019736562500003 0.3623258546875 0.3432791125 0.35206325 0.43875407343750006 0.3893787640625 0.4444353796875
42 0.34831904687500004 0.4364541796875 0.3572361140625 0.3438618625 0.32028867499999997 0.33668000781249996 0.3112979921875 0.429258015625 0.34831904687500004 0.4364541796875
35 0.307161178125 0.42897793125000006 0.314058915625 0.335993096875 0.27642799375 0.3286783859375 0.2680226375 0.4218942015625 0.307161178125 0.42897793125000006
33 0.26725137499999996 0.42226831562499995 0.2739667671875 0.3266278796875 0.23565300156250002 0.31918043749999997 0.2283091421875 0.4141746796875 0.26725137499999996 0.42226831562499995
37 0.22427048125 0.41338964375 0.2307895671875 0.3187591109375 0.1899688171875 0.3097762984375 0.185131940625 0.40630591406249994 0.22427048125 0.41338964375