21 0.8625 0.2140625 0.115625 0.1328125
21 0.76953125 0.22421875 0.0921875 0.10625
20 0.68359375 0.2140625 0.1 0.121875
20 0.59453125 0.209375 0.0921875 0.1234375
8 0.5109375 0.2015625 0.103125 0.134375
9 0.42578125 0.2109375 0.09375 0.1125
10 0.3515625 0.20078125 0.0828125 0.11875
11 0.2734375 0.196875 0.0984375 0.121875
13 0.85078125 0.3578125 0.109375 0.1296875
13 0.75234375 0.35390625 0.09375 0.1234375
13 0.66484375 0.34921875 0.0953125 0.11875
14 0.5859375 0.34765625 0.084375 0.109375
14 0.51015625 0.340625 0.084375 0.1140625
14 0.43515625 0.3375 0.084375 0.109375
3 0.36484375 0.34609375 0.0625 0.078125
3 0.3140625 0.340625 0.0546875 0.0765625
2 0.26640625 0.33984375 0.0515625 0.0734375
5 0.82734375 0.490625 0.1125 0.075
4 0.73515625 0.47265625 0.0765625 0.0859375
29 0.64296875 0.4734375 0.109375 0.075
28 0.56015625 0.459375 0.0734375 0.0828125
1 0.4828125 0.4578125 0.096875 0.0703125
0 0.41171875 0.44609375 0.0640625 0.0765625
15 0.4140625 0.54375 0.078125 0.0875
23 0.48515625 0.5546875 0.078125 0.0828125
24 0.4 0.6421875 0.0671875 0.0765625
24 0.4609375 0.65 0.065625 0.0765625
24 0.51875 0.65703125 0.065625 0.0796875
26 0.56953125 0.66875 0.0484375 0.071875
30 0.62265625 0.6734375 0.0734375 0.0828125
12 0.68671875 0.68203125 0.0671875 0.078125
16 0.75078125 0.69296875 0.075 0.08125
6 0.82421875 0.70234375 0.0828125 0.0921875
27 0.240625 0.7796875 0.090625 0.06875
27 0.24453125 0.83359375 0.0890625 0.0640625
25 0.3265625 0.79375 0.090625 0.0671875
25 0.328125 0.8484375 0.0890625 0.065625
25 0.41171875 0.86640625 0.0953125 0.075
25 0.4203125 0.80546875 0.0921875 0.078125
25 0.503125 0.88515625 0.1 0.078125
25 0.5078125 0.8265625 0.0984375 0.071875
25 0.515625 0.76328125 0.096875 0.06875
25 0.43125 0.7421875 0.0875 0.0640625
31 0.6425088375 0.9427330906250001 0.6480104109375 0.8838291 0.5528603828125 0.8655526421875 0.5466932625 0.9228349703125 0.6425088375 0.9427330906250001
31 0.6471671484375 0.8852921796875 0.6546608093749999 0.8271148046875 0.55741083125 0.80913486875 0.5526079390625 0.8665605828125 0.6471671484375 0.8852921796875
31 0.6544995 0.8286495609375001 0.66100564375 0.7667477328125 0.561548015625 0.7500874765625001 0.5570511703125 0.8111660140625 0.6544995 0.8286495609375001
17 0.7454494984375 0.9670007453125 0.7512199203125001 0.9055388296875 0.6522170234375 0.8847884703125001 0.6455959796874999 0.9461609828125 0.7454494984375 0.9670007453125
17 0.7504841984375 0.9059787390625 0.756110365625 0.83932929375 0.65757401875 0.8206969171875 0.6495356234375 0.8824376968750001 0.7504841984375 0.9059787390625
17 0.7622990984375 0.8198075218750001 0.7662754609375 0.7622949359375 0.6719766968750001 0.749280315625 0.66872740625 0.804800371875 0.7622990984375 0.8198075218750001
7 0.8596699671874999 0.9298683078125001 0.8710035453125 0.8679566296875001 0.760163025 0.8485482687499999 0.7549890140625 0.9090383984375 0.8596699671874999 0.9298683078125001
7 0.8521225375 0.9885572687499999 0.85920309375 0.9277502906249999 0.7511435046875 0.9081169812500001 0.7435111796875 0.965762546875 0.8521225375 0.9885572687499999
7 0.86509550625 0.8388876468750001 0.8734324265625 0.779247190625 0.7683529250000001 0.7640649953125 0.763034821875 0.8193676109375 0.86509550625 0.8388876468750001
41 0.8171875 0.59296875 0.046875 0.0875
38 0.7796875 0.5890625 0.0453125 0.084375
39 0.7421875 0.584375 0.0453125 0.084375
37 0.70625 0.5796875 0.0421875 0.084375
36 0.54375 0.5609375 0.053125 0.0796875
34 0.6119793953125 0.6064238375000001 0.612372903125 0.5288796812500001 0.5692778453125 0.5266777734375 0.5680741390625 0.601033353125 0.6119793953125 0.6064238375000001
33 0.649275946875 0.6107317906249999 0.6507327093749999 0.532911459375 0.6171375734375 0.528992540625 0.6170940375 0.606961409375 0.649275946875 0.6107317906249999
35 0.6833424031249999 0.6162519578125 0.689092515625 0.5369432375 0.6549545625000001 0.5333551937500001 0.65116049375 0.6124815734375 0.6833424031249999 0.6162519578125
42 0.8578125 0.5984375 0.046875 0.0890625