19 0.27890625 0.17734375 0.1109375 0.1375
19 0.36328125 0.19453125 0.1078125 0.1375
20 0.45078125 0.21171875 0.103125 0.140625
20 0.5328125 0.23203125 0.1109375 0.140625
8 0.61796875 0.25390625 0.103125 0.1296875
9 0.70703125 0.265625 0.109375 0.14375
11 0.87265625 0.30234375 0.1109375 0.140625
13 0.25234375 0.32265625 0.1078125 0.1375
13 0.3375 0.34453125 0.10625 0.1296875
13 0.42421875 0.35859375 0.1078125 0.140625
14 0.5046875 0.37890625 0.09375 0.1265625
14 0.58984375 0.39453125 0.103125 0.1296875
14 0.67578125 0.4125 0.0984375 0.1296875
3 0.7390625 0.43984375 0.075 0.0890625
3 0.79765625 0.4515625 0.071875 0.0890625
2 0.85390625 0.46171875 0.0703125 0.0890625
4 0.31484375 0.4625 0.078125 0.0875
5 0.39296875 0.484375 0.109375 0.08125
28 0.47421875 0.49609375 0.0734375 0.0828125
1 0.55625 0.5171875 0.109375 0.08125
0 0.65703125 0.53203125 0.084375 0.0890625
23 0.5640625 0.60546875 0.090625 0.090625
6 0.20703125 0.64453125 0.0828125 0.08125
17 0.27421875 0.65546875 0.078125 0.0796875
30 0.3859375 0.67578125 0.071875 0.0796875
24 0.5046875 0.69765625 0.0703125 0.0828125
24 0.5640625 0.71328125 0.071875 0.08125
24 0.62734375 0.7234375 0.0734375 0.078125
7 0.15234375 0.8640625 0.1046875 0.071875
7 0.1625 0.81171875 0.1046875 0.0703125
17 0.246875 0.88046875 0.1046875 0.0671875
17 0.26015625 0.828125 0.103125 0.06875
17 0.265625 0.77421875 0.1078125 0.0734375
31 0.34140625 0.8984375 0.096875 0.0640625
31 0.353125 0.8515625 0.1015625 0.0625
31 0.36015625 0.79453125 0.1046875 0.0703125
25 0.43515625 0.9171875 0.0984375 0.0671875
25 0.44765625 0.8625 0.1015625 0.0671875
25 0.54296875 0.87890625 0.103125 0.06875
25 0.55390625 0.82109375 0.1 0.0703125
25 0.52578125 0.93125 0.096875 0.0625
25 0.62109375 0.94765625 0.096875 0.059375
25 0.63671875 0.9015625 0.103125 0.071875
25 0.45703125 0.80234375 0.1015625 0.0734375
27 0.71484375 0.96484375 0.0984375 0.065625
15 0.5015625 0.59453125 0.0609375 0.0828125
34 0.45 0.58359375 0.0609375 0.0828125
33 0.3989024984375 0.5355291249999999 0.3813861515625 0.6094712984374999 0.4127993671875 0.6160490390625 0.43128250625 0.540879903125 0.3989024984375 0.5355291249999999
35 0.376186409375 0.6103470828125 0.39482601562499997 0.5370948765625 0.36046312812500003 0.5299437796875 0.3433849203125 0.60444275 0.376186409375 0.6103470828125
37 0.3328125 0.5625 0.046875 0.08125
38 0.26171875 0.54765625 0.05 0.084375
41 0.23841662656249998 0.582297584375 0.2479002984375 0.5061409890624999 0.21449429062499997 0.5014614749999999 0.206262675 0.5760474890625 0.23841662656249998 0.582297584375
42 0.204330725 0.576034746875 0.211678590625 0.5009141578125 0.17720550625 0.4942132703125 0.17157487031250002 0.570393234375 0.204330725 0.576034746875
18 0.29921875 0.55 0.0484375 0.06875
18 0.6375 0.61875 0.078125 0.0859375
18 0.44609375 0.6859375 0.065625 0.078125
18 0.33125 0.665625 0.0578125 0.0734375
18 0.2359375 0.44375 0.1046875 0.09375
18 0.7875 0.2828125 0.103125 0.1375