13 0.296875 0.284375 0.103125 0.1234375
13 0.36953125 0.30625 0.0984375 0.11875
14 0.44453125 0.328125 0.1 0.121875
14 0.51953125 0.3515625 0.1015625 0.1203125
21 0.5984375 0.371875 0.09375 0.1171875
21 0.66953125 0.390625 0.090625 0.1140625
22 0.73828125 0.4078125 0.09375 0.1171875
23 0.26640625 0.40546875 0.0875 0.09375
15 0.33046875 0.4265625 0.0828125 0.0875
8 0.403125 0.434375 0.0953125 0.115625
9 0.46640625 0.4515625 0.0828125 0.10625
10 0.53203125 0.46875 0.090625 0.109375
11 0.6 0.48671875 0.0921875 0.1109375
3 0.65546875 0.51328125 0.0640625 0.078125
2 0.71328125 0.5265625 0.065625 0.0796875
1 0.54140625 0.56015625 0.090625 0.0703125
28 0.46953125 0.54296875 0.065625 0.065625
29 0.39921875 0.52734375 0.096875 0.071875
4 0.3296875 0.5078125 0.065625 0.065625
5 0.26015625 0.4921875 0.0984375 0.071875
12 0.22265625 0.57109375 0.0765625 0.0796875
6 0.20625 0.64609375 0.0703125 0.071875
16 0.25546875 0.65859375 0.0640625 0.0640625
30 0.309375 0.66796875 0.06875 0.0734375
26 0.3515625 0.68203125 0.0515625 0.0625
24 0.39609375 0.68828125 0.065625 0.071875
24 0.4484375 0.7 0.0671875 0.071875
24 0.5015625 0.71328125 0.065625 0.0703125
7 0.20625 0.7390625 0.0875 0.0609375
7 0.190625 0.78828125 0.0921875 0.0640625
7 0.178125 0.83203125 0.090625 0.0625
17 0.26015625 0.8484375 0.0875 0.0578125
25 0.4203125 0.88359375 0.0875 0.065625
25 0.496875 0.89765625 0.08125 0.059375
25 0.50859375 0.85703125 0.0828125 0.059375
25 0.4453125 0.79140625 0.0875 0.059375
25 0.4328125 0.83828125 0.0890625 0.065625
31 0.3375 0.86640625 0.0875 0.059375
31 0.36640625 0.77578125 0.0890625 0.0640625
31 0.35078125 0.8265625 0.0875 0.0640625
27 0.571875 0.91171875 0.0828125 0.0578125
27 0.58359375 0.86796875 0.08125 0.0625
42 0.29609375 0.584375 0.04375 0.0703125
41 0.325 0.5921875 0.0453125 0.0703125
38 0.3546875 0.5984375 0.0453125 0.0703125
18 0.26875 0.57265625 0.04375 0.0609375
18 0.46796875 0.61875 0.0390625 0.059375
39 0.39018321875 0.6384645718749999 0.40305479375 0.5770755203125 0.378673403125 0.5696762296875 0.363096096875 0.6327412328124999 0.39018321875 0.6384645718749999
37 0.41813086874999994 0.6428838859375 0.4336689671875 0.5848949125 0.40669717656250004 0.5771851765625 0.39152058749999996 0.637288315625 0.41813086874999994 0.6428838859375
35 0.4449275140625 0.6515986578125 0.460375159375 0.5901325328125 0.43508042187499996 0.5833525609375 0.41965457187500005 0.64482679375 0.4449275140625 0.6515986578125
34 0.5132153984375 0.6675943765625 0.52656654375 0.6044155453125 0.488982615625 0.596837021875 0.4758294296875 0.6583441703124999 0.5132153984375 0.6675943765625
36 0.5512699875 0.6762564703125 0.565763953125 0.61453480625 0.5292908703125 0.6061997015625 0.515218671875 0.6677475015625001 0.5512699875 0.6762564703125