9 0.97670405 0.197549946875 0.8636314421875 0.20052675625 0.846506021875 0.325403559375 0.96818888125 0.322085078125 0.97670405 0.197549946875
13 0.8574593671875 0.204145396875 0.7391839499999999 0.215237953125 0.7283367359375 0.3285942859375 0.8533440671875001 0.3255943765625 0.8574593671875 0.204145396875
14 0.739192703125 0.2157393625 0.6466184593750001 0.21936148437499997 0.635495421875 0.32871073906250003 0.734011859375 0.327175765625 0.739192703125 0.2157393625
7 0.59375 0.51953125 0.134375 0.0609375
29 0.7296875 0.51796875 0.134375 0.0609375
5 0.9345500953125001 0.48698614687499997 0.8005728015625 0.48731849218749995 0.8015999109375 0.546161559375 0.9329026671875 0.545697240625 0.9345500953125001 0.48698614687499997
31 0.5859375 0.6453125 0.128125 0.0640625
24 0.6859375 0.63515625 0.08125 0.071875
23 0.7765625 0.63125 0.103125 0.0859375
15 0.9443572843749999 0.589479984375 0.8271054578125 0.591526621875 0.8285632453125 0.6750432421875 0.9298166140624999 0.6749987328125 0.9443572843749999 0.589479984375
25 0.9222937234374999 0.7672733828125 0.796026303125 0.769162715625 0.7930727140625 0.8213819375 0.9187577546875 0.8208301390624999 0.9222937234374999 0.7672733828125
27 0.58984375 0.7953125 0.125 0.053125
41 0.54765625 0.40078125 0.0484375 0.084375
40 0.6180292781250001 0.35835099375 0.5710631796875 0.359170790625 0.5695780921875 0.44083780624999996 0.6163572296875001 0.44002127343749997 0.6180292781250001 0.35835099375
43 0.6676215671875 0.36010164843750003 0.6201241468750001 0.36005862187500004 0.6144716109374999 0.4400541875 0.6617757609375 0.43927380781250003 0.6676215671875 0.36010164843750003
44 0.7124927703124999 0.35757422499999997 0.666543684375 0.357504171875 0.6592154906250001 0.440481303125 0.7067078359375001 0.440233709375 0.7124927703124999 0.35757422499999997
45 0.753898253125 0.356633884375 0.7084906328125 0.358007871875 0.706580725 0.438446415625 0.7522320687499999 0.4386400859375 0.753898253125 0.356633884375
35 0.77734375 0.396875 0.0515625 0.084375
33 0.8527338265625 0.3554190171875 0.8042092734375 0.3556846171875 0.7994638671875001 0.436825134375 0.847955759375 0.43660743750000003 0.8527338265625 0.3554190171875
37 0.8992142328125 0.3563518953125 0.849662525 0.356926121875 0.8466794640625 0.436000984375 0.8944260203125 0.4369590875 0.8992142328125 0.3563518953125
32 0.9488591890625001 0.3543952984375 0.8967370750000001 0.35559579218750004 0.8943391187499999 0.43843818749999997 0.9446378171875001 0.4378995984375 0.9488591890625001 0.3543952984375
21 0.58046875 0.265625 0.134375 0.1375