19 0.2546875 0.17109375 0.0921875 0.1125
19 0.33828125 0.17578125 0.09375 0.1203125
20 0.4171875 0.1859375 0.0828125 0.11875
20 0.50078125 0.19765625 0.0890625 0.11875
8 0.58359375 0.209375 0.0890625 0.1140625
9 0.6640625 0.2171875 0.0859375 0.1171875
39 0.74453125 0.2265625 0.0953125 0.11875
11 0.821875 0.24296875 0.0921875 0.103125
13 0.22265625 0.29375 0.084375 0.1125
13 0.30078125 0.3046875 0.0890625 0.1125
13 0.38125 0.31171875 0.0859375 0.1140625
14 0.4578125 0.3234375 0.0828125 0.1140625
14 0.5328125 0.3328125 0.0859375 0.1140625
14 0.60546875 0.34375 0.08125 0.109375
3 0.69453125 0.365625 0.06875 0.078125
3 0.75234375 0.37265625 0.0640625 0.0796875
2 0.803125 0.38046875 0.0546875 0.0734375
0 0.625 0.453125 0.06875 0.06875
1 0.53671875 0.44921875 0.09375 0.0625
28 0.46484375 0.43515625 0.0609375 0.075
29 0.3921875 0.43203125 0.09375 0.0640625
4 0.31875 0.41484375 0.065625 0.0765625
5 0.24375 0.41484375 0.1 0.065625
15 0.6109375 0.54453125 0.0734375 0.08125
23 0.54375 0.534375 0.0734375 0.0828125
24 0.61171875 0.6328125 0.0625 0.071875
24 0.55625 0.625 0.059375 0.0671875
24 0.50078125 0.61796875 0.059375 0.06875
30 0.4109375 0.6109375 0.065625 0.071875
26 0.45859375 0.6171875 0.0421875 0.059375
16 0.29296875 0.596875 0.0609375 0.065625
6 0.21796875 0.5890625 0.0640625 0.0703125
27 0.69765625 0.8453125 0.0921875 0.0609375
25 0.60703125 0.8359375 0.0890625 0.0578125
25 0.6125 0.78671875 0.090625 0.059375
25 0.52109375 0.8265625 0.0875 0.05625
25 0.5234375 0.7765625 0.0921875 0.0609375
25 0.43671875 0.81796875 0.0875 0.059375
25 0.43828125 0.76796875 0.090625 0.0625
25 0.45078125 0.7140625 0.0890625 0.0625
25 0.5359375 0.725 0.090625 0.0609375
31 0.35 0.81171875 0.090625 0.059375
31 0.35234375 0.76171875 0.0921875 0.0609375
31 0.36328125 0.7109375 0.090625 0.0609375
17 0.25703125 0.8 0.0875 0.0578125
17 0.26484375 0.75078125 0.0890625 0.0609375
17 0.2765625 0.6984375 0.0890625 0.0625
7 0.171875 0.7921875 0.0890625 0.0578125
7 0.175 0.74140625 0.0953125 0.0609375
7 0.19453125 0.68828125 0.0890625 0.0625
36 0.48828125 0.5328125 0.046875 0.071875
34 0.4453125 0.528125 0.046875 0.071875
33 0.40703125 0.5234375 0.0375 0.071875
35 0.37109375 0.51796875 0.0390625 0.075
37 0.3375 0.5140625 0.0375 0.0734375
38 0.2765625 0.5078125 0.0390625 0.0734375
41 0.2453125 0.50390625 0.0375 0.075
42 0.21328125 0.5015625 0.040625 0.075
18 0.30703125 0.50546875 0.0328125 0.0640625
18 0.35 0.603125 0.0625 0.0671875