9 0.8265625 0.31640625 0.146875 0.175
13 0.7125 0.3015625 0.1359375 0.1828125
14 0.60390625 0.29453125 0.121875 0.1765625
19 0.50703125 0.28828125 0.1171875 0.1734375
5 0.740625 0.621875 0.1265625 0.0828125
29 0.6265625 0.6125 0.125 0.078125
7 0.51484375 0.60390625 0.11875 0.0796875
15 0.74375 0.71796875 0.0984375 0.0953125
23 0.659375 0.71015625 0.09375 0.090625
24 0.5875 0.70546875 0.075 0.0859375
31 0.50078125 0.7078125 0.1109375 0.075
25 0.70625 0.90390625 0.1140625 0.0671875
25 0.7109375 0.8421875 0.1140625 0.0671875
25 0.6 0.89375 0.109375 0.065625
25 0.6046875 0.828125 0.1125 0.0640625
27 0.4984375 0.88671875 0.1125 0.0671875
32 0.7978847421874999 0.43577644062500004 0.7764169546875 0.529689634375 0.8194951515625 0.5330066484375 0.8426385359375 0.44059557812500005 0.7978847421874999 0.43577644062500004
37 0.7989625828125 0.4372262765625 0.752934790625 0.43319936718749996 0.7366899515625 0.5293769078125 0.7790919046875 0.5335384375000001 0.7989625828125 0.4372262765625
33 0.7092588390625 0.42983006718750005 0.69532658125 0.527113621875 0.73720924375 0.5303260187500001 0.752895559375 0.433647784375 0.7092588390625 0.42983006718750005
35 0.7096604390625 0.43212443125 0.6654259375 0.4282544125 0.6535615875 0.5225559578125 0.6954442750000001 0.525768378125 0.7096604390625 0.43212443125
18 0.622710134375 0.42768018906250005 0.613255465625 0.5161301218750001 0.655551034375 0.5204707749999999 0.6639558109375 0.43128871875 0.622710134375 0.42768018906250005
44 0.582777659375 0.4228310125 0.5711094671875 0.5148904921875 0.6136291125 0.51770678125 0.6246603484375 0.4260434234375 0.582777659375 0.4228310125
43 0.5841300921875 0.42114194843749997 0.54407998125 0.41763801718750004 0.531304 0.51547458125 0.5725889093750001 0.5186346828125 0.5841300921875 0.42114194843749997
40 0.4993261875 0.41281887968750003 0.49005494218749995 0.5097552796875 0.53142169375 0.5141293390625 0.5436783562499999 0.41534365156249997 0.4993261875 0.41281887968750003
18 0.491253834375 0.5119706453124999 0.5005216953125 0.412923471875 0.46218635781249995 0.410473253125 0.453633971875 0.5082274734375 0.491253834375 0.5119706453124999