11 0.20625 0.2140625 0.090625 0.1234375
9 0.28828125 0.21796875 0.0859375 0.11875
10 0.36640625 0.2234375 0.0859375 0.1234375
8 0.446875 0.221875 0.0921875 0.134375
20 0.54375 0.22890625 0.084375 0.125
20 0.62734375 0.228125 0.09375 0.13125
19 0.7171875 0.23046875 0.0890625 0.1328125
19 0.8109375 0.23359375 0.09375 0.1296875
13 0.69765625 0.371875 0.0890625 0.1140625
13 0.6125 0.3703125 0.0875 0.1171875
14 0.5328125 0.36328125 0.0828125 0.11875
14 0.453125 0.36171875 0.084375 0.1140625
14 0.37265625 0.36015625 0.0859375 0.1125
3 0.30234375 0.36953125 0.0640625 0.08125
3 0.2453125 0.36640625 0.0640625 0.0796875
2 0.18671875 0.36015625 0.0640625 0.0828125
5 0.76875 0.50078125 0.1015625 0.0671875
4 0.6828125 0.48828125 0.06875 0.0796875
29 0.5984375 0.49375 0.1 0.065625
28 0.51875 0.48203125 0.0625 0.0765625
1 0.4359375 0.48359375 0.0984375 0.065625
0 0.353125 0.475 0.065625 0.0765625
15 0.359375 0.57109375 0.0765625 0.0890625
23 0.434375 0.57578125 0.071875 0.0859375
24 0.35234375 0.665625 0.065625 0.075
24 0.4140625 0.66875 0.0578125 0.0734375
24 0.47109375 0.671875 0.0640625 0.0765625
26 0.52890625 0.68125 0.046875 0.0671875
30 0.584375 0.68046875 0.06875 0.0734375
12 0.65390625 0.6828125 0.065625 0.0796875
16 0.71484375 0.6890625 0.065625 0.0765625
6 0.78046875 0.69453125 0.0734375 0.0828125
27 0.18125 0.86953125 0.0953125 0.0640625
25 0.27265625 0.82421875 0.0984375 0.065625
25 0.2734375 0.8796875 0.0953125 0.059375
25 0.36875 0.83203125 0.0953125 0.0609375
25 0.36640625 0.8875 0.0984375 0.059375
25 0.46484375 0.89140625 0.09375 0.0625
25 0.46484375 0.83515625 0.0984375 0.0640625
25 0.465625 0.7765625 0.1 0.065625
25 0.36875 0.775 0.1015625 0.0640625
31 0.5625 0.7859375 0.1015625 0.065625
31 0.5609375 0.84296875 0.0984375 0.059375
31 0.559375 0.8984375 0.1 0.0609375
17 0.67265625 0.85234375 0.103125 0.065625
17 0.66640625 0.909375 0.103125 0.0640625
7 0.765625 0.9171875 0.1046875 0.0625
7 0.7734375 0.86015625 0.1078125 0.0671875
42 0.7984375 0.596875 0.0359375 0.0796875
41 0.7625 0.5953125 0.0359375 0.0796875
38 0.72578125 0.59375 0.0359375 0.0796875
39 0.69140625 0.5921875 0.0359375 0.078125
37 0.65546875 0.590625 0.0359375 0.078125
35 0.61796875 0.5890625 0.0359375 0.078125
33 0.58125 0.58515625 0.0359375 0.078125
34 0.53984375 0.58359375 0.046875 0.0765625
36 0.49375 0.5796875 0.0453125 0.0765625
18 0.79296875 0.37578125 0.109375 0.1125