11 0.3035383984375 0.22653862500000002 0.315042659375 0.07743874687499999 0.2204768609375 0.0586277171875 0.209569153125 0.2056176671875 0.3035383984375 0.22653862500000002
10 0.36171875 0.16796875 0.128125 0.1640625
9 0.45625 0.18984375 0.1234375 0.1609375
8 0.54921875 0.21640625 0.115625 0.1546875
22 0.63671875 0.2375 0.1078125 0.1484375
20 0.71328125 0.2609375 0.1 0.140625
19 0.79921875 0.275 0.1078125 0.1375
14 0.42421875 0.34140625 0.1171875 0.1390625
14 0.51171875 0.36171875 0.10625 0.1390625
14 0.59375 0.3796875 0.0984375 0.1296875
13 0.675 0.3953125 0.1015625 0.13125
13 0.75234375 0.409375 0.0953125 0.13125
13 0.83515625 0.42734375 0.103125 0.1296875
3 0.2953125 0.33359375 0.0859375 0.103125
2 0.2234375 0.31484375 0.090625 0.1046875
18 0.35390625 0.34375 0.06875 0.0953125
0 0.39765625 0.4671875 0.08125 0.0875
1 0.47890625 0.4859375 0.1046875 0.08125
28 0.55625 0.49375 0.0703125 0.084375
29 0.63359375 0.5140625 0.1015625 0.0828125
4 0.71328125 0.5234375 0.0703125 0.0875
5 0.79140625 0.54296875 0.1 0.078125
15 0.38203125 0.56875 0.0984375 0.1015625
23 0.459375 0.57890625 0.09375 0.0984375
24 0.3484375 0.6671875 0.0765625 0.084375
24 0.4125 0.67578125 0.0734375 0.08125
24 0.47109375 0.6796875 0.06875 0.0796875
26 0.5171875 0.6921875 0.053125 0.0703125
30 0.57265625 0.70234375 0.0765625 0.08125
12 0.63125 0.70859375 0.0703125 0.0796875
16 0.690625 0.71796875 0.06875 0.078125
6 0.7453125 0.7203125 0.06875 0.0796875
27 0.180975190625 0.9101734640625001 0.1905289765625 0.8522749390625 0.086434925 0.8416836140624999 0.0774875296875 0.9005756296874999 0.180975190625 0.9101734640625001
27 0.1955166453125 0.8547127890624999 0.2041924796875 0.79662765 0.0985106046875 0.7848720109375 0.0848651390625 0.8442810906249999 0.1955166453125 0.8547127890624999
25 0.2893756046875 0.9139271703125 0.300760215625 0.8646838515624999 0.2017843546875 0.8550146640625 0.18852180937500002 0.9048891296875 0.2893756046875 0.9139271703125
25 0.30223594062500003 0.866375215625 0.315161584375 0.809882234375 0.2105666078125 0.7975030203125 0.19948621093750002 0.8576230656250001 0.30223594062500003 0.866375215625
25 0.39272319218749996 0.9241840078125 0.40494831875 0.870986359375 0.3057579265625 0.8624854750000001 0.2942231328125 0.9170240109375 0.39272319218749996 0.9241840078125
25 0.30880200625 0.86570435625 0.40494831875 0.870986359375 0.4174536265625 0.8164705796874999 0.32186766875 0.808552303125 0.320602003125 0.8088439796875001 0.30880200625 0.86570435625
25 0.4361910015625 0.77205271875 0.41651042812499994 0.8252250343749999 0.51301189375 0.837470946875 0.5282911453125 0.782855940625 0.4361910015625 0.77205271875
25 0.497199909375 0.8816401031250001 0.5092197703125 0.838042596875 0.4178614625 0.8209115562499999 0.40393028124999997 0.8714588015625001 0.497199909375 0.8816401031250001
25 0.48391938593750006 0.9311692109375 0.49691973593750005 0.8829582140625 0.40261961875 0.871026278125 0.3906496203125 0.9209879046875 0.48391938593750006 0.9311692109375
31 0.573994740625 0.9434268984375 0.588713771875 0.8914481796875 0.50132690625 0.8816804875 0.4833963859375 0.9379464609375001 0.573994740625 0.9434268984375
31 0.5893114796875001 0.8929529140625 0.6015366796875 0.8397552562499999 0.5110797078125 0.830399034375 0.49691973593750005 0.8829582140625 0.5893114796875001 0.8929529140625
31 0.5968291828125001 0.8359992953125 0.6125661890625 0.7835481078125001 0.524778225 0.7713507078124999 0.51465546875 0.825421153125 0.5968291828125001 0.8359992953125
17 0.659147803125 0.9443056953125 0.6720455515625 0.9008947875000001 0.590503934375 0.888587865625 0.575255540625 0.9374953015624999 0.659147803125 0.9443056953125
17 0.6726433921875 0.9023995515625 0.6885204875000001 0.8492892953125001 0.60412294375 0.8407098671875 0.5903295921875 0.8924804625 0.6726433921875 0.9023995515625
7 0.744095528125 0.9547846421875 0.757376190625 0.9052555390625001 0.6719963046874999 0.8938618187499999 0.65563599375 0.9435592375 0.744095528125 0.9547846421875
7 0.7576937187499999 0.908078409375 0.7728703718750001 0.8582634796875 0.6918043953125 0.8438571265625001 0.6734464375 0.8943041359375 0.7576937187499999 0.908078409375
36 0.521875 0.59375 0.059375 0.08125
34 0.5671875 0.603125 0.059375 0.0828125
33 0.6078125 0.60859375 0.0453125 0.08125
35 0.6390625 0.6140625 0.04375 0.0796875
37 0.67109375 0.61875 0.04375 0.078125
39 0.703125 0.62421875 0.0453125 0.0796875
38 0.7399509609375 0.667903015625 0.7566853124999999 0.595958028125 0.7270283281250001 0.5905834265625 0.70984795625 0.663669365625 0.7399509609375 0.667903015625
41 0.7695989562500001 0.6725811968750001 0.7860581328125 0.6019308015625 0.7580806328125 0.597183796875 0.7406958140625 0.6677907265624999 0.7695989562500001 0.6725811968750001
42 0.7981571609375 0.6772983484374999 0.8203001078125001 0.6070442218750001 0.7923394140625 0.6014230453125 0.7703438078125 0.672468909375 0.7981571609375 0.6772983484374999