9 0.36796875 0.16796875 0.090625 0.109375
10 0.2859375 0.159375 0.096875 0.1171875
11 0.249413115625 0.2108264046875 0.2457706265625 0.10015276718749999 0.167257690625 0.0940492484375 0.16711521406250002 0.20360889218749997 0.249413115625 0.2108264046875
8 0.47945937968749996 0.2292758484375 0.477630921875 0.11950904843750002 0.4085430296875 0.11511231562499999 0.40732478125 0.225275065625 0.47945937968749996 0.2292758484375
22 0.550426384375 0.23530243281250002 0.5555054203124999 0.12339694375000002 0.4825091203125 0.12002176875 0.477570896875 0.2290773609375 0.550426384375 0.23530243281250002
22 0.6213933921875 0.2413290171875 0.626546878125 0.12871518125 0.5581407890625 0.12725480312499998 0.55231486875 0.23550092031249997 0.6213933921875 0.2413290171875
19 0.68836008125 0.249083675 0.695029796875 0.1402100703125 0.6286778796875 0.137533246875 0.6203002484375 0.24264647187500002 0.68836008125 0.249083675
19 0.7613644703125 0.25389205000000004 0.77566256875 0.145104046875 0.7019973078125 0.1395100359375 0.687490290625 0.24827608125 0.7613644703125 0.25389205000000004
13 0.69609375 0.31484375 0.0796875 0.1046875
13 0.62578125 0.3109375 0.0765625 0.103125
13 0.5578125 0.30546875 0.0796875 0.1015625
14 0.4890625 0.30546875 0.0734375 0.090625
14 0.42109375 0.3 0.0796875 0.0921875
14 0.34921875 0.29375 0.0828125 0.0953125
3 0.308286859375 0.335267246875 0.305920771875 0.2605364671875 0.253105903125 0.2566283875 0.2540749046875 0.330117003125 0.308286859375 0.335267246875
3 0.2539610390625 0.3312003609375 0.2539708234375 0.26164825625 0.2036521140625 0.254716559375 0.2069697546875 0.326809040625 0.2539610390625 0.3312003609375
2 0.2098010890625 0.3276542890625 0.20186813906249998 0.25726736875 0.15252611875 0.2548196265625 0.1590286734375 0.32450854218749997 0.2098010890625 0.3276542890625
5 0.68828125 0.42109375 0.0875 0.0609375
4 0.61953125 0.41015625 0.0609375 0.071875
29 0.553125 0.40703125 0.0859375 0.0671875
28 0.484375 0.40078125 0.059375 0.0671875
1 0.41796875 0.403125 0.0828125 0.05625
0 0.34921875 0.3921875 0.0609375 0.0625
15 0.34296875 0.47421875 0.071875 0.0765625
23 0.40703125 0.478125 0.0703125 0.0734375
24 0.3390625 0.559375 0.05625 0.065625
24 0.38984375 0.55859375 0.05625 0.0640625
24 0.43984375 0.5625 0.0546875 0.0625
30 0.5203125 0.56796875 0.0578125 0.065625
26 0.4796875 0.5703125 0.034375 0.0484375
12 0.571875 0.57109375 0.05 0.0609375
16 0.62421875 0.5765625 0.05625 0.059375
6 0.6765625 0.58046875 0.053125 0.0578125
25 0.290625 0.73828125 0.0828125 0.0515625
25 0.3671875 0.740625 0.0828125 0.0546875
25 0.44375 0.74453125 0.0796875 0.053125
17 0.5953125 0.75390625 0.0796875 0.0515625
17 0.60078125 0.7078125 0.0796875 0.0546875
17 0.60390625 0.66015625 0.0796875 0.053125
31 0.525 0.6609375 0.084375 0.053125
31 0.5234375 0.70390625 0.078125 0.0453125
25 0.44765625 0.69921875 0.08125 0.0546875
25 0.36796875 0.64921875 0.0828125 0.05625
25 0.36953125 0.69609375 0.0828125 0.05
25 0.29140625 0.6921875 0.0859375 0.05625
27 0.20546875 0.68984375 0.0921875 0.05625
27 0.2109375 0.734375 0.0875 0.0515625
7 0.68046875 0.6671875 0.0796875 0.0578125
7 0.67890625 0.71484375 0.08125 0.05
7 0.67109375 0.7578125 0.0796875 0.05
36 0.47669499374999996 0.515838559375 0.48042480468750004 0.45504885625 0.443157265625 0.4517969 0.44108107343749997 0.5130929140625 0.47669499374999996 0.515838559375
34 0.5161853625 0.5196566546875 0.5200188703124999 0.457880325 0.48228761562500005 0.45491213906250005 0.48020217656249997 0.5162071796875 0.5161853625 0.5196566546875
33 0.5453203906249999 0.522142521875 0.5477133140625 0.46001527343750004 0.5215727890624999 0.4575781359375 0.5191011671875 0.5196971109375 0.5453203906249999 0.522142521875
35 0.5731763 0.5247599515625 0.57607518125 0.46175485624999996 0.5490582875000001 0.45984629374999997 0.5469248125 0.52262149375 0.5731763 0.5247599515625
37 0.600278390625 0.5266774703125 0.6023589265625 0.46358636249999996 0.5769530515625 0.4621574671875 0.5744683359375 0.5242750671875 0.600278390625 0.5266774703125
38 0.6549562625 0.5299416109374999 0.6598364765625 0.46776544375 0.6341316984375001 0.4653741078125 0.62826334375 0.5280670984375 0.6549562625 0.5299416109374999
42 0.7096341374999999 0.53320575 0.713383621875 0.4699797140625 0.6872499249999999 0.46785363437500005 0.6837918234375 0.5311102984375 0.7096341374999999 0.53320575
18 0.615625 0.490625 0.0328125 0.0578125