20 0.315625 0.18671875 0.10625 0.1296875
20 0.3890625 0.20546875 0.1 0.121875
19 0.4640625 0.221875 0.0984375 0.121875
19 0.53515625 0.2390625 0.0921875 0.1171875
14 0.6078125 0.25546875 0.0984375 0.1203125
14 0.68046875 0.26875 0.09375 0.1171875
13 0.74453125 0.2859375 0.0875 0.1140625
13 0.8171875 0.3015625 0.1 0.121875
23 0.771875 0.42265625 0.078125 0.090625
15 0.71015625 0.39765625 0.0875 0.1015625
8 0.64140625 0.38203125 0.09375 0.109375
9 0.57421875 0.36875 0.0921875 0.1109375
10 0.50390625 0.3546875 0.0953125 0.1078125
11 0.43125 0.33828125 0.0953125 0.1125
3 0.3578125 0.3359375 0.075 0.0875
2 0.3 0.32734375 0.06875 0.0828125
1 0.45625 0.45859375 0.1 0.0734375
28 0.53515625 0.4671875 0.0765625 0.0796875
29 0.60625 0.48671875 0.1 0.075
4 0.67578125 0.4953125 0.06875 0.0765625
5 0.74375 0.51484375 0.096875 0.071875
24 0.4 0.61875 0.0703125 0.0796875
24 0.453125 0.6296875 0.0703125 0.0765625
24 0.51015625 0.640625 0.0671875 0.0765625
30 0.60234375 0.659375 0.0671875 0.071875
16 0.65625 0.66953125 0.06875 0.071875
6 0.7125 0.6796875 0.0734375 0.0734375
26 0.55390625 0.6546875 0.05 0.0625
17 0.6109375 0.746875 0.0890625 0.0625
17 0.603125 0.8 0.090625 0.0640625
17 0.5890625 0.846875 0.090625 0.0640625
31 0.52578125 0.734375 0.0953125 0.0671875
31 0.515625 0.78515625 0.096875 0.0671875
31 0.50546875 0.83359375 0.090625 0.0625
25 0.440625 0.71953125 0.096875 0.06875
25 0.428125 0.7703125 0.0953125 0.0671875
25 0.41796875 0.8171875 0.096875 0.06875
25 0.33984375 0.75546875 0.0984375 0.0671875
25 0.33125 0.80625 0.0953125 0.0640625
27 0.2484375 0.72109375 0.1 0.0734375
27 0.24453125 0.790625 0.1015625 0.0734375
12 0.73046875 0.6015625 0.059375 0.06875
36 0.40859375 0.5375 0.0625 0.078125
34 0.453125 0.54453125 0.0578125 0.075
40 0.6921875 0.59140625 0.0421875 0.071875
42 0.66328125 0.58671875 0.04375 0.071875
41 0.634375 0.5796875 0.0453125 0.0734375
38 0.60703125 0.57578125 0.0421875 0.071875
39 0.578125 0.56953125 0.0453125 0.0734375
33 0.54765625 0.56328125 0.04375 0.071875
35 0.51953125 0.55859375 0.04375 0.071875
37 0.49140625 0.5515625 0.04375 0.0734375