14 0.69453125 0.26875 0.1484375 0.1859375
13 0.82109375 0.2546875 0.1578125 0.1953125
5 0.8703125 0.5703125 0.13125 0.071875
29 0.74921875 0.578125 0.1234375 0.075
7 0.6296875 0.58828125 0.1296875 0.0765625
31 0.61015625 0.6796875 0.115625 0.0671875
15 0.87734375 0.6625 0.109375 0.0875
23 0.78203125 0.6703125 0.0953125 0.0859375
24 0.70234375 0.6765625 0.084375 0.078125
27 0.61875 0.83828125 0.1078125 0.0546875
25 0.7421875 0.82734375 0.1140625 0.05625
25 0.8515625 0.82109375 0.1171875 0.0609375
39 0.56640625 0.47578125 0.0515625 0.0953125
38 0.61171875 0.471875 0.053125 0.0953125
40 0.6783204765625 0.420275546875 0.6336403859375 0.42446562343750005 0.6363316234374999 0.5150101609375 0.678774225 0.51148083125 0.6783204765625 0.420275546875
41 0.7221215125 0.41625376562499994 0.6791514249999999 0.42061378749999995 0.6800500375 0.5118125124999999 0.72305786875 0.507758 0.7221215125 0.41625376562499994
42 0.7675177984375 0.4126462046875 0.7253730453125 0.4176188328125 0.7269338234375 0.5092137359375 0.7704585140625 0.50417336875 0.7675177984375 0.4126462046875
18 0.8126985812499999 0.48691063593750006 0.8163275343749999 0.4046066375 0.7698574390624999 0.4099016546875 0.7714834203125001 0.490310959375 0.8126985812499999 0.48691063593750006
33 0.8696395640624999 0.4024946671875 0.8229750765625001 0.40757923125 0.8146680578125001 0.499745515625 0.858289584375 0.4956265 0.8696395640624999 0.4024946671875
37 0.917277490625 0.398069609375 0.8714578484375 0.40248348749999996 0.8594201828125 0.4945761046875 0.9055933843749999 0.49112044531250004 0.917277490625 0.398069609375
32 0.9654408328124999 0.39126176562500004 0.9179058 0.3957384859375 0.9074828921875 0.49138762343750003 0.953607675 0.48747128125000005 0.9654408328124999 0.39126176562500004