11 0.2703125 0.315625 0.1046875 0.1265625
9 0.359375 0.315625 0.09375 0.1296875
14 0.428125 0.45 0.0890625 0.1109375
14 0.50625 0.4453125 0.08125 0.10625
14 0.58203125 0.4453125 0.0828125 0.1046875
13 0.65703125 0.4421875 0.078125 0.109375
13 0.72890625 0.43828125 0.0875 0.10625
13 0.80390625 0.43984375 0.0828125 0.1046875
3 0.359375 0.4625 0.0640625 0.0796875
3 0.3 0.4609375 0.065625 0.084375
1 0.240625 0.46171875 0.065625 0.0875
0 0.41015625 0.55703125 0.0671875 0.0734375
1 0.496875 0.5578125 0.0953125 0.0625
28 0.57265625 0.55234375 0.0609375 0.06875
29 0.64609375 0.55234375 0.09375 0.0625
4 0.72109375 0.54375 0.0640625 0.071875
5 0.7921875 0.54765625 0.090625 0.0640625
15 0.41875 0.65390625 0.0765625 0.08125
23 0.490625 0.64765625 0.075 0.08125
24 0.40703125 0.74765625 0.071875 0.0734375
24 0.47109375 0.74140625 0.0703125 0.0703125
24 0.5328125 0.7359375 0.0671875 0.0671875
30 0.62734375 0.73046875 0.0640625 0.0671875
12 0.6796875 0.7234375 0.0578125 0.065625
16 0.7359375 0.721875 0.0640625 0.065625
27 0.2609375 0.959375 0.1015625 0.0640625
25 0.3578125 0.9484375 0.0953125 0.0609375
25 0.3546875 0.89765625 0.0984375 0.0625
27 0.259375 0.90546875 0.1015625 0.0640625
25 0.44921875 0.93828125 0.0953125 0.0609375
25 0.446875 0.88828125 0.096875 0.0640625
25 0.45 0.83359375 0.0953125 0.0625
25 0.53828125 0.928125 0.0953125 0.05625
31 0.62578125 0.91875 0.0875 0.0515625
31 0.62734375 0.87265625 0.0921875 0.05625
31 0.6296875 0.82265625 0.0921875 0.0578125
17 0.7078125 0.90859375 0.0859375 0.0546875
17 0.7171875 0.865625 0.09375 0.05625
17 0.72109375 0.81640625 0.09375 0.05625
6 0.79375 0.72109375 0.065625 0.0609375
7 0.7875 0.9015625 0.08125 0.05
7 0.79765625 0.853125 0.08125 0.0546875
7 0.7921875 0.796875 0.075 0.0515625
26 0.5765625 0.7390625 0.04375 0.059375
9 0.4867268171875 0.37716989375 0.4917479359375 0.26234239062500003 0.40994164843750003 0.258162184375 0.4049894296875 0.376078821875 0.4867268171875 0.37716989375
8 0.5643599765625 0.37854795625 0.57458689375 0.2553121453125 0.49297625156249997 0.25421221250000003 0.48594903125 0.377843071875 0.5643599765625 0.37854795625
20 0.6410000515625 0.3775203015625 0.6590219640625 0.25930853125 0.5862915984375 0.2557312546875 0.561768259375 0.3768728140625 0.6410000515625 0.3775203015625
20 0.7140553265625 0.372411778125 0.7209014093749999 0.2593130375 0.660035825 0.2604752171875 0.6416486609375001 0.37499978125 0.7140553265625 0.372411778125
19 0.7858133859375 0.3723442953125 0.8013633656250001 0.2536865890625 0.72639515625 0.253978546875 0.7140983859375 0.3730275578125 0.7858133859375 0.3723442953125
19 0.8551519671875001 0.3730647921875 0.8678216671874999 0.260177615625 0.8057991859375001 0.257089153125 0.7892259484374999 0.3739620390625 0.8551519671875001 0.3730647921875
36 0.5670463359375 0.678628584375 0.572817121875 0.6074507984374999 0.532204265625 0.6079702578124999 0.5263825125 0.679538353125 0.5670463359375 0.678628584375
34 0.6101945640625 0.6763848546875 0.615030003125 0.606432709375 0.5744609984375 0.6077225921875 0.57012450625 0.6784133375 0.6101945640625 0.6763848546875
33 0.6410561734375 0.673631809375 0.643250890625 0.604221315625 0.615350278125 0.6054583250000001 0.6135894109375 0.6755524734375 0.6410561734375 0.673631809375
35 0.64519528125 0.6047993390624999 0.6434239984375 0.6734662359375 0.6718130484375 0.6711240843749999 0.6731997187500001 0.6024840828125 0.64519528125 0.6047993390624999
37 0.7011989125 0.6694262203125 0.7020365390625 0.6008246109375001 0.6731748765625001 0.6021288265625 0.672760178125 0.6710578546875 0.7011989125 0.6694262203125
39 0.7300863703125 0.6674062125 0.7333489140625 0.599349028125 0.7072218625 0.5990340375 0.7021212 0.6690047328125 0.7300863703125 0.6674062125
38 0.7586741578125 0.667906125 0.7617695421875 0.5973616640625 0.7338657078125 0.59895589375 0.7311577109375 0.6691162734375 0.7586741578125 0.667906125
41 0.7879854953125001 0.6651424875 0.792184246875 0.596662840625 0.7657187640625 0.5985134875 0.7600451671874999 0.667096265625 0.7879854953125001 0.6651424875
42 0.8174458843749999 0.66451039375 0.819831415625 0.5972285265624999 0.7941078140625 0.5961713359374999 0.78850874375 0.6658198875 0.8174458843749999 0.66451039375