13 0.12890625 0.1796875 0.1203125 0.146875
13 0.22734375 0.1984375 0.0984375 0.13125
14 0.31171875 0.20234375 0.09375 0.134375
14 0.3984375 0.2078125 0.0984375 0.1359375
19 0.48671875 0.2109375 0.09375 0.1421875
19 0.56796875 0.22265625 0.0875 0.128125
22 0.64765625 0.22890625 0.0875 0.1265625
20 0.721875 0.23671875 0.078125 0.11875
9 0.38671875 0.3484375 0.096875 0.1125
15 0.23125 0.346875 0.0921875 0.1
23 0.140625 0.3359375 0.096875 0.1
1 0.515625 0.47890625 0.1 0.06875
28 0.428125 0.46796875 0.0671875 0.075
29 0.34140625 0.46953125 0.103125 0.0671875
4 0.253125 0.4546875 0.071875 0.084375
5 0.15703125 0.45859375 0.1109375 0.06875
6 0.1375 0.66171875 0.075 0.0734375
16 0.20390625 0.66328125 0.06875 0.071875
26 0.325 0.66796875 0.0515625 0.06875
24 0.38828125 0.6671875 0.0671875 0.078125
24 0.446875 0.66875 0.0609375 0.0734375
24 0.51015625 0.67265625 0.065625 0.075
7 0.134375 0.90234375 0.1046875 0.0546875
7 0.1421875 0.83984375 0.10625 0.06875
17 0.2453125 0.89921875 0.10625 0.0640625
17 0.2453125 0.8421875 0.1078125 0.0640625
31 0.353125 0.78515625 0.1046875 0.071875
31 0.353125 0.84921875 0.1078125 0.0703125
31 0.3515625 0.90390625 0.1 0.05625
25 0.4546875 0.89921875 0.1 0.0671875
25 0.5578125 0.8953125 0.0953125 0.0625
25 0.55703125 0.8359375 0.1 0.065625
25 0.46015625 0.83203125 0.0890625 0.0625
27 0.646875 0.89765625 0.0921875 0.0625
35 0.4078125 0.5703125 0.0390625 0.0796875
39 0.3390625 0.565625 0.0375 0.0796875
38 0.30234375 0.56484375 0.0390625 0.08125
33 0.48203125 0.5734375 0.053125 0.08125
40 0.20705023906250003 0.59959914375 0.20573555 0.5188709703125001 0.173356096875 0.5183471281250001 0.172340071875 0.5983322046875 0.20705023906250003 0.59959914375
41 0.2810878328125 0.6024558875 0.278193690625 0.5221973859375 0.24514239531249998 0.52046633125 0.24791675 0.6012965734375 0.2810878328125 0.6024558875
18 0.57890625 0.359375 0.2859375 0.1265625
18 0.3109375 0.3484375 0.075 0.1015625
18 0.14140625 0.55390625 0.06875 0.0921875
18 0.27265625 0.66484375 0.0640625 0.075
18 0.534375 0.56875 0.05 0.0703125
18 0.44296875 0.56484375 0.0359375 0.0703125
18 0.3734375 0.5625 0.0375 0.0703125
18 0.22734375 0.5546875 0.0390625 0.0734375