13 0.75625 0.29609375 0.1109375 0.1390625
13 0.6703125 0.278125 0.1078125 0.1375
14 0.58671875 0.26640625 0.1 0.13125
14 0.50078125 0.25078125 0.1046875 0.1296875
19 0.4015625 0.225 0.1203125 0.14375
21 0.30546875 0.2078125 0.1203125 0.1421875
20 0.2078125 0.18984375 0.1109375 0.1328125
23 0.7296875 0.42734375 0.090625 0.0984375
15 0.65390625 0.41484375 0.0875 0.1015625
8 0.571875 0.39453125 0.096875 0.1140625
9 0.4875 0.37734375 0.1 0.115625
10 0.40703125 0.3640625 0.0984375 0.1171875
11 0.321875 0.3453125 0.1015625 0.1171875
2 0.17890625 0.32734375 0.0875 0.0984375
5 0.69453125 0.53515625 0.1078125 0.08125
4 0.61484375 0.51328125 0.0796875 0.084375
29 0.528125 0.50625 0.1109375 0.08125
28 0.446875 0.48203125 0.0765625 0.0859375
1 0.35546875 0.4734375 0.115625 0.0859375
12 0.69296875 0.6390625 0.071875 0.0796875
24 0.32421875 0.678125 0.075 0.0859375
24 0.38515625 0.68828125 0.075 0.0859375
24 0.446875 0.6984375 0.0765625 0.084375
26 0.5 0.70859375 0.0515625 0.0703125
30 0.55078125 0.71640625 0.0765625 0.084375
16 0.6125 0.7296875 0.078125 0.0875
6 0.6734375 0.73984375 0.0765625 0.0875
27 0.13984375 0.87265625 0.1109375 0.078125
27 0.15 0.8140625 0.115625 0.0859375
25 0.2578125 0.82421875 0.103125 0.0734375
25 0.240625 0.8875 0.10625 0.0765625
25 0.3375 0.9015625 0.10625 0.075
25 0.35 0.83828125 0.1015625 0.0765625
31 0.4328125 0.91640625 0.103125 0.0734375
31 0.44609375 0.86328125 0.10625 0.078125
31 0.45078125 0.80390625 0.1109375 0.084375
17 0.5296875 0.9359375 0.10625 0.071875
17 0.54609375 0.88125 0.10625 0.0796875
17 0.55703125 0.82421875 0.1078125 0.08125
7 0.625 0.94921875 0.10625 0.071875
7 0.6421875 0.8984375 0.10625 0.071875
36 0.315625 0.5671875 0.059375 0.084375
34 0.36640625 0.57578125 0.0609375 0.084375
33 0.40703125 0.58125 0.0453125 0.08125
35 0.44140625 0.5875 0.0484375 0.0828125
38 0.54765625 0.6078125 0.0453125 0.08125
39 0.5140625 0.60234375 0.046875 0.08125
37 0.47734375 0.59296875 0.046875 0.084375
41 0.5796875 0.6140625 0.04375 0.08125
42 0.61171875 0.61953125 0.04375 0.0796875
40 0.6529092359375 0.663664925 0.6636932375 0.588414115625 0.6332951609374999 0.5834485828125 0.6217484703125 0.6590227703125 0.6529092359375 0.663664925