9 0.84921875 0.36328125 0.165625 0.1890625
13 0.73828125 0.3328125 0.15625 0.1953125
14 0.63203125 0.3109375 0.1421875 0.1875
19 0.5359375 0.29140625 0.1390625 0.184375
5 0.72109375 0.6546875 0.1328125 0.0984375
29 0.61015625 0.62890625 0.1328125 0.09375
7 0.50078125 0.60546875 0.125 0.09375
15 0.7109375 0.75 0.109375 0.10625
23 0.62890625 0.73046875 0.103125 0.1
24 0.5578125 0.715625 0.084375 0.09375
31 0.471875 0.70625 0.11875 0.0875
25 0.64765625 0.92890625 0.1203125 0.08125
25 0.6609375 0.86796875 0.1203125 0.08125
25 0.54375 0.90390625 0.115625 0.0796875
25 0.5578125 0.83984375 0.1171875 0.078125
27 0.44453125 0.8828125 0.1171875 0.08125
32 0.8039239406249999 0.477859003125 0.769594884375 0.5678705015625 0.811792209375 0.5771505609375 0.8475714984374999 0.488859765625 0.8039239406249999 0.477859003125
37 0.8047895140625 0.4794447359375 0.7597700984375 0.46905118437500004 0.730298025 0.5620318875 0.771708153125 0.5720541296875 0.8047895140625 0.4794447359375
33 0.7169881124999999 0.4596361578125 0.6896521890625 0.554033959375 0.7306801734375 0.5630440343750001 0.7596688406250001 0.4694897796875 0.7169881124999999 0.4596361578125
35 0.7170664906249999 0.46196408437500003 0.6738010796875 0.4519754765625 0.6489279531250001 0.5437080875 0.689955959375 0.5527181890625 0.7170664906249999 0.46196408437500003
18 0.6315809 0.44546195156249996 0.6099083921874999 0.531735259375 0.651188240625 0.5419200734375 0.671922965625 0.45477565000000003 0.6315809 0.44546195156249996
44 0.5927119203125 0.43510243906249996 0.568345078125 0.5246421046874999 0.6100589750000001 0.5333485765625 0.633739928125 0.44411253124999994 0.5927119203125 0.43510243906249996
43 0.5942862640625 0.4336180359375 0.5551135703125001 0.42457430625 0.52884570625 0.5196806578125 0.5692890328125 0.5285557546875 0.5942862640625 0.4336180359375
40 0.5114660109375 0.41357354375 0.488794053125 0.5082762578125 0.5291494765625 0.5183648890625 0.5550351671875 0.42224637343750004 0.5114660109375 0.41357354375
18 0.489672959375 0.5106369171875 0.512635328125 0.41384350156250005 0.475014071875 0.4060818796875 0.45294015937500004 0.5016944999999999 0.489672959375 0.5106369171875