13 0.42265625 0.2078125 0.140625 0.165625
14 0.615625 0.2546875 0.140625 0.16875
14 0.52265625 0.23046875 0.1390625 0.1625
21 0.71015625 0.2796875 0.1265625 0.159375
21 0.790625 0.303125 0.125 0.15625
21 0.88359375 0.32734375 0.1375 0.15625
2 0.8265625 0.48828125 0.09375 0.1
18 0.6703125 0.4484375 0.196875 0.1171875
9 0.534375 0.39140625 0.1171875 0.1390625
18 0.45390625 0.38515625 0.084375 0.0984375
15 0.3765625 0.3640625 0.11875 0.1203125
23 0.29140625 0.34609375 0.1140625 0.1109375
1 0.61796875 0.546875 0.1171875 0.0859375
28 0.51953125 0.51640625 0.0859375 0.0890625
29 0.4359375 0.5 0.1140625 0.0859375
4 0.35703125 0.471875 0.084375 0.09375
5 0.3287411046875 0.4390984015625 0.22992644687500002 0.41526302499999995 0.22288659375000003 0.4756533890625 0.316292815625 0.4997440421875 0.3287411046875 0.4390984015625
36 0.5991623828125 0.59139535 0.5762656500000001 0.65768953125 0.6210945437500001 0.6706364859375 0.6452066890625 0.6060829953125 0.5991623828125 0.59139535
34 0.56484375 0.615625 0.06875 0.0875
33 0.52265625 0.609375 0.0515625 0.078125
35 0.49140625 0.60078125 0.0515625 0.078125
37 0.45859375 0.59140625 0.0515625 0.0765625
41 0.425 0.584375 0.0515625 0.075
40 0.39375 0.57421875 0.0515625 0.08125
44 0.3625 0.56484375 0.053125 0.0828125
45 0.32890625 0.55859375 0.0484375 0.078125
43 0.296875 0.54765625 0.053125 0.0828125
18 0.25625 0.53828125 0.05625 0.075
24 0.58671875 0.7140625 0.0765625 0.078125
24 0.528125 0.7 0.078125 0.0796875
24 0.47109375 0.684375 0.071875 0.078125
26 0.421875 0.671875 0.05625 0.06875
18 0.3671875 0.6578125 0.0671875 0.06875
16 0.30078125 0.6375 0.078125 0.0796875
6 0.2375 0.6265625 0.0796875 0.0828125
27 0.6142800562499999 0.9166222093749999 0.6004346453125 0.9561885109375 0.686672415625 0.9799777984375 0.7046671 0.939960115625 0.6142800562499999 0.9166222093749999
25 0.57578125 0.87890625 0.10625 0.0671875
25 0.6014729390625 0.9551267296875 0.6146565140625 0.9151123203125 0.5268795484375 0.892024246875 0.513286903125 0.9315357109375 0.6014729390625 0.9551267296875
10 0.484375 0.85859375 0.1015625 0.0640625
31 0.39296875 0.83203125 0.1015625 0.06875
31 0.38828125 0.875 0.1015625 0.0640625
17 0.3 0.853125 0.103125 0.0671875
17 0.3078125 0.8078125 0.1 0.0640625
17 0.31640625 0.7625 0.10625 0.06875
7 0.2203125 0.73125 0.1046875 0.0734375
7 0.21015625 0.7828125 0.1046875 0.0734375
7 0.2078125 0.8296875 0.0984375 0.06875
13 0.325 0.184375 0.1296875 0.159375