20 1 0.16835684687500002 0.9130498640625 0.1436955515625 0.8026987046875 0.30233390312499997 1 0.359407771875 1 0.16835684687500002
19 0.7002468656249999 0.096822384375 0.6334342546875 0.25681621718750003 0.8093522421875001 0.3045683875 0.8953686671875 0.1514207078125 0.7002468656249999 0.096822384375
19 0.46297767187499994 0.21535955625 0.6374345171875 0.2581832171875 0.693463471875 0.10358296874999999 0.5284030421875 0.066857809375 0.46297767187499994 0.21535955625
14 0.347959909375 0.018660507812499998 0.2984176796875 0.176280034375 0.47424597031250004 0.22103568906249998 0.5285698546875001 0.066073015625 0.347959909375 0.018660507812499998
14 0.1402400734375 0 0.1149173703125 0.1312283859375 0.296879346875 0.1751328015625 0.3474965 0.029225178125 0.2261189828125 0 0.1402400734375 0
11 0.196875 0.23984375 0.20625 0.1640625
3 0.33828125 0.28671875 0.1390625 0.1234375
3 0.44765625 0.31171875 0.146875 0.125
2 0.55859375 0.340625 0.153125 0.128125
0 0.47022211406250003 0.4097712546875 0.4350583484375 0.47969209843750005 0.5468206624999999 0.5105379484375 0.5832956984375001 0.4395475015625 0.47022211406250003 0.4097712546875
1 0.27215927500000003 0.36398826875 0.24887354843749998 0.4316154109375 0.4351175515625 0.47756452187500004 0.46053509375 0.41299905781249996 0.27215927500000003 0.36398826875
28 0.136576453125 0.31722870468750003 0.11546485468750001 0.399223446875 0.246498496875 0.42969807656250003 0.274078278125 0.348847696875 0.136576453125 0.31722870468750003
15 0.4165783515625 0.497544640625 0.3752226109375 0.5705570375 0.524135834375 0.6089133734375001 0.5547152640624999 0.5322887109375001 0.4165783515625 0.497544640625
23 0.309375 0.51328125 0.1703125 0.1140625
36 0.196875 0.48515625 0.103125 0.1015625
34 0.10703125 0.46484375 0.1078125 0.1015625
33 0.03671875 0.446875 0.0734375 0.096875
24 0.428125 0.64765625 0.1359375 0.0984375
24 0.31953125 0.62421875 0.1328125 0.0984375
24 0.21328125 0.59375 0.128125 0.1
26 0.11953125 0.57890625 0.0953125 0.0796875
30 0.04609375 0.55 0.0921875 0.09375
27 0.6171875 0.88125 0.1859375 0.0890625
25 0.49140625 0.7921875 0.1921875 0.1
25 0.453125 0.846875 0.1875 0.09375
25 0.30703125 0.75390625 0.1921875 0.09375
25 0.2875 0.80625 0.18125 0.0890625
25 0.13515625 0.71171875 0.1890625 0.09375
25 0.12734375 0.765625 0.190625 0.0953125