13 0.27109375 0.25234375 0.0953125 0.11875
13 0.35078125 0.25703125 0.0953125 0.1359375
13 0.434375 0.26796875 0.0984375 0.1296875
14 0.52265625 0.2796875 0.10625 0.128125
21 0.61640625 0.29609375 0.09375 0.125
19 0.69375 0.303125 0.0953125 0.1265625
20 0.80234375 0.31171875 0.109375 0.1359375
23 0.2546875 0.39296875 0.0875 0.0890625
15 0.3328125 0.4 0.0796875 0.096875
8 0.40859375 0.39921875 0.0984375 0.1296875
9 0.490625 0.4125 0.0921875 0.125
10 0.57578125 0.4203125 0.1 0.1265625
11 0.66328125 0.4328125 0.0984375 0.125
3 0.73203125 0.4609375 0.0703125 0.0875
2 0.78828125 0.47109375 0.0640625 0.0796875
5 0.24921875 0.48359375 0.1 0.0671875
4 0.32265625 0.49375 0.0625 0.0671875
29 0.39609375 0.50546875 0.1 0.06875
28 0.4765625 0.51484375 0.065625 0.06875
1 0.56640625 0.52890625 0.1015625 0.075
12 0.24765625 0.575 0.0625 0.0734375
6 0.240625 0.6671875 0.0703125 0.0703125
16 0.29609375 0.6765625 0.06875 0.0703125
30 0.35625 0.6796875 0.0625 0.0765625
26 0.3984375 0.6953125 0.0421875 0.0609375
24 0.4453125 0.69921875 0.0640625 0.071875
24 0.503125 0.70625 0.0640625 0.071875
24 0.5609375 0.71953125 0.065625 0.0703125
7 0.22578125 0.853125 0.0875 0.059375
7 0.23125 0.8078125 0.0953125 0.059375
17 0.31328125 0.87421875 0.090625 0.059375
17 0.3265625 0.821875 0.090625 0.065625
31 0.4 0.88984375 0.09375 0.0640625
31 0.41171875 0.83671875 0.0921875 0.065625
25 0.48828125 0.9046875 0.0921875 0.0640625
25 0.575 0.9171875 0.0953125 0.0625
27 0.6828125 0.93671875 0.0921875 0.0609375
27 0.69453125 0.89140625 0.1015625 0.059375
36 0.58984375 0.6234375 0.05625 0.0765625
34 0.546875 0.6171875 0.0515625 0.078125
33 0.51015625 0.609375 0.040625 0.075
35 0.478125 0.60546875 0.040625 0.075
37 0.446875 0.60078125 0.0390625 0.0734375
39 0.415625 0.59609375 0.0390625 0.0734375
38 0.38359375 0.5921875 0.040625 0.0734375
41 0.353125 0.5875 0.040625 0.0734375
42 0.33420530937500004 0.6194702828125 0.3383280171875 0.5492035265624999 0.30875424375 0.545047203125 0.3046880515625 0.6146026515624999 0.33420530937500004 0.6194702828125
40 0.30369828593750003 0.6148231734375 0.3054704875 0.5442260765625 0.27913083906249997 0.5408839046875 0.2731912640625 0.6101760656249999 0.30369828593750003 0.6148231734375