19 0.21171875 0.20859375 0.084375 0.10625
19 0.2953125 0.2015625 0.0859375 0.1140625
20 0.375 0.2 0.075 0.1140625
20 0.459375 0.20078125 0.08125 0.1140625
8 0.54296875 0.20078125 0.0828125 0.109375
9 0.6234375 0.196875 0.078125 0.1125
39 0.7046875 0.1953125 0.0875 0.1125
11 0.7828125 0.20078125 0.0859375 0.0984375
13 0.19609375 0.334375 0.0765625 0.1078125
13 0.275 0.334375 0.0828125 0.1078125
13 0.35625 0.3296875 0.0796875 0.109375
14 0.43359375 0.33125 0.075 0.109375
14 0.50859375 0.3296875 0.0796875 0.109375
14 0.58203125 0.33046875 0.075 0.1046875
3 0.67421875 0.33984375 0.0640625 0.0734375
3 0.73203125 0.3390625 0.059375 0.075
2 0.78359375 0.3390625 0.05 0.0703125
0 0.6171875 0.43671875 0.0640625 0.065625
1 0.5296875 0.44453125 0.090625 0.05625
28 0.45625 0.440625 0.0578125 0.071875
29 0.384375 0.44765625 0.090625 0.0578125
4 0.30859375 0.440625 0.0609375 0.071875
5 0.234375 0.4515625 0.096875 0.059375
15 0.615625 0.52890625 0.06875 0.0765625
23 0.54765625 0.528125 0.06875 0.078125
24 0.62890625 0.615625 0.0578125 0.06875
24 0.57265625 0.61640625 0.0546875 0.0640625
24 0.5171875 0.61640625 0.0546875 0.065625
30 0.4265625 0.621875 0.0609375 0.0671875
26 0.475 0.621875 0.0375 0.0578125
16 0.3078125 0.625 0.0578125 0.0625
6 0.2328125 0.62734375 0.059375 0.065625
27 0.74375 0.8140625 0.0890625 0.0546875
25 0.65234375 0.8171875 0.0859375 0.0515625
25 0.6515625 0.76796875 0.0875 0.053125
25 0.56640625 0.8203125 0.0859375 0.05
25 0.56171875 0.7703125 0.0890625 0.0546875
25 0.48125 0.8234375 0.084375 0.053125
25 0.47578125 0.7734375 0.0875 0.05625
25 0.48125 0.71875 0.0859375 0.05625
25 0.5671875 0.71796875 0.0875 0.0546875
31 0.3953125 0.8296875 0.0875 0.053125
31 0.38984375 0.7796875 0.0890625 0.0546875
31 0.39375 0.728125 0.0875 0.0546875
17 0.3015625 0.83046875 0.084375 0.0515625
17 0.3015625 0.78125 0.0859375 0.0546875
17 0.30625 0.728125 0.0859375 0.05625
7 0.215625 0.83515625 0.0875 0.0515625
7 0.21171875 0.784375 0.0921875 0.05625
7 0.2234375 0.7296875 0.0859375 0.0578125
36 0.49296875 0.53359375 0.04375 0.0703125
34 0.45 0.53515625 0.04375 0.0703125
33 0.41171875 0.5359375 0.0328125 0.0703125
35 0.37421875 0.5359375 0.034375 0.0734375
37 0.34140625 0.53671875 0.0328125 0.071875
38 0.28046875 0.5390625 0.034375 0.071875
41 0.2484375 0.5390625 0.0328125 0.0734375
42 0.21640625 0.54140625 0.0359375 0.0734375
18 0.309375 0.5328125 0.028125 0.0625
18 0.365625 0.62265625 0.059375 0.0625