11 0.3390625 0.17578125 0.0953125 0.15625
10 0.440625 0.1828125 0.0953125 0.15
9 0.53671875 0.19140625 0.084375 0.1484375
8 0.634375 0.1921875 0.0984375 0.15
20 0.721875 0.20546875 0.078125 0.134375
20 0.815625 0.20625 0.0875 0.1375
21 0.91015625 0.20859375 0.090625 0.140625
13 0.9609375 0.36171875 0.078125 0.1296875
13 0.87265625 0.35625 0.090625 0.134375
13 0.78515625 0.35625 0.084375 0.1296875
14 0.703125 0.35546875 0.0875 0.11875
14 0.615625 0.3515625 0.0828125 0.128125
14 0.528125 0.3484375 0.084375 0.125
3 0.45234375 0.36328125 0.0625 0.090625
3 0.38515625 0.3578125 0.065625 0.096875
2 0.31484375 0.359375 0.06875 0.090625
0 0.490625 0.47890625 0.06875 0.0796875
1 0.58359375 0.48515625 0.10625 0.06875
28 0.675 0.48125 0.065625 0.078125
29 0.75703125 0.4890625 0.1 0.0625
4 0.8375 0.48203125 0.0625 0.078125
5 0.91953125 0.490625 0.1 0.065625
15 0.4890625 0.58203125 0.075 0.0890625
23 0.565625 0.58046875 0.075 0.0875
24 0.48515625 0.68515625 0.0640625 0.075
24 0.55078125 0.68359375 0.0671875 0.071875
24 0.615625 0.68515625 0.065625 0.06875
26 0.6640625 0.6859375 0.034375 0.059375
30 0.71953125 0.68203125 0.065625 0.065625
12 0.7765625 0.67890625 0.053125 0.06875
16 0.8375 0.68046875 0.065625 0.06875
6 0.896875 0.67890625 0.0625 0.0703125
27 0.3140625 0.86484375 0.1046875 0.05625
27 0.3109375 0.92109375 0.103125 0.053125
25 0.41171875 0.91484375 0.096875 0.05625
25 0.415625 0.8609375 0.0984375 0.053125
25 0.51484375 0.85859375 0.096875 0.053125
25 0.509375 0.9109375 0.09375 0.0515625
25 0.60390625 0.9046875 0.0921875 0.053125
25 0.609375 0.85234375 0.09375 0.0515625
25 0.6140625 0.796875 0.103125 0.059375
31 0.69609375 0.903125 0.09375 0.05
31 0.70390625 0.85078125 0.0953125 0.0546875
31 0.709375 0.78984375 0.0921875 0.059375
17 0.78671875 0.89921875 0.090625 0.0515625
17 0.79375 0.84609375 0.090625 0.05
17 0.80234375 0.79609375 0.09375 0.05
7 0.875 0.890625 0.090625 0.05
7 0.884375 0.83984375 0.09375 0.0515625
36 0.650150390625 0.625 0.6538532171875 0.547222221875 0.6070119609375 0.5476851859375 0.6044822046875 0.625 0.650150390625 0.625
34 0.7001385421874999 0.6240740734375 0.7019899546875 0.546296296875 0.6570119609375 0.547222221875 0.6538532171875 0.625 0.7001385421874999 0.6240740734375
33 0.73861536875 0.6233164984374999 0.739176403125 0.54461279375 0.7050277078125 0.5450336703125 0.7049533140625 0.6233164984374999 0.73861536875 0.6233164984374999
35 0.7717163890625 0.622474746875 0.7784487999999999 0.54461279375 0.7454317484375 0.54419191875 0.740298471875 0.6228956234374999 0.7717163890625 0.622474746875
37 0.8048174093749999 0.622474746875 0.8177211968749999 0.546296296875 0.7841522859375 0.54461279375 0.7728384562499999 0.622474746875 0.8048174093749999 0.622474746875
39 0.837918428125 0.6216329968750001 0.8491391125 0.545875421875 0.8178223203125 0.54419191875 0.8053784437499999 0.622474746875 0.837918428125 0.6216329968750001
41 0.9029983984375001 0.6216329968750001 0.9125359812499999 0.546296296875 0.879550715625 0.546717171875 0.87158048125 0.6216329968750001 0.9029983984375001 0.6216329968750001
42 0.9344163156249999 0.622053871875 0.9422707953125 0.5450336703125 0.9115372468749999 0.546296296875 0.9035594328125001 0.622474746875 0.9344163156249999 0.622053871875