19 0.509375 0.26171875 0.115625 0.175
14 0.3953125 0.24453125 0.1328125 0.178125
13 0.296875 0.2296875 0.11875 0.1640625
9 0.19375 0.20859375 0.1328125 0.171875
5 0.20546875 0.5171875 0.1203125 0.08125
29 0.3171875 0.534375 0.11875 0.078125
7 0.434375 0.553125 0.1171875 0.08125
31 0.42265625 0.66484375 0.109375 0.0703125
24 0.33984375 0.64296875 0.078125 0.0875
23 0.26796875 0.62578125 0.0953125 0.1015625
15 0.1828125 0.6109375 0.0953125 0.1015625
25 0.18125 0.79296875 0.1109375 0.06875
25 0.2828125 0.809375 0.10625 0.06875
27 0.38515625 0.8265625 0.10625 0.06875
39 0.5118000765625 0.4835422734375 0.5330895359375 0.3930317578125 0.4944241328125 0.386428909375 0.47376542343750006 0.47702807031249994 0.5118000765625 0.4835422734375
38 0.47292096875 0.4774937796875 0.48894356562499997 0.385658665625 0.4519569328125 0.37812296875 0.4342029421875 0.47029914375 0.47292096875 0.4774937796875
35 0.31330429375 0.449217209375 0.325265696875 0.3585645046875 0.2845001921875 0.34991333125 0.2745862671875 0.44202257187500005 0.31330429375 0.449217209375
33 0.27466680781249997 0.44144950156249996 0.28128080781250003 0.3500452671875 0.24171083124999998 0.343899678125 0.2350237859375 0.43529364687500005 0.27466680781249997 0.44144950156249996
37 0.23273204218750002 0.4349715640625 0.237898753125 0.3427795359375 0.20008826562499998 0.335128053125 0.195300225 0.429710865625 0.23273204218750002 0.4349715640625
32 0.1907972765625 0.42849362500000004 0.1922249546875 0.33519171875 0.15255325 0.329616225 0.1511542546875 0.422337771875 0.1907972765625 0.42849362500000004
18 0.35946376406249997 0.4422635078125 0.3678447828125 0.3604578671875 0.32881774375 0.35614175625 0.31829291249999997 0.43589293125 0.35946376406249997 0.4422635078125
18 0.398181790625 0.44945814375 0.4126741265625 0.36851139375 0.3729742171875 0.3635163265625 0.358699846875 0.44215614687500004 0.398181790625 0.44945814375
18 0.4234375 0.41171875 0.0484375 0.0875