14 0.62578125 0.1671875 0.153125 0.1875
13 0.73515625 0.146875 0.1515625 0.184375
41 0.525 0.38671875 0.0671875 0.1125
40 0.56953125 0.37578125 0.06875 0.1125
43 0.630795321875 0.3109667671875 0.586707953125 0.32003235937499996 0.6011925359375 0.42343639843750003 0.6448702890625 0.415499409375 0.630795321875 0.3109667671875
21 0.51796875 0.18984375 0.159375 0.1921875
44 0.6455604828125 0.41485665000000005 0.68914626875 0.40624526406249994 0.6737398484375 0.29997639062500003 0.6307943593750001 0.3091047359375 0.6455604828125 0.41485665000000005
45 0.7330543734375 0.3960144015625 0.7191583578125 0.2912202828125 0.674403746875 0.300284225 0.68905496875 0.4058157265625 0.7330543734375 0.3960144015625
18 0.7320208796875 0.3951325953125 0.7747633421875 0.3866999453125 0.7650334046875 0.2846118875 0.7202787921875 0.293675821875 0.7320208796875 0.3951325953125
33 0.7753879796875001 0.3859146328125 0.8199079453125 0.3766552203125 0.80818628125 0.27364366093750003 0.7611412546875 0.28319444531250004 0.7753879796875001 0.3859146328125
37 0.819408484375 0.37554804062499997 0.865807778125 0.36734785312499996 0.8557126328125 0.263541621875 0.8099954046875 0.273708071875 0.819408484375 0.37554804062499997
32 0.86492246875 0.36587374375000004 0.9105623843749999 0.358283909375 0.9010398390625 0.2543559796875 0.8526669859375 0.2632911 0.86492246875 0.36587374375000004
5 0.84375 0.47734375 0.140625 0.096875
29 0.71796875 0.5015625 0.140625 0.1
5 0.59609375 0.52578125 0.1375 0.1
15 0.86640625 0.5859375 0.1265625 0.1234375
18 0.78203125 0.609375 0.0875 0.1015625
24 0.7109375 0.62265625 0.1046875 0.1125
31 0.61484375 0.6546875 0.13125 0.09375
27 0.65 0.8484375 0.1328125 0.09375
25 0.78203125 0.82265625 0.1328125 0.0875
25 0.89375 0.79765625 0.13125 0.0875