14 0.7078125 0.2109375 0.1296875 0.171875
13 0.81796875 0.21953125 0.128125 0.16875
41 0.553125 0.396875 0.0515625 0.10625
40 0.59921875 0.39765625 0.053125 0.1078125
43 0.67526398125 0.35126023906250003 0.6303325046875 0.348606278125 0.617560603125 0.45223579531249997 0.661804315625 0.4558738875 0.67526398125 0.35126023906250003
21 0.59765625 0.2046875 0.1359375 0.175
44 0.66263735 0.4554316640625 0.706966778125 0.4583945359375 0.7195897265625 0.3517592109375 0.6757449796875 0.34946140468750003 0.66263735 0.4554316640625
45 0.7520266921875 0.4598765359375 0.765726884375 0.3550566359375 0.7201513296875001 0.3522283859375 0.7069897593750001 0.4579560046875 0.7520266921875 0.4598765359375
18 0.7512566421875 0.4587572875 0.7947252203125 0.4616745375 0.81174915625 0.360546753125 0.7661736015625 0.35771849375000003 0.7512566421875 0.4587572875
33 0.795531828125 0.4610776515625 0.840931325 0.4636563609375 0.8562704203125 0.3611210453125 0.8083564890625 0.358170246875 0.795531828125 0.4610776515625
37 0.840735440625 0.4624576359375 0.8876760828125001 0.46654588593749996 0.9047919500000001 0.36366394999999996 0.8580012281249999 0.361651496875 0.840735440625 0.4624576359375
32 0.8872024671875 0.4648928703125 0.9332516343749999 0.4693741328125 0.9509520890625 0.3665228453125 0.901914921875 0.3626336921875 0.8872024671875 0.4648928703125
5 0.8375 0.5671875 0.13125 0.078125
29 0.709375 0.5578125 0.13125 0.08125
5 0.5859375 0.55 0.128125 0.0828125
15 0.83203125 0.678125 0.1125 0.109375
18 0.74375 0.67890625 0.075 0.0921875
24 0.671875 0.6734375 0.090625 0.1
31 0.57109375 0.67890625 0.121875 0.0765625
27 0.5546875 0.875 0.125 0.075
25 0.6890625 0.884375 0.125 0.0703125
25 0.803125 0.88984375 0.1234375 0.0703125