11 0.220955525 0.2859821828125 0.20208506874999999 0.169290378125 0.1225739125 0.1723620078125 0.1402523515625 0.2916002578125 0.220955525 0.2859821828125
10 0.24765625 0.23125 0.0828125 0.10625
9 0.32734375 0.22578125 0.0828125 0.1125
8 0.40625 0.23125 0.0796875 0.10625
20 0.48203125 0.2265625 0.0765625 0.1140625
20 0.55546875 0.22734375 0.0765625 0.109375
21 0.63203125 0.22421875 0.075 0.109375
21 0.709375 0.22109375 0.0796875 0.1171875
14 0.3546875 0.35234375 0.0765625 0.1
14 0.43203125 0.3546875 0.0765625 0.0984375
14 0.50390625 0.353125 0.071875 0.096875
13 0.57578125 0.34921875 0.06875 0.1046875
13 0.64609375 0.34765625 0.0703125 0.103125
13 0.725 0.34375 0.0796875 0.1046875
3 0.2890625 0.3671875 0.05625 0.075
3 0.23359375 0.36875 0.059375 0.06875
2 0.17890625 0.36640625 0.0578125 0.0796875
0 0.34296875 0.45703125 0.0625 0.0671875
1 0.4171875 0.46484375 0.08125 0.053125
28 0.490625 0.4546875 0.0625 0.0640625
29 0.5703125 0.46015625 0.084375 0.053125
5 0.6546875 0.4578125 0.0828125 0.0546875
4 0.7234375 0.45390625 0.0578125 0.0609375
15 0.35625 0.54609375 0.0703125 0.0796875
23 0.42109375 0.546875 0.0625 0.075
24 0.34609375 0.6328125 0.05625 0.0671875
24 0.40234375 0.63203125 0.053125 0.065625
24 0.45703125 0.6296875 0.053125 0.0640625
26 0.5046875 0.63515625 0.0390625 0.0515625
30 0.54765625 0.628125 0.059375 0.0625
16 0.653125 0.6265625 0.05625 0.065625
6 0.709375 0.62421875 0.0546875 0.06875
27 0.21796875 0.8375 0.090625 0.0515625
27 0.21328125 0.78125 0.084375 0.05
25 0.30390625 0.8328125 0.084375 0.05
25 0.29765625 0.78515625 0.0875 0.053125
25 0.3875 0.8296875 0.0875 0.05
25 0.38203125 0.78203125 0.0859375 0.053125
25 0.3875 0.73125 0.0875 0.053125
25 0.471875 0.82578125 0.078125 0.046875
25 0.4703125 0.77890625 0.084375 0.046875
25 0.47265625 0.72890625 0.084375 0.0546875
31 0.5515625 0.82109375 0.078125 0.0453125
31 0.553125 0.7765625 0.0828125 0.0484375
31 0.55546875 0.72890625 0.0875 0.0515625
17 0.6359375 0.82109375 0.08125 0.0484375
17 0.64140625 0.7796875 0.084375 0.05
17 0.640625 0.7296875 0.0859375 0.0546875
7 0.7203125 0.82265625 0.0875 0.0484375
7 0.72578125 0.7734375 0.084375 0.05
36 0.47421875 0.54765625 0.0390625 0.065625
34 0.515625 0.546875 0.040625 0.0671875
33 0.55390625 0.54609375 0.0296875 0.0671875
35 0.58359375 0.54453125 0.0296875 0.06875
37 0.6292185406249999 0.577712775 0.6263821390625 0.509502671875 0.5986527765625 0.5114744625000001 0.6012589859374999 0.5788185359375 0.6292185406249999 0.577712775
39 0.6580061234375 0.5769014125 0.6626220890625001 0.5113410359375 0.6331394796875001 0.5124159406250001 0.6308638265625001 0.5776840562500001 0.6580061234375 0.5769014125
38 0.6888503515625 0.5760541625 0.6922108234375 0.5092802265625 0.6639518453125001 0.50917708125 0.6596514124999999 0.57687269375 0.6888503515625 0.5760541625
41 0.719694578125 0.5752068984375 0.7218156625 0.508145746875 0.691718659375 0.5083065484375 0.6900843484375 0.5760326234375001 0.719694578125 0.5752068984375
42 0.74889890625 0.5746971359375 0.7502026749999999 0.5079591125 0.7220638312500001 0.507776871875 0.7205280015625 0.5758100890625 0.74889890625 0.5746971359375