19 0.1640625 0.34296875 0.1171875 0.1390625
19 0.24921875 0.32265625 0.1046875 0.1375
20 0.33125 0.30390625 0.1125 0.140625
20 0.421875 0.29296875 0.1078125 0.1265625
8 0.5109375 0.2640625 0.115625 0.1453125
9 0.59765625 0.25625 0.1046875 0.125
9 0.68125 0.23984375 0.0984375 0.11875
11 0.76875 0.21171875 0.1265625 0.1421875
13 0.215625 0.47421875 0.1171875 0.1328125
13 0.30078125 0.453125 0.1015625 0.1328125
13 0.38125 0.43359375 0.1 0.125
14 0.46640625 0.41640625 0.10625 0.125
14 0.5390625 0.40625 0.084375 0.1078125
14 0.61015625 0.3859375 0.1 0.11875
3 0.67421875 0.38515625 0.0671875 0.078125
3 0.73515625 0.3703125 0.075 0.084375
2 0.790625 0.36171875 0.0703125 0.08125
0 0.63515625 0.48984375 0.0703125 0.078125
1 0.56484375 0.5109375 0.1 0.0765625
28 0.4890625 0.5265625 0.0765625 0.0796875
29 0.4171875 0.54609375 0.096875 0.078125
4 0.34453125 0.55859375 0.0765625 0.0828125
5 0.26640625 0.58671875 0.1109375 0.08125
23 0.5859375 0.59453125 0.084375 0.090625
24 0.6796875 0.65546875 0.06875 0.06875
24 0.62578125 0.67109375 0.0640625 0.0734375
24 0.5734375 0.68359375 0.0640625 0.0734375
26 0.5328125 0.69921875 0.04375 0.0609375
30 0.490625 0.7109375 0.0671875 0.0703125
12 0.43828125 0.72578125 0.065625 0.071875
16 0.38125 0.73671875 0.0734375 0.08125
6 0.3046875 0.75625 0.0671875 0.0765625
27 0.8830956484374999 0.815741834375 0.876647059375 0.7735176546875 0.8048720953125 0.795156378125 0.8090873453125 0.8353620812500001 0.8830956484374999 0.815741834375
27 0.883968678125 0.7756284515625 0.879511646875 0.731043921875 0.8039713546874999 0.7510178578125 0.805812715625 0.795572740625 0.883968678125 0.7756284515625
25 0.8073763578125 0.8389246984375 0.803947265625 0.7915687671875 0.7291214140625 0.814545365625 0.73524929375 0.85937766875 0.8073763578125 0.8389246984375
25 0.8043166609375 0.7927505265625 0.7986222875 0.7465510984375 0.72337871875 0.7677235703124999 0.7291214140625 0.814545365625 0.8043166609375 0.7927505265625
25 0.733923490625 0.860950796875 0.72743898125 0.8187349125000001 0.6477897984375 0.8390239375 0.656600678125 0.884503865625 0.733923490625 0.860950796875
25 0.7189134593750001 0.8105668453125 0.7131989390625 0.76437206875 0.6330260953125 0.7860490328124999 0.6438256796874999 0.8291692671875 0.7189134593750001 0.8105668453125
25 0.6520050484375 0.8792296374999999 0.6456400125 0.8376196921875 0.5644380875 0.8620683234375001 0.5752062812500001 0.9013946796875001 0.6520050484375 0.8792296374999999
25 0.6403409203125 0.8287067468749999 0.6302126453125 0.785431528125 0.553960903125 0.8093708390625001 0.563264434375 0.8496688609374999 0.6403409203125 0.8287067468749999
31 0.5738804765625 0.9029678062500001 0.5629314359375 0.859882075 0.4813327015625 0.8825217546875 0.49307290625 0.9260583515624999 0.5738804765625 0.9029678062500001
31 0.5669194453124999 0.8545267234375 0.55422859375 0.8112096015624999 0.4730458640625 0.8356538015625 0.48517125468750005 0.8772009078125 0.5669194453124999 0.8545267234375
17 0.49387466562500004 0.9258732515625001 0.48077829375 0.8845503125 0.39543684843750004 0.9055199796875 0.41118585625000004 0.9481310734375 0.49387466562500004 0.9258732515625001
17 0.47346724531250006 0.870400175 0.46152528750000005 0.8231090296874999 0.3822766640625 0.852174875 0.3932465 0.8996904515624999 0.47346724531250006 0.870400175
7 0.41160243281250003 0.9499354609375 0.396465815625 0.9071829859375 0.312640571875 0.9309702171875 0.3283895796875 0.973581309375 0.41160243281250003 0.9499354609375
7 0.392028165625 0.8980711625 0.378292478125 0.8467594843749999 0.2897964796875 0.872258565625 0.3102799734375 0.920745346875 0.392028165625 0.8980711625
42 0.28620505937499996 0.7091785359375 0.27023583281249997 0.6407303109375 0.23795210937500003 0.647319703125 0.2568750453125 0.7168137953125 0.28620505937499996 0.7091785359375
41 0.3195510125 0.701480015625 0.30228549375 0.6298754953125 0.2700154 0.6390534156250001 0.2901263203125 0.7087051875 0.3195510125 0.701480015625
38 0.35219937031250004 0.6916499109375 0.3328111171875 0.623027459375 0.3021885375 0.6311937171875 0.322213459375 0.6989381953125 0.35219937031250004 0.6916499109375
39 0.383412725 0.6833472625 0.366523465625 0.6170718140625 0.33665788124999996 0.6243323203125 0.3540495875 0.6912227546875 0.383412725 0.6833472625
37 0.41386118906249997 0.6759521859375 0.39850938281250003 0.60785981875 0.368494009375 0.616616878125 0.38425772187499996 0.682786684375 0.41386118906249997 0.6759521859375
35 0.44507454375 0.6676495375 0.42942775 0.6003562578125 0.3996272515625 0.60796723125 0.4140033015625 0.67445740625 0.44507454375 0.6676495375
33 0.4773551171875 0.6576385296875 0.457792465625 0.5923457765625 0.4288301671875 0.5993977421875 0.44551898593750006 0.665353971875 0.4773551171875 0.6576385296875
36 0.5608990921875 0.6354269390625 0.5433492765625 0.5682075156249999 0.5053557203125 0.578440990625 0.5189668843749999 0.6458387390625 0.5608990921875 0.6354269390625