11 0.0625 0.1859375 0.125 0.165625
10 0.16015625 0.17109375 0.140625 0.175
9 0.2703125 0.16484375 0.121875 0.1546875
8 0.36328125 0.1453125 0.1203125 0.1640625
20 0.46484375 0.13046875 0.11875 0.1640625
21 0.7060759359375 0.1709797234375 0.6908962921875 0.0226589734375 0.5879124640625 0.03798243125 0.6153131984375 0.1862856640625 0.7060759359375 0.1709797234375
21 0.8144998984375 0.15234163437499998 0.7978008515624999 0.009334565625000001 0.7008078890625 0.018715921875 0.718706821875 0.1641044296875 0.8144998984375 0.15234163437499998
13 0.765625 0.25703125 0.11875 0.1484375
13 0.6671875 0.27265625 0.103125 0.1453125
13 0.578125 0.28515625 0.1078125 0.1453125
14 0.48125 0.3 0.1203125 0.15
14 0.3875 0.31484375 0.1109375 0.1484375
14 0.29375 0.33046875 0.1109375 0.1453125
3 0.21953125 0.36015625 0.0890625 0.1078125
3 0.14609375 0.37109375 0.09375 0.1078125
0 0.3203125 0.46484375 0.0875 0.09375
1 0.41640625 0.4546875 0.1109375 0.0796875
28 0.50625 0.43515625 0.0796875 0.0890625
29 0.59140625 0.42890625 0.115625 0.0828125
4 0.6828125 0.40703125 0.0765625 0.090625
5 0.77578125 0.40078125 0.1171875 0.084375
15 0.35390625 0.57265625 0.0921875 0.1015625
23 0.43671875 0.5578125 0.0921875 0.1046875
24 0.35625 0.6796875 0.0796875 0.0859375
24 0.425 0.66796875 0.0671875 0.0828125
24 0.4875 0.6609375 0.0796875 0.084375
26 0.55 0.6546875 0.0546875 0.071875
30 0.6078125 0.63828125 0.0765625 0.084375
12 0.6828125 0.63203125 0.075 0.08125
16 0.7484375 0.62109375 0.0734375 0.0765625
6 0.81484375 0.60703125 0.075 0.08125
27 0.2125 0.8921875 0.121875 0.0734375
27 0.2823096 0.9657408875 0.26893654375 0.9115188156249999 0.1694048796875 0.9326995828125 0.1864599890625 0.986404175 0.2823096 0.9657408875
25 0.3815745734375 0.948913103125 0.368745215625 0.8917376171875 0.2700786984375 0.9120775468750001 0.2815676484375 0.9672836625000001 0.3815745734375 0.948913103125
25 0.4791573953125 0.93376023125 0.47122730468749996 0.8773346999999999 0.37208945 0.8941446187500001 0.38113 0.9525718359375 0.4791573953125 0.93376023125
25 0.583865334375 0.9147289875 0.57355920625 0.8550411359375 0.47306064843750006 0.875638540625 0.4823745078125 0.936185096875 0.583865334375 0.9147289875
31 0.6924332093750001 0.895874515625 0.6833646625 0.8381704843750001 0.5841782765625 0.8542679718749999 0.5948503875 0.9110273875000001 0.6924332093750001 0.895874515625
31 0.68920413125 0.8387883015625001 0.6842929 0.7833769968750001 0.5810494390625001 0.7978869203125 0.5910776109375 0.8568945859375001 0.68920413125 0.8387883015625001
31 0.6814722921875 0.7837734078125 0.67111510625 0.7169002265625 0.5703463625 0.7353778515625 0.5801286609375 0.799454828125 0.6814722921875 0.7837734078125
17 0.7916981828125 0.8790467312500001 0.7850056750000001 0.824605021875 0.68554598125 0.8385831687499999 0.6924332093750001 0.895874515625 0.7916981828125 0.8790467312500001
17 0.7918844703125 0.8257960203125 0.7856365328125 0.767695578125 0.6859805921875 0.78026280625 0.691580165625 0.8420506234375 0.7918844703125 0.8257960203125
17 0.78885364375 0.77012044375 0.7870093406249999 0.709243359375 0.6843361015625 0.7207961390625 0.6859750515624999 0.7817020859375 0.78885364375 0.77012044375
7 0.8906657796875 0.860102990625 0.88773408125 0.8051327328125 0.7860723843749999 0.8237358546875001 0.791202553125 0.8755201359375 0.8906657796875 0.860102990625
7 0.8889716609375 0.807116553125 0.8890077640625 0.7459751953125 0.78705091875 0.762462046875 0.7897547546875 0.817464328125 0.8889716609375 0.807116553125
34 0.55390625 0.54375 0.0625 0.090625
33 0.60078125 0.5359375 0.046875 0.0890625
39 0.70859375 0.5203125 0.05 0.090625
38 0.746875 0.51328125 0.046875 0.0890625
41 0.78359375 0.50703125 0.0453125 0.0875
42 0.8203125 0.50078125 0.0453125 0.0890625
18 0.67109375 0.5171875 0.04375 0.078125
18 0.6359375 0.52421875 0.0421875 0.0765625
18 0.503125 0.5453125 0.0625 0.078125
18 0.55703125 0.121875 0.10625 0.1515625