20 0.29765625 0.20859375 0.1140625 0.1453125
21 0.39375 0.2296875 0.109375 0.1421875
21 0.4859375 0.25 0.1078125 0.1421875
14 0.57265625 0.2703125 0.1 0.1375
14 0.65234375 0.29140625 0.0953125 0.1296875
13 0.72578125 0.30703125 0.090625 0.1265625
13 0.80546875 0.3234375 0.1015625 0.1296875
2 0.25625 0.346875 0.0765625 0.0953125
3 0.315625 0.35859375 0.075 0.0953125
11 0.39140625 0.36640625 0.0984375 0.1109375
10 0.471875 0.3796875 0.0859375 0.1109375
9 0.55234375 0.39921875 0.0984375 0.1140625
8 0.6390625 0.41171875 0.0953125 0.115625
15 0.71015625 0.434375 0.0796875 0.0921875
23 0.7765625 0.44453125 0.0828125 0.096875
1 0.43046875 0.49140625 0.109375 0.0796875
28 0.5109375 0.5 0.071875 0.0796875
4 0.67265625 0.52734375 0.065625 0.0828125
5 0.7421875 0.546875 0.0953125 0.0734375
12 0.7375 0.6421875 0.0671875 0.0765625
24 0.36875 0.678125 0.0703125 0.08125
24 0.42890625 0.68515625 0.0703125 0.0828125
26 0.525 0.70078125 0.053125 0.06875
30 0.57890625 0.70859375 0.06875 0.08125
16 0.63671875 0.71484375 0.0640625 0.071875
6 0.6984375 0.72109375 0.071875 0.0796875
27 0.21328125 0.834375 0.109375 0.075
27 0.2508211609375 0.9191163875000001 0.257906459375 0.867087159375 0.1630190953125 0.85505700625 0.1552781828125 0.9101046625 0.2508211609375 0.9191163875000001
25 0.346230153125 0.9288879921875 0.357828125 0.86903588125 0.262293875 0.8608092046875001 0.25041919687499997 0.921396034375 0.346230153125 0.9288879921875
25 0.43778035156249995 0.930927615625 0.4501983078125 0.8782716625000001 0.3590063515625 0.869243634375 0.3470340796875 0.9243286968750001 0.43778035156249995 0.930927615625
31 0.5275136890625001 0.9373479265625001 0.540676603125 0.8863903453124999 0.45126415781249996 0.8792431078125 0.43892727656249997 0.9303463421875 0.5275136890625001 0.9373479265625001
31 0.5389937296875 0.89001115 0.5525586078125 0.8367739234375 0.46368283281249995 0.8265872828124999 0.44952836874999996 0.882071075 0.5389937296875 0.89001115
31 0.5360515359375 0.811925053125 0.5509723484375 0.762844453125 0.46782903437499995 0.7497510609375 0.45232079843750006 0.8010786062499999 0.5360515359375 0.811925053125
17 0.6117214125 0.9514125124999999 0.6236034171875 0.9017960890625 0.538531340625 0.893847159375 0.5267097609375 0.941907221875 0.6117214125 0.9514125124999999
17 0.6273871875 0.9040302859375 0.6422329796875 0.8494519015625001 0.552633134375 0.837570571875 0.5373108546875 0.8936319546875 0.6273871875 0.9040302859375
7 0.6956451046875001 0.9552414078125 0.7089420093750001 0.9035239453124999 0.6226084703125 0.896919603125 0.613002325 0.950071353125 0.6956451046875001 0.9552414078125
34 0.3796875 0.5828125 0.0609375 0.08125
36 0.42890625 0.58984375 0.0578125 0.08125
33 0.46953125 0.59765625 0.04375 0.0796875
35 0.5015625 0.6015625 0.04375 0.08125
37 0.5359375 0.60703125 0.04375 0.0796875
39 0.5671875 0.6109375 0.040625 0.0765625
38 0.596875 0.615625 0.04375 0.0796875
41 0.6372317578125 0.65924598125 0.6556196937500001 0.5872714859375 0.6268758171875 0.5830579015625 0.6078025140625 0.6549115484375 0.6372317578125 0.65924598125
42 0.666661003125 0.663580415625 0.6839439171875 0.5914110734375 0.655473525 0.5881004484375 0.636825415625 0.658319596875 0.666661003125 0.663580415625