11 0.2546875 0.15390625 0.1125 0.1390625
10 0.34140625 0.1609375 0.103125 0.14375
9 0.434375 0.16875 0.1015625 0.1421875
8 0.5234375 0.1734375 0.09375 0.1390625
20 0.60546875 0.18203125 0.0890625 0.128125
22 0.6875 0.18359375 0.09375 0.1375
21 0.7765625 0.18828125 0.096875 0.1359375
21 0.86875 0.19453125 0.096875 0.134375
13 0.8328125 0.334375 0.0953125 0.1203125
13 0.74765625 0.32890625 0.096875 0.125
13 0.66171875 0.32578125 0.0890625 0.1203125
14 0.58046875 0.3265625 0.0890625 0.1125
14 0.5046875 0.32265625 0.0765625 0.10625
14 0.4328125 0.31796875 0.08125 0.10625
3 0.36640625 0.3234375 0.0609375 0.0828125
3 0.30703125 0.31953125 0.0640625 0.078125
2 0.24921875 0.3140625 0.0625 0.084375
5 0.8125 0.45703125 0.1078125 0.0703125
4 0.72890625 0.44765625 0.0671875 0.078125
29 0.64375 0.44609375 0.1015625 0.0703125
28 0.565625 0.4390625 0.06875 0.0734375
1 0.4890625 0.43671875 0.09375 0.0671875
0 0.40859375 0.42734375 0.0671875 0.0734375
15 0.4109375 0.52578125 0.08125 0.0828125
23 0.484375 0.528125 0.0765625 0.0875
24 0.3984375 0.615625 0.0640625 0.0734375
24 0.45625 0.61796875 0.0609375 0.0734375
24 0.5140625 0.6234375 0.0640625 0.0734375
26 0.5734375 0.6328125 0.0453125 0.065625
30 0.63359375 0.63671875 0.0625 0.071875
12 0.6953125 0.6390625 0.0609375 0.075
16 0.753125 0.64296875 0.0609375 0.071875
6 0.81484375 0.646875 0.0640625 0.078125
27 0.22734375 0.7703125 0.1015625 0.0625
27 0.22734375 0.8203125 0.0953125 0.05625
25 0.32265625 0.76875 0.0921875 0.0625
25 0.31953125 0.82265625 0.09375 0.059375
25 0.4125 0.78203125 0.09375 0.059375
25 0.41484375 0.725 0.1 0.0625
25 0.41171875 0.83125 0.09375 0.05625
25 0.50234375 0.83515625 0.0890625 0.059375
25 0.50546875 0.78671875 0.09375 0.0578125
25 0.50625 0.73203125 0.1 0.0625
31 0.5921875 0.84140625 0.090625 0.0578125
31 0.6 0.78984375 0.09375 0.0578125
17 0.6796875 0.8515625 0.09375 0.059375
17 0.68984375 0.7984375 0.09375 0.0625
17 0.69765625 0.7421875 0.09375 0.0640625
7 0.77265625 0.85625 0.0953125 0.0609375
7 0.7875 0.80546875 0.1046875 0.0625
36 0.54375 0.534375 0.046875 0.0734375
34 0.590625 0.53671875 0.046875 0.075
38 0.76171875 0.54921875 0.0359375 0.078125
41 0.79609375 0.5515625 0.0359375 0.075
33 0.63046875 0.540625 0.0359375 0.075
35 0.6640625 0.54375 0.0375 0.0765625
18 0.696875 0.53984375 0.034375 0.065625
18 0.7296875 0.54140625 0.0328125 0.0640625