9 0.23324057968749998 0.300762209375 0.330414921875 0.306945334375 0.3086093171875 0.156688509375 0.215456815625 0.1582731875 0.23324057968749998 0.300762209375
13 0.32312661875000004 0.302977228125 0.4096667421875 0.307858025 0.39918495 0.1669696453125 0.3080939359375 0.1654468296875 0.32312661875000004 0.302977228125
14 0.3968194578125 0.3048139359375 0.5067531 0.31250136875 0.5022748 0.1619842859375 0.39704362031249996 0.15704496875 0.3968194578125 0.3048139359375
44 0.5387454921875 0.458806384375 0.582369859375 0.46283891875 0.5845776593750001 0.36580663125 0.5420931890625 0.3632402 0.5387454921875 0.458806384375
40 0.5422506453125 0.3644954734375 0.5033885625 0.3615627265625 0.501043221875 0.4565305390625 0.5391999015625 0.461215590625 0.5422506453125 0.3644954734375
43 0.505453978125 0.360712978125 0.467513384375 0.3582611578125 0.46499649062500004 0.45063343125 0.502659725 0.45474496093749994 0.505453978125 0.360712978125
44 0.4673354359375 0.3597104375 0.43093280468749995 0.356711890625 0.42885443125 0.44950579062499996 0.4654170578125 0.45265371718749997 0.4673354359375 0.3597104375
45 0.43172085468750004 0.3582797828125 0.39729468749999997 0.3551561296875 0.394911253125 0.44644144218750004 0.43030342031249996 0.4496837046875 0.43172085468750004 0.3582797828125
36 0.3617129703125 0.35109229375 0.36001966875 0.44516755156250004 0.3948396578125 0.4475942046875 0.3982979140625 0.35419784375 0.3617129703125 0.35109229375
33 0.36004664375 0.3545337859375 0.3260195859375 0.351431259375 0.32860716874999996 0.4412817734375 0.3613081828125 0.445386828125 0.36004664375 0.3545337859375
37 0.325842346875 0.3525733125 0.295131890625 0.3504619625 0.2981138390625 0.43877781406249994 0.3287557375 0.4410280328125 0.325842346875 0.3525733125
32 0.2938917296875 0.3515542625 0.25604848593749996 0.3489819875 0.266313740625 0.43653267500000004 0.298558284375 0.43966210625 0.2938917296875 0.3515542625
5 0.3687663109375 0.49843338125000003 0.27446286875000003 0.4872692265625 0.27446271875 0.5503274921875 0.3685370703125 0.5628572953125001 0.3687663109375 0.49843338125000003
29 0.468173803125 0.5085647953125 0.3711964765625 0.49665747656250003 0.37055112968750004 0.5604662453125 0.46892996875000004 0.5726958062499999 0.468173803125 0.5085647953125
7 0.47977270625 0.5041809640625 0.47575091093750005 0.572968284375 0.5797943812499999 0.5850641515625 0.5814096625 0.5141712703125 0.47977270625 0.5041809640625
31 0.48197683125 0.6290437828125001 0.4797722390625 0.695830615625 0.581068253125 0.7114628140625 0.58551438125 0.6425743671874999 0.48197683125 0.6290437828125001
24 0.42988311562500003 0.596069796875 0.4289714421875 0.6789619859375 0.48203488906249997 0.6858149515624999 0.4862161953125 0.6033955203125 0.42988311562500003 0.596069796875
23 0.431394890625 0.6902995062499999 0.42986894375 0.6050635796875 0.349145853125 0.583294303125 0.3469058859375 0.6725655875000001 0.431394890625 0.6902995062499999
15 0.30703125 0.62421875 0.1 0.1
27 0.4627258328125 0.8617329984375001 0.554976378125 0.8782840703125 0.5589624078125001 0.815280390625 0.46275312187499995 0.7977843140624999 0.4627258328125 0.8617329984375001
25 0.4531710609375 0.804300128125 0.3592400703125 0.788346440625 0.35981626875 0.8490972921875001 0.45253843125 0.8646183515624999 0.4531710609375 0.804300128125
25 0.3579971078125 0.78538084375 0.2719891671875 0.7659795734375 0.2734819796875 0.82362814375 0.35847323124999997 0.8455367109375 0.3579971078125 0.78538084375
25 0.5072718828125 0.71438123125 0.42171990781249996 0.6992870515625 0.4237818875 0.7323238984375 0.5061006124999999 0.7479428203125 0.5072718828125 0.71438123125