13 0.1671875 0.0921875 0.13125 0.15625
13 0.28515625 0.08671875 0.1203125 0.15625
14 0.40078125 0.078125 0.1125 0.1515625
14 0.51875 0.0765625 0.11875 0.153125
21 0.6296875 0.07578125 0.109375 0.1515625
19 0.74609375 0.071875 0.1328125 0.14375
20 0.87109375 0.06953125 0.1203125 0.1390625
23 0.16015625 0.25859375 0.1 0.1203125
15 0.25703125 0.25546875 0.1125 0.121875
8 0.3671875 0.24453125 0.125 0.14375
9 0.48046875 0.2421875 0.1078125 0.1328125
10 0.5890625 0.23671875 0.11875 0.14375
11 0.70078125 0.23125 0.109375 0.1359375
3 0.78828125 0.2390625 0.084375 0.1078125
2 0.86796875 0.23984375 0.0796875 0.1
1 0.63203125 0.40078125 0.1171875 0.0859375
28 0.5328125 0.39921875 0.0875 0.09375
29 0.43203125 0.409375 0.121875 0.084375
4 0.32734375 0.40625 0.090625 0.1046875
5 0.22421875 0.4171875 0.1328125 0.0890625
12 0.20859375 0.5296875 0.0859375 0.096875
24 0.659375 0.63515625 0.075 0.0796875
24 0.58671875 0.63671875 0.0765625 0.0796875
24 0.51015625 0.640625 0.078125 0.0828125
26 0.4484375 0.646875 0.0546875 0.078125
30 0.38359375 0.64609375 0.075 0.0859375
16 0.3046875 0.65234375 0.084375 0.0828125
6 0.22734375 0.6546875 0.0828125 0.090625
7 0.24609375 0.78515625 0.1234375 0.0703125
7 0.2484375 0.84921875 0.1203125 0.0734375
7 0.26015625 0.9109375 0.109375 0.0609375
17 0.36171875 0.84765625 0.1203125 0.0703125
17 0.3703125 0.90546875 0.115625 0.065625
31 0.4796875 0.840625 0.1109375 0.06875
31 0.484375 0.9 0.1109375 0.065625
31 0.47578125 0.765625 0.1109375 0.0671875
25 0.590625 0.77421875 0.1171875 0.0703125
25 0.596875 0.83828125 0.1140625 0.0640625
25 0.59765625 0.896875 0.1109375 0.065625
27 0.82265625 0.8890625 0.1171875 0.071875
34 0.6078125 0.50546875 0.059375 0.09375
33 0.5578125 0.5078125 0.0421875 0.09375
35 0.5171875 0.5109375 0.04375 0.09375
37 0.47578125 0.5125 0.04375 0.09375
18 0.43515625 0.509375 0.04375 0.0796875
38 0.39453125 0.51640625 0.0421875 0.09375
41 0.35390625 0.51796875 0.0421875 0.096875
42 0.3125 0.52109375 0.0453125 0.09375
41 0.27109375 0.52109375 0.0453125 0.096875