18 0.73203125 0.36640625 0.2359375 0.1
18 0.54375 0.47890625 0.25625 0.075
9 0.38046875 0.22578125 0.1125 0.153125
20 0.5765625 0.225 0.1140625 0.1390625
20 0.6305199890625001 0.14977145 0.62134950625 0.293859021875 0.7218794421875 0.28984631875 0.7259730484375 0.14869430156250002 0.6305199890625001 0.14977145
18 0.25625 0.2265625 0.15 0.140625
14 0.565625 0.3640625 0.1015625 0.1171875
14 0.475 0.36875 0.096875 0.1125
14 0.384375 0.36953125 0.096875 0.1078125
2 0.1765625 0.38046875 0.075 0.090625
0 0.3703125 0.4828125 0.0875 0.0875
4 0.72265625 0.47890625 0.08125 0.084375
5 0.81484375 0.484375 0.1125 0.0671875
45 0.83671875 0.578125 0.0421875 0.08125
40 0.7413752484375 0.5384697375 0.73752186875 0.6215454078125 0.77904616875 0.622502428125 0.7801445515625 0.5386264749999999 0.7413752484375 0.5384697375
37 0.66942540625 0.5390958515625 0.6661078671875 0.622787 0.70352408125 0.6216454390624999 0.70569560625 0.5380838 0.66942540625 0.5390958515625
33 0.59560924375 0.5383646828125 0.5923325796875 0.6230734015625 0.6281022375 0.6235156374999999 0.633636046875 0.5390729953125 0.59560924375 0.5383646828125
34 0.5451145234375 0.540127996875 0.539876928125 0.621852009375 0.591386621875 0.621488890625 0.595011371875 0.540676328125 0.5451145234375 0.540127996875
36 0.5109375 0.58203125 0.059375 0.084375
15 0.3625 0.5796875 0.0875 0.0859375
23 0.44296875 0.58203125 0.0875 0.0859375
24 0.36484375 0.68125 0.071875 0.08125
24 0.4328125 0.68046875 0.0703125 0.0765625
24 0.5 0.67890625 0.0734375 0.0859375
18 0.5890625 0.68203125 0.1078125 0.071875
12 0.68125 0.68125 0.0703125 0.0734375
16 0.74609375 0.6765625 0.071875 0.0796875
6 0.81796875 0.67734375 0.0796875 0.0828125