19 0.147369175 0.2553723546875 0.2526749484375 0.264585415625 0.2572175203125 0.1587585171875 0.1545838109375 0.14977923124999998 0.147369175 0.2553723546875
19 0.2409743078125 0.2635617421875 0.3415998234375 0.272365334375 0.350822653125 0.1669479046875 0.25757386250000003 0.1587896921875 0.2409743078125 0.2635617421875
20 0.3412539671875 0.27631848593749997 0.43953935624999996 0.28491734375 0.44711376875 0.1713888734375 0.349091071875 0.16414080312499998 0.3412539671875 0.27631848593749997
20 0.43309539687500004 0.27771455 0.5359457578125 0.2880405953125 0.5476240015625 0.1815101828125 0.449855728125 0.1716287640625 0.43309539687500004 0.27771455
8 0.5320017375 0.2847985109375 0.6349013703125 0.29211112968749997 0.64385170625 0.1898083078125 0.5485975828125 0.18400955000000002 0.5320017375 0.2847985109375
9 0.6319963875 0.29101201250000003 0.740926075 0.298007225 0.7490475109375 0.1880271875 0.6375066781250001 0.1799585609375 0.6319963875 0.29101201250000003
10 0.73802109375 0.29690810624999997 0.8378690171875001 0.3047987015625 0.847794984375 0.20849599843750002 0.7438721578124999 0.1994039296875 0.73802109375 0.29690810624999997
11 0.836379846875 0.304668415625 0.9452361687499999 0.3125021765625 0.9561158593749999 0.20529835468750002 0.8463337125000001 0.1948486953125 0.836379846875 0.304668415625
13 0.12873603281249998 0.36612266875 0.22411643906249998 0.37362240625 0.23292005 0.27299667968749997 0.12885390000000002 0.2638920703125 0.12873603281249998 0.36612266875
13 0.2238229859375 0.37697659687499996 0.31771421875 0.38434605 0.325175384375 0.2819129421875 0.2301416375 0.27275360000000004 0.2238229859375 0.37697659687499996
13 0.3163717734375 0.38253866875 0.41614633437500004 0.39126781093749996 0.4235341359375 0.2896732515625 0.3268140734375 0.2829012734375 0.3163717734375 0.38253866875
14 0.41331471718749996 0.38933014374999997 0.51294255 0.3997363828125 0.5188411796875 0.2980115375 0.4206541828125 0.29111122031250003 0.41331471718749996 0.38933014374999997
14 0.5101842953125 0.39696016875 0.6098121296875 0.4073664078125 0.6213739953124999 0.3095168953125 0.51881614375 0.3013892125 0.5101842953125 0.39696016875
14 0.6022929031250001 0.40755352499999997 0.7051191734375 0.41570469374999997 0.71883048125 0.3104385375 0.6177117390625 0.303281725 0.6022929031250001 0.40755352499999997
3 0.702654371875 0.4095742875 0.7756238265625 0.41595828749999997 0.7832755265625 0.3456505640625 0.715235684375 0.338007915625 0.702654371875 0.4095742875
3 0.7742080171875 0.41498945468750004 0.8322857484374999 0.42007059843750005 0.8397173562500001 0.3522785171875 0.7834604078125 0.34735667187499997 0.7742080171875 0.41498945468750004
2 0.82796495625 0.41800264374999996 0.9041328468750001 0.42213157343749996 0.9066567578125 0.358979921875 0.8385728531250001 0.3521783859375 0.82796495625 0.41800264374999996
0 0.6170740578125 0.49587822812500004 0.7050819671874999 0.501887990625 0.7170544578125 0.43364821718749996 0.629490290625 0.42598734531250004 0.6170740578125 0.49587822812500004
1 0.5085111906249999 0.484690275 0.623177475 0.494722275 0.6324869796875 0.43976898125 0.515185896875 0.42866150156250005 0.5085111906249999 0.484690275
28 0.429658409375 0.476946584375 0.5130520703125 0.484242584375 0.5172852453125001 0.418705575 0.43861092656249995 0.4118224640625 0.429658409375 0.476946584375
29 0.3127474109375 0.45826853593749994 0.427340334375 0.46913908437499996 0.433598128125 0.41476376718749997 0.31900520625 0.40389321875000006 0.3127474109375 0.45826853593749994
4 0.2379219671875 0.45594698749999996 0.3184106484375 0.46214386875 0.3259156203125 0.3935132421875 0.2472691265625 0.3857875984375 0.2379219671875 0.45594698749999996
5 0.1295791875 0.44224339218750003 0.245734646875 0.452405678125 0.2505766328125 0.397061528125 0.1332581859375 0.3851075609375 0.1295791875 0.44224339218750003
15 0.6154743171875 0.5827697859375001 0.710707996875 0.5919466203125 0.72192495 0.5151910859375 0.628332140625 0.5078477421875001 0.6154743171875 0.5827697859375001
23 0.5349856374999999 0.57657290625 0.6183793 0.58386890625 0.6236395625 0.5065922281249999 0.542013021875 0.49945083125 0.5349856374999999 0.57657290625
36 0.4814354625 0.5680855234375 0.533649575 0.5726536671875 0.5413966078125 0.507688134375 0.4831701171875 0.503174890625 0.4814354625 0.5680855234375
34 0.42760801875 0.5624467703125 0.47997309218749995 0.5676477640625001 0.4844762171875 0.5035989796875 0.43223839062499997 0.49902876249999994 0.42760801875 0.5624467703125
33 0.38594834218749996 0.560660946875 0.42307837968750006 0.5639094046875 0.4320573421875 0.4990129234375 0.39400723593750003 0.49568397031250006 0.38594834218749996 0.560660946875
18 0.34083502656250003 0.54803905625 0.3888856625 0.5522429421874999 0.39245812343750003 0.48625381250000005 0.3499753625 0.48315669375 0.34083502656250003 0.54803905625
39 0.26662875625 0.5409272078125 0.301574671875 0.543984578125 0.3084771140625 0.47766714062500004 0.2704512953125 0.47372067187500005 0.26662875625 0.5409272078125
37 0.30168227187499996 0.542754709375 0.340996425 0.5461942515625 0.346699209375 0.481011140625 0.30862865156249997 0.47768039843750004 0.30168227187499996 0.542754709375
18 0.226276340625 0.5367771859375 0.2656980953125 0.538986859375 0.2724929390625 0.4738992921875 0.23331245625000002 0.47047144531249996 0.226276340625 0.5367771859375
41 0.18805424531249998 0.5334331859375 0.2294987203125 0.53767875 0.2353629015625 0.4706508359375 0.19180434531249999 0.46683995625 0.18805424531249998 0.5334331859375
42 0.15081660937500002 0.5314146 0.189092503125 0.5341436640625 0.19484908750000002 0.46834561875 0.1576734640625 0.4669521 0.15081660937500002 0.5314146
24 0.627459815625 0.6679206828125 0.7016122874999999 0.67564746875 0.7140288296875 0.609192809375 0.6356315312499999 0.602333934375 0.627459815625 0.6679206828125
24 0.559805903125 0.6613820921875 0.627298415625 0.6697654890625 0.6398763578125 0.601466025 0.5647384109375 0.5948923078125 0.559805903125 0.6613820921875
24 0.48892961250000005 0.6539419359374999 0.5607903656250001 0.6627075046875001 0.5665469484375001 0.5969094593750001 0.4946686140625 0.5906209203125 0.48892961250000005 0.6539419359374999
26 0.4465006765625 0.648370959375 0.49231339218750003 0.6529986921875001 0.4973167765625 0.5958097390625 0.4516377828125 0.5918133453125 0.4465006765625 0.648370959375
30 0.3844146640625 0.6410802109375 0.4499382578125 0.6468127828125 0.45264992187499997 0.5906626109374999 0.38402161874999996 0.5846584125 0.3844146640625 0.6410802109375
12 0.2988951328125 0.624923234375 0.3699866234375 0.6299036515624999 0.3726444890625 0.574368415625 0.2985892375 0.567269778125 0.2988951328125 0.624923234375
16 0.22572712187500002 0.6185218625 0.2944730921875 0.6251559984374999 0.301875796875 0.5656983890625 0.2277499171875 0.5592132140625 0.22572712187500002 0.6185218625
6 0.15135945 0.61325481875 0.2233816015625 0.6201755828125 0.22996124375 0.5575477546875 0.15150280625 0.5500638906249999 0.15135945 0.61325481875
7 0.1249235921875 0.6890168578125 0.231891659375 0.6989949921874999 0.234119128125 0.6483792375 0.127317046875 0.63779598125 0.1249235921875 0.6890168578125
7 0.1270643640625 0.740014784375 0.23424763125 0.7475331796875 0.2339143796875 0.7010308828125 0.1302288921875 0.6925792203125 0.1270643640625 0.740014784375
7 0.1252672953125 0.7857110609375 0.23338122343749998 0.7951698046875 0.23637795156250002 0.7483392 0.131655496875 0.7391771734375 0.1252672953125 0.7857110609375
17 0.23652889843749997 0.6963024890625 0.3458962828125 0.7040119703125 0.3466012921875 0.6582201515625 0.24190291562500002 0.64906023125 0.23652889843749997 0.6963024890625
17 0.23424763125 0.7475331796875 0.33695505937500003 0.755899275 0.34208210625 0.7098746921875 0.237437528125 0.700099834375 0.23424763125 0.7475331796875
17 0.23561914218750002 0.7947459546875 0.34176414843749997 0.8015538718749999 0.34563773750000004 0.7572785515625 0.2398488546875 0.7480232234375 0.23561914218750002 0.7947459546875
31 0.339192978125 0.755475425 0.44490758750000003 0.767202821875 0.448996375 0.7204677609375 0.34443096562500003 0.710080190625 0.339192978125 0.755475425
31 0.3395800296875 0.8013627859374999 0.443325715625 0.8104393578125 0.4481299671875 0.7681043843750001 0.3447114546875 0.7571975109375 0.3395800296875 0.8013627859374999
31 0.449383425 0.766355121875 0.55531323125 0.7756227796874999 0.561532340625 0.7296937406249999 0.4536628421875 0.719636740625 0.449383425 0.766355121875
25 0.4431643171875 0.8122841624999999 0.5501861859375 0.8216473625 0.5542211734375 0.7755272375 0.44848173437499994 0.766276234375 0.4431643171875 0.8122841624999999
25 0.5553670312500001 0.7750078453125 0.6643578203125 0.7870218703125 0.6674621468749999 0.738961396875 0.5607638781250001 0.728387225 0.5553670312500001 0.7750078453125
25 0.554554425 0.8220295343749999 0.6593921703125 0.8312016484375 0.6654498796875 0.7871174125 0.5589135265625 0.77469848125 0.554554425 0.8220295343749999
27 0.7828543484375 0.80358539375 0.8952827140625 0.8140412421875001 0.9007863609375001 0.763712115625 0.795182009375 0.7538532890625 0.7828543484375 0.80358539375
27 0.7770118390625 0.8452098859375001 0.886110225 0.8559940421875 0.8942982546874999 0.8127158296875001 0.7831779921875001 0.802994065625 0.7770118390625 0.8452098859375001