19 0.80703125 0.1515625 0.103125 0.1421875
19 0.7046875 0.15234375 0.14375 0.1796875
8 0.584375 0.1734375 0.1359375 0.175
20 0.465625 0.19609375 0.1375 0.171875
9 0.3546875 0.221875 0.125 0.1578125
9 0.25234375 0.24921875 0.1296875 0.1390625
11 0.16640625 0.25859375 0.121875 0.15
11 0.07421875 0.27265625 0.128125 0.1515625
13 0.41875 0.38203125 0.1265625 0.1609375
13 0.52109375 0.36484375 0.1203125 0.159375
14 0.321875 0.3953125 0.1140625 0.15
3 0.24140625 0.42578125 0.08125 0.103125
3 0.14921875 0.43671875 0.09375 0.1078125
2 0.0953125 0.44296875 0.0703125 0.0984375
5 0.8588766874999999 0.528812846875 0.8560316046875001 0.44318343125000004 0.7252719937500001 0.4594427296875 0.7266575390625001 0.5370745953125 0.8588766874999999 0.528812846875
4 0.717871496875 0.5377875999999999 0.7153281046875 0.4412341140625 0.6308312328125 0.45311227656249997 0.640529159375 0.5413904453125 0.717871496875 0.5377875999999999
29 0.6344760093749999 0.5449664453125 0.623480484375 0.46997268593749997 0.50310976875 0.48712446875 0.513267209375 0.5588128296875 0.6344760093749999 0.5449664453125
28 0.515284921875 0.557620809375 0.5014929984375 0.47308540624999995 0.4345148015625 0.4772813828125 0.4499697046875 0.55993919375 0.515284921875 0.557620809375
29 0.447157634375 0.5629437046875 0.434001384375 0.48833090625000003 0.3313885796875 0.50068870625 0.34309190625 0.5729310578125 0.447157634375 0.5629437046875
0 0.341868546875 0.572310559375 0.332970153125 0.49025718749999997 0.2725068796875 0.49853500781250004 0.280080409375 0.5756794453125 0.341868546875 0.572310559375
15 0.3585562625 0.6985393765625 0.3440493234375 0.6099489140625 0.2575709140625 0.6192171875 0.2647222796875 0.703377690625 0.3585562625 0.6985393765625
23 0.4387106671875 0.691931990625 0.4245054953125 0.592417409375 0.3488963171875 0.5999800234375 0.36367213593750003 0.6959648546875 0.4387106671875 0.691931990625
24 0.354538515625 0.7949010296875 0.345736984375 0.7191402734375 0.28180169843749997 0.7241229515625001 0.2969130765625 0.7989042890625 0.354538515625 0.7949010296875
24 0.41810470312500003 0.798744634375 0.4096020921875 0.7195102515625 0.34420015312499996 0.7225225187500001 0.35382367812500004 0.8011847359375001 0.41810470312500003 0.798744634375
16 0.5976394828125 0.783145403125 0.5940766843749999 0.711250203125 0.521530071875 0.7134776109375001 0.5300566718749999 0.7875360703125 0.5976394828125 0.783145403125
30 0.675179665625 0.7783673531249999 0.667976975 0.6961670437499999 0.5943326250000001 0.699785821875 0.5971714765625 0.7804912078124999 0.675179665625 0.7783673531249999
12 0.7969563078124999 0.781525459375 0.7879335968750001 0.6941725812499999 0.704907015625 0.6999475046875 0.7135274609375 0.7839209234375 0.7969563078124999 0.781525459375
6 0.888054578125 0.770935890625 0.8861555890625 0.687800315625 0.801861603125 0.6939633656249999 0.8048597281250001 0.7746584125 0.888054578125 0.770935890625
36 0.50190611875 0.689913684375 0.4817560125 0.5963126609375 0.43041043125 0.603898240625 0.447283475 0.6954400140625 0.50190611875 0.689913684375
34 0.5623652640625 0.6813056484375 0.5487538109375001 0.5886042312499999 0.500627975 0.5949359375000001 0.51322825625 0.6817596265625 0.5623652640625 0.6813056484375
35 0.602844746875 0.6782731140625 0.586347434375 0.5847122046875 0.5496989625 0.5888476078125 0.5643671984374999 0.6823210265624999 0.602844746875 0.6782731140625
33 0.6482119625 0.6771154828125 0.6350165 0.5816039953125001 0.596038771875 0.586659803125 0.6083824703125 0.6786650359374999 0.6482119625 0.6771154828125
37 0.6923443078125 0.674123046875 0.6782647125000001 0.5787674578125 0.6361213218749999 0.5813016390625 0.6500968281249999 0.6774673296875 0.6923443078125 0.674123046875
38 0.7355925203125 0.671286509375 0.7283506328125 0.573356875 0.6875490453124999 0.5756524890625 0.6958800296875001 0.6734996046874999 0.7355925203125 0.671286509375
38 0.7818437328125001 0.6699730046875 0.7775525546875001 0.568102165625 0.732345065625 0.5711726875 0.738478384375 0.672146025 0.7818437328125001 0.6699730046875
41 0.82644395 0.6696347874999999 0.8220357734375 0.56710040625 0.7797901609375 0.568789990625 0.783312740625 0.6731348953125 0.82644395 0.6696347874999999
42 0.8297458046875 0.6676842359374999 0.8755288718750001 0.6637165359375 0.8678189734374999 0.56313268125 0.8248785171874999 0.5659681125 0.8297458046875 0.6676842359374999
26 0.48046875 0.746875 0.09375 0.0828125
25 0.3359022828125 0.9514165671875 0.329405571875 0.890203703125 0.2407605921875 0.8898276984375 0.2473907515625 0.9530466609375001 0.3359022828125 0.9514165671875
25 0.43529540625 0.9708858234375001 0.4272459515625 0.8927443828125 0.328035346875 0.8972724718749999 0.3347520859375 0.9692616781250001 0.43529540625 0.9708858234375001
25 0.54038375625 0.900813971875 0.5334374687500001 0.828928909375 0.4257157203125 0.8316951390625 0.43187385625 0.9027448687499999 0.54038375625 0.900813971875
25 0.5467516906250001 0.977541565625 0.5387839875 0.9079869046875 0.43254982656249996 0.9110795156249999 0.4366687921875 0.978674675 0.5467516906250001 0.977541565625
31 0.5434517421875 0.9103287124999999 0.5467628125 0.9776046453125 0.6540718828125 0.9805462765625 0.6575402921875 0.9799347015625001 0.6534128406249999 0.9082676 0.5434517421875 0.9103287124999999
27 0.2313217140625 1 0.2261892 0.970892065625 0.1408556078125 0.9732583312499999 0.14719416875 1 0.2313217140625 1
25 0.45261114375 1 0.4527106859375 0.972180634375 0.3469268984375 0.9637855406250001 0.35094379375 1 0.45261114375 1