13 0.1666994234375 0.1662521703125 0.2677983421875 0.1943001328125 0.3030445421875 0.048452896875 0.1949053828125 0.023311453125 0.1666994234375 0.1662521703125
13 0.26755869374999997 0.1951945078125 0.36079137656250004 0.219217540625 0.3986616625 0.0731148375 0.2972265578125 0.046893971875 0.26755869374999997 0.1951945078125
14 0.3607853578125 0.2240088734375 0.45258617343749996 0.248606828125 0.49762180625 0.0948381828125 0.39859487968749996 0.0692625875 0.3607853578125 0.2240088734375
14 0.44900952031249997 0.24764846562499998 0.5508273781249999 0.2730133015625 0.5918010421875 0.1248663796875 0.49208351875 0.09718855937500001 0.44900952031249997 0.24764846562499998
14 0.549635159375 0.272693846875 0.6433471359375 0.294928128125 0.6831225640625 0.151253084375 0.5901025140625 0.1272870265625 0.549635159375 0.272693846875
19 0.6395308328125 0.2948641421875 0.7327635171875 0.318887175 0.7636960671875 0.189138703125 0.6778510890625 0.1670952015625 0.6395308328125 0.2948641421875
19 0.7361065421874999 0.31594858124999997 0.83744510625 0.3431021671875 0.88103081875 0.20428244218749997 0.7754194671875 0.1750253765625 0.7361065421874999 0.31594858124999997
20 0.8312503843749999 0.337607940625 0.9285390171874999 0.360800584375 0.97902635625 0.23437462187500002 0.8777349078125001 0.2033993046875 0.8312503843749999 0.337607940625
8 0.15768202656250002 0.31912739375 0.25425171875 0.3450031640625 0.2813559296875 0.22477337187500002 0.18204922343750002 0.200081396875 0.15768202656250002 0.31912739375
9 0.2516276328125 0.34525863125 0.34271552656250004 0.36774837968749996 0.36861548593750004 0.2567818 0.276724628125 0.2331183078125 0.2516276328125 0.34525863125
10 0.34223623124999997 0.36953713125 0.43427669687500003 0.39324071250000003 0.46256109062500006 0.2829130375 0.36592255625000003 0.25797741093750004 0.34223623124999997 0.36953713125
11 0.433563771875 0.39113250625 0.5143949765625 0.41374975 0.5424397234375 0.304316453125 0.4613226390625 0.2835397859375 0.433563771875 0.39113250625
3 0.5129631109375 0.4143246734375 0.576150684375 0.4312557328125 0.5910449234375 0.3470564375 0.5333118484375 0.33446267500000004 0.5129631109375 0.4143246734375
3 0.5754377609375 0.429147528125 0.6371934703125001 0.4466535078125 0.65924101875 0.3643709375 0.5960408421875 0.348395090625 0.5754377609375 0.429147528125
2 0.6374331171875001 0.4457591328125 0.6951388953125 0.45930417187500006 0.7114589812500001 0.3793212875 0.6568583953125 0.3646911046875 0.6374331171875001 0.4457591328125
0 0.5859461515625 0.521964103125 0.65323891875 0.5410602453125 0.6755792515625 0.4788799859375 0.6066890578125 0.4614860140625 0.5859461515625 0.521964103125
1 0.4860620703125 0.49733044218750005 0.5872708390625 0.5223190515625 0.6029810484375 0.4636877515625 0.4985651421875 0.43570959374999996 0.4860620703125 0.49733044218750005
28 0.4171783390625 0.4788731015625 0.4850036578125 0.4959817421875 0.5033699281249999 0.43273663593749995 0.43417263437500003 0.4163254765625 0.4171783390625 0.4788731015625
29 0.31809308125 0.4512581875 0.41876930156250003 0.4782343 0.43369405937499994 0.41193684687500004 0.3340050984375 0.3873554671875 0.31809308125 0.4512581875
4 0.2526508640625 0.43585319531250005 0.31941776875 0.4516131375 0.3348683890625 0.3886518859375 0.26854749375 0.371946353125 0.2526508640625 0.43585319531250005
5 0.14746803125000002 0.4097997390625 0.24973521562499998 0.43613704843749995 0.2691598984375 0.37424064375 0.16042357812500002 0.34616993281249997 0.14746803125000002 0.4097997390625
15 0.5456535734375 0.62657881875 0.6241705328125 0.64693266875 0.6484690125 0.563062171875 0.5699527468750001 0.5433932140625 0.5456535734375 0.62657881875
23 0.47241730156250006 0.60695521875 0.548379503125 0.6266245234375 0.5709748171875 0.5422976640625 0.49584732656249997 0.5235367265625 0.47241730156250006 0.60695521875
36 0.42643173437500004 0.5946334234374999 0.47139454062499997 0.6073658765625 0.49074179687499997 0.5317545953125 0.44234366718749996 0.5187863546875 0.42643173437500004 0.5946334234374999
34 0.3785718234375 0.5824941046875 0.4226830421875 0.594998378125 0.4430530609375 0.5189764375 0.3937918375 0.50577693125 0.3785718234375 0.5824941046875
33 0.34110209999999996 0.5724541234375 0.37516548437499997 0.581581378125 0.3946839171875 0.5053312578125 0.35972038125 0.49664751249999994 0.34110209999999996 0.5724541234375
35 0.3087418875 0.5637832296874999 0.340250515625 0.572225940625 0.360107003125 0.4981205203125 0.32701014375000004 0.48925224375000004 0.3087418875 0.5637832296874999
39 0.24061512031249999 0.5455287171875 0.275192034375 0.5527394546875 0.29419693750000003 0.47840585312500006 0.2561447890625 0.467525103125 0.24061512031249999 0.5455287171875
38 0.20518662499999998 0.5380898000000001 0.23839842187500002 0.5469888734375 0.25485286875 0.468548346875 0.2200274046875 0.45921689218750006 0.20518662499999998 0.5380898000000001
41 0.1692488953125 0.529145021875 0.20331227968749999 0.538272278125 0.22113184062500002 0.4581434125 0.18612712343749999 0.44944863437500004 0.1692488953125 0.529145021875
42 0.13450510468750002 0.51915074375 0.1692488953125 0.529145021875 0.186045696875 0.44942681562500003 0.1518844875 0.44095805312499997 0.13450510468750002 0.51915074375
24 0.5317409843750001 0.71597103125 0.5925458421875 0.7308942296875001 0.6178412953125 0.6671473609375 0.5497170359375 0.6495782265625001 0.5317409843750001 0.71597103125
24 0.475536403125 0.7009110578125 0.5325925687499999 0.7161992125000001 0.552440459375 0.6489385546875 0.49179555781250006 0.6340582125 0.475536403125 0.7009110578125
24 0.413199553125 0.6848926578125 0.47570757812500003 0.70027221875 0.49146442500000004 0.63465419375 0.430805190625 0.6197700125 0.413199553125 0.6848926578125
26 0.3736843078125 0.6756739921875 0.41473154531249995 0.6859878593750001 0.4265513296875 0.6350631484375 0.3892183484375 0.62505980625 0.3736843078125 0.6756739921875
30 0.3161146125 0.6623023578125 0.37521630156249997 0.6767691953125 0.3901172640625 0.61434536875 0.330286196875 0.5996830937500001 0.3161146125 0.6623023578125
12 0.25105183124999997 0.6462382515625 0.3145826203125 0.6612071546875 0.3313622265625 0.595178471875 0.26913284531250004 0.5791888640625 0.25105183124999997 0.6462382515625
16 0.1873541671875 0.62848580625 0.252416946875 0.6445499125 0.2669798546875 0.5799813859375 0.204906509375 0.5633488828125001 0.1873541671875 0.62848580625
18 0.12365649999999999 0.6107333625 0.1893996875 0.6276644890624999 0.2054945890625 0.5641911640624999 0.1343753140625 0.54718893125 0.12365649999999999 0.6107333625
7 0.07198265312499999 0.7865510875 0.1683871859375 0.8082743656250001 0.17645827812499998 0.7577146109374999 0.08029989062500001 0.7353725812499999 0.07198265312499999 0.7865510875
17 0.1718623 0.754429003125 0.26587895625 0.7782512765625 0.280771321875 0.7226722109375 0.18616632500000002 0.70143111875 0.1718623 0.754429003125
17 0.166512840625 0.8084568437499999 0.259172978125 0.82712269375 0.2708172875 0.7802592046875 0.17655585468749999 0.75774075625 0.166512840625 0.8084568437499999
31 0.267582125 0.7787076390625 0.360237965625 0.800795871875 0.3729093328125 0.7500993421875 0.280034009375 0.72589818125 0.267582125 0.7787076390625
31 0.257294334375 0.8307275515624999 0.35063488125000003 0.8502604234375 0.36279271875 0.8014804156249999 0.27178885625000004 0.7805195359375 0.257294334375 0.8307275515624999
25 0.348585059375 0.854504121875 0.43953773125 0.8761359890625 0.4554442609375 0.826991028125 0.3653141890625 0.8062642796875 0.348585059375 0.854504121875
25 0.44157895625 0.8787370546875 0.534915203125 0.90169230625 0.5499701484374999 0.8523191640625001 0.45560764843749996 0.8270348078125 0.44157895625 0.8787370546875
25 0.53286968125 0.9025136249999999 0.6267194578125 0.9235523578124999 0.6426259890625 0.8744073953125 0.55203069375 0.852186578125 0.53286968125 0.9025136249999999
27 0.6262102265625 0.9220464968750001 0.7163070140625 0.9468725656249999 0.735791059375 0.8980014875 0.6431759375 0.873185340625 0.6262102265625 0.9220464968750001