19 0.1109375 0.103125 0.134375 0.1328125
19 0.2265625 0.12265625 0.1484375 0.1296875
20 0.35390625 0.1421875 0.1421875 0.1328125
20 0.48515625 0.16484375 0.1515625 0.1296875
8 0.615625 0.18125 0.1546875 0.140625
9 0.746875 0.2 0.1625 0.1421875
10 0.871875 0.21796875 0.1546875 0.140625
11 0.95703125 0.23203125 0.0859375 0.1453125
18 0.51875 0.30703125 0.421875 0.1421875
3 0.78671875 0.35234375 0.1140625 0.0890625
3 0.878125 0.3671875 0.1015625 0.0875
2 0.9578125 0.38359375 0.084375 0.0796875
13 0.23046875 0.25390625 0.15 0.1234375
13 0.1015625 0.234375 0.14375 0.11875
5 0.11953125 0.35078125 0.15 0.075
4 0.24375 0.36328125 0.103125 0.0828125
29 0.3625 0.38828125 0.15625 0.0765625
28 0.478125 0.403125 0.103125 0.08125
1 0.59609375 0.42578125 0.1515625 0.0765625
0 0.71328125 0.4375 0.1046875 0.08125
15 0.66640625 0.5234375 0.1296875 0.0921875
23 0.55859375 0.5046875 0.1203125 0.090625
36 0.4734375 0.49296875 0.0875 0.08125
34 0.4 0.4828125 0.0859375 0.0796875
33 0.33671875 0.4734375 0.0640625 0.0765625
35 0.2859375 0.46484375 0.0609375 0.078125
37 0.23515625 0.4578125 0.059375 0.078125
41 0.1859375 0.45078125 0.059375 0.0765625
40 0.1375 0.44296875 0.0578125 0.075
44 0.08828125 0.43515625 0.059375 0.078125
45 0.03984375 0.42734375 0.0625 0.078125
6 0.0640625 0.5140625 0.1078125 0.08125
16 0.15234375 0.52890625 0.0984375 0.0796875
12 0.2390625 0.546875 0.1015625 0.075
30 0.3296875 0.55703125 0.0953125 0.071875
26 0.40546875 0.57578125 0.0703125 0.0640625
24 0.484375 0.5796875 0.10625 0.078125
24 0.57578125 0.59453125 0.1015625 0.0765625
24 0.66171875 0.60546875 0.1046875 0.078125
7 0.06171875 0.60859375 0.1234375 0.0671875
7 0.05390625 0.66171875 0.1078125 0.0671875
7 0.04921875 0.70703125 0.0984375 0.0640625
17 0.1734375 0.7296875 0.153125 0.0703125
17 0.16953125 0.6828125 0.1453125 0.065625
17 0.18359375 0.63359375 0.14375 0.06875
31 0.31796875 0.6578125 0.1546875 0.071875
31 0.3125 0.70703125 0.140625 0.0671875
31 0.30546875 0.75078125 0.1421875 0.0640625
25 0.45546875 0.678125 0.1453125 0.06875
25 0.4515625 0.725 0.1453125 0.065625
25 0.4359375 0.76875 0.140625 0.0640625
25 0.578125 0.78984375 0.146875 0.065625
25 0.58984375 0.74453125 0.1421875 0.065625
25 0.59140625 0.696875 0.14375 0.0703125
25 0.71875 0.81015625 0.1484375 0.065625
25 0.72421875 0.76328125 0.1453125 0.0671875
27 0.812708090625 0.75354281875 0.7987887437500001 0.7986694890625 0.9293294953125001 0.8200674671874999 0.9415113890625 0.7738247046875 0.812708090625 0.75354281875
27 0.7844864078125 0.8436676562500001 0.915710584375 0.8630565890625 0.9275920624999999 0.8189513749999999 0.7969912031249999 0.797980903125 0.7844864078125 0.8436676562500001