7 0.65206990625 0.8883998828124999 0.560532396875 0.83101586875 0.54688184375 0.8929270296875 0.632103221875 0.9520263906249999 0.65206990625 0.8883998828124999
7 0.6895400890625 0.8157315140625 0.5878271890625 0.7654934078125 0.5709084984375 0.828618646875 0.6707918671875001 0.8825361781250001 0.6895400890625 0.8157315140625
7 0.615583165625 1 0.6283532953125001 0.9531507953125 0.541111765625 0.8905176421875 0.523406321875 0.94890038125 0.59010829375 1 0.615583165625 1
17 0.5755425296875 0.7645041406249999 0.490922934375 0.71704154375 0.475504503125 0.7804044015625 0.5563301671875001 0.8284173546875 0.5755425296875 0.7645041406249999
17 0.5555778203124999 0.8298492953125001 0.47696831875 0.7808724671875 0.46333364687499995 0.8329731062500001 0.542160559375 0.888750753125 0.5555778203124999 0.8298492953125001
17 0.53954124375 0.8886053171875 0.46633961562500004 0.833414275 0.44761647968749996 0.8933675390625 0.5200488703125 0.9458234421875 0.53954124375 0.8886053171875
31 0.46951488750000003 0.772229396875 0.3937555390625 0.7285106828125001 0.38408668281249997 0.7847028734375 0.4576785140625 0.8298383515625 0.46951488750000003 0.772229396875
31 0.4626352265625 0.8338779890625 0.3870979921875 0.7851099578125 0.3812690265625 0.8413330796875 0.44700264062499995 0.8875329328125 0.4626352265625 0.8338779890625
31 0.39403913749999997 0.72061311875 0.33451102499999996 0.6850354171874999 0.32360936093750003 0.7393006484375 0.38807366249999997 0.7789498109374999 0.39403913749999997 0.72061311875
31 0.38959253125000004 0.7790414234374999 0.3261273671875 0.7379677578125 0.3155824546875 0.7899805390625 0.3784939921875 0.8345789 0.38959253125000004 0.7790414234374999
31 0.33073887343749997 0.6831844390625 0.2733514859375 0.64879585625 0.2660746515625 0.699594546875 0.3226442328125 0.7356843578125 0.33073887343749997 0.6831844390625
31 0.32227091093750004 0.73664905 0.263341703125 0.697429965625 0.2568150546875 0.748347475 0.31218850625 0.7871340390625 0.32227091093750004 0.73664905
27 0.263463865625 0.6465684796875 0.21549120156249998 0.615999934375 0.20830366718749999 0.6662355421874999 0.260729109375 0.6993600546875001 0.263463865625 0.6465684796875
27 0.2624997078125 0.7012215765625001 0.20980392499999997 0.6664731609375 0.203329896875 0.712203871875 0.2523087703125 0.7476686796875 0.2624997078125 0.7012215765625001
6 0.7702015328125 0.682838971875 0.69974670625 0.651172415625 0.6597935515625 0.738356671875 0.733007878125 0.771310459375 0.7702015328125 0.682838971875
16 0.6570605359374999 0.736192146875 0.686136184375 0.65510175 0.6230333015625 0.6257457828125 0.5959376296875 0.7045762265625 0.6570605359374999 0.736192146875
30 0.59650938125 0.7058212593750001 0.6192420484375 0.622151759375 0.5530345390625 0.5967647656249999 0.5318141437499999 0.6724851046875 0.59650938125 0.7058212593750001
24 0.5031149390625 0.6497741234375 0.529585246875 0.56901055 0.4773233484375 0.5504452171875001 0.45103037031250004 0.6242076609375 0.5031149390625 0.6497741234375
24 0.45235225156250003 0.6255715046875 0.475804571875 0.550396721875 0.42659734531250004 0.5308662890625 0.40392919687499995 0.601162196875 0.45235225156250003 0.6255715046875
24 0.40357244375 0.60341464375 0.4250606640625 0.5308216125 0.3761388484375 0.5095980171875001 0.358900034375 0.5795993796875 0.40357244375 0.60341464375
12 0.7818478843750001 0.6425820125 0.8139476625000001 0.54626300625 0.732477075 0.5222014500000001 0.705722165625 0.608589925 0.7818478843750001 0.6425820125
5 0.819614078125 0.5060911390625 0.8496794968750001 0.41779237656249996 0.7197529046875 0.384063271875 0.693622303125 0.4665100171875 0.819614078125 0.5060911390625
4 0.6920328640625 0.46683545937500004 0.7248071031250001 0.36844824374999996 0.6551467953125 0.3501640078125 0.6247144921875 0.44520580625 0.6920328640625 0.46683545937500004
29 0.6161953921875 0.44558826093750004 0.6382256953125001 0.362667515625 0.540270246875 0.342359590625 0.5227113671875 0.419237084375 0.6161953921875 0.44558826093750004
28 0.5221396140625 0.41799205156249997 0.5403135531250001 0.33129491718750004 0.4857568578125 0.31756291718749996 0.4644839015625 0.3984700421875 0.5221396140625 0.41799205156249997
18 0.4655382203125 0.40152320937499997 0.48050595312500005 0.320380065625 0.39363133281249996 0.297199309375 0.3816801640625 0.372656025 0.4655382203125 0.40152320937499997
23 0.8971376187500001 0.3758971875 0.94828188125 0.2444736609375 0.8302045640625 0.22560494531250003 0.777309490625 0.3459507859375 0.8971376187500001 0.3758971875
15 0.7739521671875 0.3477279890625 0.8229740187499999 0.228232490625 0.7299899484375 0.2126186890625 0.6807723234374999 0.3243112140625 0.7739521671875 0.3477279890625
8 0.6771474390625001 0.327777721875 0.7246343937499999 0.1874175078125 0.6231451171875 0.17837905468749998 0.5763769953125 0.3037360078125 0.6771474390625001 0.327777721875
9 0.5761986265625 0.3048621875 0.6159872515625 0.1752573953125 0.5363438625 0.1680944921875 0.506488121875 0.28862599843750003 0.5761986265625 0.3048621875
10 0.49421832656250003 0.2884143546875 0.520694609375 0.16377016718749998 0.45011435625 0.159054984375 0.428919521875 0.2734541578125 0.49421832656250003 0.2884143546875
11 0.428169334375 0.273335340625 0.448405678125 0.1588108875 0.3905857578125 0.151358284375 0.375533646875 0.2609580109375 0.428169334375 0.273335340625
2 0.33828125 0.20859375 0.0796875 0.0953125
20 0.36328125 0.0671875 0.1015625 0.134375
19 0.42945811718750004 0 0.39228535625 0.1309168296875 0.457421775 0.1371927921875 0.5031558234375 0 0.42945811718750004 0
19 0.500472925 0 0.4583503390625 0.136185384375 0.5342928625 0.14705906875000002 0.5752871625 0.0072782359375 0.5127875515625 0 0.500472925 0
42 0.6986642796875 0.49404474531250003 0.6636549109375001 0.48386972500000003 0.6345255234375 0.5783723078125 0.6670911515625 0.59103424375 0.6986642796875 0.49404474531250003
18 0.7126082796875 0.5929280765625 0.738344246875 0.50657921875 0.6989483484375001 0.495087703125 0.6756696921875001 0.5789481796875 0.7126082796875 0.5929280765625
41 0.6314198656250001 0.5769424015625 0.66134360625 0.48305578125000004 0.6304414140625 0.4726685125 0.601388809375 0.56405655 0.6314198656250001 0.5769424015625
38 0.5990957906250001 0.5627553515625 0.6272524125000001 0.47140648125 0.5945967265625 0.462301228125 0.5689198328125 0.5507845687499999 0.5990957906250001 0.5627553515625
39 0.5671297531249999 0.5489377 0.583955603125 0.4586897671875 0.5571267609375 0.451676528125 0.5378147515625 0.5367905765625001 0.5671297531249999 0.5489377
37 0.5366649125 0.5371546390625 0.556117259375 0.4498901328125 0.531963475 0.44060809218749997 0.510976140625 0.5268325484374999 0.5366649125 0.5371546390625
35 0.5096758921875 0.5266266093749999 0.5301602375 0.4401541375 0.5030944859375001 0.4335343375 0.48202086250000004 0.5139920203125 0.5096758921875 0.5266266093749999
33 0.48047285625 0.5132465578125001 0.5005170265625 0.4326467125 0.4755871703125 0.424174896875 0.455279603125 0.504003496875 0.48047285625 0.5132465578125001
36 0.453715725 0.5012544484375 0.47422991249999996 0.41973354374999994 0.43963515781250007 0.40922565312500003 0.41919577812500003 0.4877826859375 0.453715725 0.5012544484375
34 0.4182592546875 0.4873842421875 0.43518992812499996 0.41105030468750003 0.40263962343750004 0.40086478124999997 0.38691259375 0.474915353125 0.4182592546875 0.4873842421875