11 1 0.1393406828125 0.9220683640624999 0.1220872390625 0.8854226265625 0.2648092 0.990843046875 0.2853237796875 1 0.25202219062500003 1 0.1393406828125
10 0.9184929015625001 0.12038064062500001 0.8256766000000001 0.1006519265625 0.7874385375 0.2449286515625 0.887644721875 0.26622813437500004 0.9184929015625001 0.12038064062500001
9 0.826768615625 0.10656371093749999 0.7198711578125 0.08194873124999999 0.6909065 0.2300898046875 0.7927050109375 0.249834521875 0.826768615625 0.10656371093749999
8 0.7201157046875 0.0857871578125 0.6158505515625 0.06078508125 0.5912778484375 0.2060732453125 0.6902767296875 0.2271161078125 0.7201157046875 0.0857871578125
20 0.6168055921875 0.078973703125 0.525652021875 0.057705190625 0.502567165625 0.19005704375000002 0.5959145515625 0.20800541875 0.6168055921875 0.078973703125
20 0.5225196109375 0.0665054921875 0.4333716671875 0.046609899999999996 0.4120194078125 0.1708105234375 0.506574096875 0.18901551875 0.5225196109375 0.0665054921875
19 0.437942340625 0.0475814265625 0.3397795328125 0.0238764421875 0.32147165 0.151564003125 0.4156413171875 0.171580384375 0.437942340625 0.0475814265625
19 0.3392524875 0.01903135625 0.243580278125 0.0015354359374999999 0.22430984375000002 0.1337514578125 0.3263008640625 0.152590484375 0.3392524875 0.01903135625
13 0.3048805109375 0.1688629046875 0.2154379015625 0.1517445140625 0.1981448140625 0.2805943875 0.2866629859375 0.29751628281250003 0.3048805109375 0.1688629046875
13 0.39887999218750003 0.189789721875 0.298549328125 0.170357003125 0.2880628015625 0.2968672109375 0.376003440625 0.3165061828125 0.39887999218750003 0.189789721875
13 0.4912343375 0.20658040781250003 0.40073286093749994 0.1882903375 0.3782255359375 0.3179251140625 0.4685285453125 0.332386553125 0.4912343375 0.20658040781250003
14 0.598902325 0.228519334375 0.4886735 0.207929309375 0.46553640625000003 0.3345903890625 0.5651128203125 0.35291617343750004 0.598902325 0.228519334375
14 0.680825909375 0.246879340625 0.5886871734375 0.23013448281249999 0.5673349156249999 0.3543351078125 0.6590899765625 0.373838246875 0.680825909375 0.246879340625
14 0.7679648734375 0.2644546890625 0.6786051609375 0.24640730624999999 0.657060390625 0.3715136234375 0.7441787484375 0.3890845890625 0.7679648734375 0.2644546890625
3 0.818806275 0.31028599375 0.7558009890624999 0.29878702968750004 0.7383347421875001 0.38689579531249996 0.8085508515625 0.4008740796875 0.818806275 0.31028599375
3 0.8872045515625 0.32766433125 0.8143813249999999 0.31407850000000004 0.805121453125 0.39919852499999997 0.87292295625 0.41266356875000004 0.88841185625 0.3279209515625 0.8872045515625 0.32766433125
2 0.951384146875 0.3403595140625 0.881168034375 0.3263812296875 0.8668864390625 0.4113804671875 0.9332881296875 0.42549458281249997 0.951384146875 0.3403595140625
5 0.31736090156249996 0.361354359375 0.2104446125 0.342070825 0.20263160937500002 0.405812378125 0.3065012125 0.42444832187500003 0.31736090156249996 0.361354359375
4 0.3910413484375 0.3709917296875 0.31900694218750003 0.3548197859375 0.3072487421875 0.42632832499999995 0.3798619578125 0.44090218437499995 0.3910413484375 0.3709917296875
29 0.48997494062499997 0.3965816609375 0.385986590625 0.376371478125 0.37594023125 0.4414454859375 0.481360653125 0.461960065625 0.48997494062499997 0.3965816609375
28 0.559087521875 0.398019428125 0.48927294843749997 0.38317988281250004 0.4753241359375 0.4606769640625 0.546940059375 0.47400617343749996 0.559087521875 0.398019428125
1 0.6606300984375 0.430962309375 0.558193721875 0.4091887859375 0.546940059375 0.47400617343749996 0.6497533625 0.49491320468750005 0.6606300984375 0.430962309375
0 0.7447587640625 0.4270723421875 0.666449565625 0.4104272078125 0.6497533625 0.49491320468750005 0.726828271875 0.51224259375 0.7447587640625 0.4270723421875
15 0.710380571875 0.52240478125 0.6312879859375 0.5049169828125 0.6149991921875 0.5900304984375 0.6995104328124999 0.6079939171875 0.710380571875 0.52240478125
23 0.630612159375 0.5074779375 0.552850575 0.49230150312500004 0.5375243375000001 0.5728865578125 0.61686141875 0.589750175 0.630612159375 0.5074779375
36 0.5545690171875 0.49199061874999994 0.5018338499999999 0.482133715625 0.48592026875 0.5612416234375 0.534487421875 0.5702125875 0.5545690171875 0.49199061874999994
34 0.451236359375 0.473407340625 0.4377656390625 0.550329890625 0.4843330578125 0.5602281 0.4993842796875 0.48093689062499995 0.451236359375 0.473407340625
41 0.268097771875 0.435832334375 0.228365665625 0.4287393171875 0.21745141875 0.5055291109375 0.2523956390625 0.5149851859375 0.268097771875 0.435832334375
33 0.4505842390625 0.46970356718749995 0.4149387203125 0.46255715625000005 0.3999828515625 0.5437126812499999 0.43455563281250004 0.5510613531249999 0.4505842390625 0.46970356718749995
38 0.3019664078125 0.4428469296875 0.26690465625000004 0.43582460312500004 0.253197603125 0.513803346875 0.28739661875 0.5202120171875 0.3019664078125 0.4428469296875
39 0.340739734375 0.4493673421875 0.3031000140625 0.44093649375000005 0.29051425468750003 0.5217352453124999 0.3263595921875 0.5284938515625 0.340739734375 0.4493673421875
35 0.414269046875 0.46241481249999994 0.37909338125 0.4557985484375 0.362578696875 0.5361924609375001 0.3961414328125 0.5428961625000001 0.414269046875 0.46241481249999994
37 0.3269958703125 0.5281988203125 0.3608028875 0.5358150015625001 0.378369596875 0.4565052609375 0.34215049375 0.448806653125 0.3269958703125 0.5281988203125
37 0.254363296875 0.5480430875 0.18649206093749998 0.5361982796875 0.1778114796875 0.6148151562499999 0.2495896640625 0.6279206890625 0.254363296875 0.5480430875
16 0.3212023703125 0.5682740625 0.26207164843749997 0.5557054390625 0.2506872109375 0.6281539796875 0.3120624265625 0.6416299640625 0.3212023703125 0.5682740625
12 0.390276815625 0.5833865687500001 0.3238206265625 0.5701214265625001 0.3103286 0.6416917046874999 0.37479770625 0.654104203125 0.390276815625 0.5833865687500001
30 0.4534167 0.5886320828125 0.39260869375 0.5757069421875001 0.37587151093750004 0.651750778125 0.43641169218750003 0.6637584359375001 0.4534167 0.5886320828125
26 0.49020128906249993 0.6072078375000001 0.44749359687499995 0.5981300375 0.43614917656249996 0.6649934703125 0.48114866718749993 0.6745584078125 0.49020128906249993 0.6072078375000001
24 0.553802571875 0.612981703125 0.48959047812499995 0.59976328125 0.4787785609375 0.6749151828125 0.541426334375 0.6878010984375 0.553802571875 0.612981703125
24 0.620084746875 0.62233735625 0.554385859375 0.6079423484375 0.538157434375 0.6896879421875 0.6057441765625 0.7036236671875 0.620084746875 0.62233735625
24 0.686064653125 0.638513209375 0.61824243125 0.6232365953125 0.6040978531250001 0.70327373125 0.6732434140625 0.7179710734375 0.686064653125 0.638513209375
7 0.22420585937499998 0.6737282796875 0.1266140875 0.65599645625 0.1217599796875 0.7139127734375 0.220229346875 0.73097058125 0.22420585937499998 0.6737282796875
7 0.2230446375 0.73587176875 0.1277089921875 0.7156075515625 0.12098606249999999 0.7688238593750001 0.2156615 0.790238578125 0.2230446375 0.73587176875
7 0.21403962499999998 0.7890332828125 0.116683371875 0.7674790171875 0.11226678906250001 0.8233369421875001 0.2075785046875 0.8444566296874999 0.21403962499999998 0.7890332828125
17 0.3223961125 0.6976112109375 0.22556846875 0.676169303125 0.215974146875 0.7347991687500001 0.3113096078125 0.7585055703125 0.3223961125 0.6976112109375
17 0.31721755156250003 0.7597613421875 0.2219706515625 0.741667378125 0.21437266875 0.7990004671875 0.3101219109375 0.8180617640625 0.31721755156250003 0.7597613421875
17 0.3084352984375 0.817272984375 0.217665315625 0.7997003421875 0.2060671765625 0.8488684453124999 0.3011801375 0.868224771875 0.3084352984375 0.817272984375
31 0.42093638593750005 0.719847425 0.3269404484375 0.70115880625 0.3179824046875 0.759493640625 0.4130078609375 0.779261646875 0.42093638593750005 0.719847425
31 0.4150100359375 0.7801175 0.3189924484375 0.760138609375 0.30946188750000003 0.81577008125 0.40914005312499996 0.8352362171875001 0.4150100359375 0.7801175
31 0.40611640312499997 0.8354540765625 0.308738103125 0.8164767906250001 0.29935880625 0.86869819375 0.397215640625 0.8886377484375 0.40611640312499997 0.8354540765625
25 0.51580955625 0.7998219859375 0.41930689374999996 0.7793097109375 0.40914005312499996 0.8352362171875001 0.5071081359375 0.8573508109375 0.51580955625 0.7998219859375
25 0.5035588671875 0.8574569453124999 0.4067699453125 0.8355929906249999 0.3975018984375 0.8899894296875 0.492177334375 0.911404146875 0.5035588671875 0.8574569453124999
25 0.6166329515625 0.8221132171875001 0.51846003125 0.8012459171874999 0.5068456218749999 0.85858584375 0.6066350359375 0.88022701875 0.6166329515625 0.8221132171875001
25 0.5988057140625 0.878993121875 0.5041017484375 0.858002615625 0.49309987343749995 0.9124607953125 0.5911554625 0.9341637109375001 0.5988057140625 0.878993121875
25 0.719214440625 0.84692953125 0.619283234375 0.826118775 0.60712005 0.8833420578125001 0.7084445390624999 0.90315813125 0.719214440625 0.84692953125
25 0.7008144234375 0.901106021875 0.6024198515625 0.8784704968750001 0.58970789375 0.9355771328125 0.6917799109375 0.9572732109375 0.7008144234375 0.901106021875
27 0.822273209375 0.8641022906250001 0.721482771875 0.841818065625 0.7098683625 0.8991579921874999 0.8085839734375 0.9231525906250001 0.822273209375 0.8641022906250001
27 0.8019878374999999 0.9217505375 0.7020105125 0.8983483109374999 0.6919949359374999 0.9508647453125001 0.790249278125 0.9743310171875 0.8019878374999999 0.9217505375