10 0.44630654999999997 0.2869922453125 0.5210917578125 0.2771744734375 0.4998267078125 0.1548387671875 0.4207947953125 0.1623823296875 0.44630654999999997 0.2869922453125
9 0.523842403125 0.271920803125 0.587547434375 0.2633130140625 0.568908075 0.148017309375 0.49656868281250005 0.15590686874999998 0.523842403125 0.271920803125
8 0.583912903125 0.26401949375 0.6410560796875 0.260462415625 0.622062978125 0.1433478640625 0.561296884375 0.14922033125 0.583912903125 0.26401949375
20 0.6367144359375 0.2575311125 0.70180771875 0.24959726249999997 0.6880401484374999 0.1399612046875 0.62214305 0.14682559687500002 0.6367144359375 0.2575311125
20 0.7043073359375 0.24622745781250002 0.7513991671875 0.2412684 0.731600159375 0.1394113359375 0.686201296875 0.1433086390625 0.7043073359375 0.24622745781250002
19 0.7546298593749999 0.2406404171875 0.8014073421875001 0.234064621875 0.784390690625 0.1350224203125 0.7354619359375001 0.137925590625 0.7546298593749999 0.2406404171875
19 0.8047951687499999 0.2342450140625 0.8526495984375 0.2274598515625 0.8364185453124999 0.13245964375 0.7855077968749999 0.1365821609375 0.8047951687499999 0.2342450140625
2 0.39516154375 0.4036356125 0.45023987656250003 0.3937683875 0.42651671718750006 0.3119695640625 0.3675130640625 0.3226383515625 0.39516154375 0.4036356125
3 0.44976847343750004 0.3913432265625 0.5025359328125 0.38108627031250003 0.48498288125 0.3022827671875 0.43099671875 0.31134644218749996 0.44976847343750004 0.3913432265625
3 0.4996195109375 0.3833310390625 0.550390278125 0.374301121875 0.5391414812499999 0.293433275 0.48525090625 0.3028966203125 0.4996195109375 0.3833310390625
14 0.545255284375 0.39962834687500004 0.6070861125 0.3842539046875 0.5950285640625 0.29347605468750004 0.53818615 0.3020396125 0.545255284375 0.39962834687500004
14 0.6055609171875 0.38790611875000003 0.6672346124999999 0.37172329843749996 0.6522607171875 0.283190171875 0.5920477234375 0.29156998437500004 0.6055609171875 0.38790611875000003
14 0.665080871875 0.37214194375 0.7229184937500001 0.3592215765625 0.7062621859375 0.273532303125 0.6530346046875 0.28181145937499996 0.665080871875 0.37214194375
13 0.7318478078124999 0.359163765625 0.77707709375 0.350372084375 0.7554616046875 0.256418490625 0.705522040625 0.2642724984375 0.7318478078124999 0.359163765625
13 0.7760002218750001 0.35058140625 0.824145846875 0.339544971875 0.80964328125 0.253437053125 0.756914440625 0.2626673265625 0.7760002218750001 0.35058140625
13 0.824145846875 0.339544971875 0.867826778125 0.328537465625 0.85965145 0.24623324375000002 0.80962578125 0.2534693421875 0.824145846875 0.339544971875
0 0.5580794906250001 0.49435030625 0.6111381453125 0.47984208281249996 0.6000925484375 0.41151873749999995 0.5440414984374999 0.425620878125 0.5580794906250001 0.49435030625
1 0.6120578828125 0.4788243828125 0.6775677390625 0.4593790953125 0.6678022921875 0.403390884375 0.6015776796875001 0.41967729218749994 0.6120578828125 0.4788243828125
28 0.6788017421875 0.45997815 0.7207772578125 0.445946396875 0.7113030953125 0.38570693125 0.66579135625 0.39776285625 0.6788017421875 0.45997815
29 0.7240079515625 0.4453184125 0.7783006140625 0.4314092734375 0.7719460687499999 0.3814695125 0.7150519953125001 0.39237980625 0.7240079515625 0.4453184125
4 0.7829224406249999 0.43218872187499996 0.8233727609375 0.4218091828125 0.819417003125 0.3554634296875 0.77519845625 0.36391951875 0.7829224406249999 0.43218872187499996
5 0.8225870859375 0.41776723593750004 0.8725721859375 0.404695403125 0.8722306156249999 0.356942584375 0.8171926796875001 0.37147760625 0.8225870859375 0.41776723593750004
15 0.581109115625 0.595579434375 0.6424455578125 0.571911821875 0.6267551234375001 0.4969408640625 0.567852778125 0.5121738687499999 0.581109115625 0.595579434375
23 0.6393719875 0.5733481203124999 0.6928790578124999 0.5553970171875 0.6750348109375001 0.4808447828125 0.6220793625 0.49639297656250003 0.6393719875 0.5733481203124999
42 0.8628157 0.49196985781249997 0.8797126562500001 0.48630109218750006 0.867739971875 0.42743033906249994 0.8502879625 0.433003109375 0.8628157 0.49196985781249997
41 0.84519628125 0.499368621875 0.8619443703125 0.4929339953125 0.8514275453125 0.43338288125 0.833531365625 0.4387425140625 0.84519628125 0.499368621875
38 0.8259612078125 0.5039023078125 0.843517125 0.49890021874999996 0.8316823796874999 0.43801573437499997 0.8132136515624999 0.4431883296875 0.8259612078125 0.5039023078125
39 0.8095108515625 0.5118686265625 0.8264078015624999 0.50619983125 0.8131806640624999 0.443599053125 0.7944505656249999 0.4488213046875 0.8095108515625 0.5118686265625
34 0.7167155859375 0.5410330875 0.746216246875 0.5321196421875001 0.730799853125 0.46914961406250005 0.7031864750000001 0.4764902609375 0.7167155859375 0.5410330875
33 0.7484691984375 0.53123989375 0.766259128125 0.5248156359375 0.75784385625 0.4611943703125 0.739507009375 0.46732389531249996 0.7484691984375 0.53123989375
35 0.7685380328125 0.52545129375 0.786226953125 0.5185073874999999 0.7746963906250001 0.45549165 0.7579830375000001 0.46070062343749996 0.7685380328125 0.52545129375
37 0.7856356921875001 0.519161621875 0.8050553171875 0.5118812765625 0.7933806531250001 0.44997219531250005 0.7749801953125 0.45571232500000003 0.7856356921875001 0.519161621875
24 0.628858775 0.66562573125 0.6756473265625 0.6476077609375 0.6638005359375 0.5819569375 0.6120872078125 0.6010072625 0.628858775 0.66562573125
24 0.6756473265625 0.6476077609375 0.7174064890625 0.6319402125 0.707578975 0.567269659375 0.6649468984375 0.5847298390625 0.6756473265625 0.6476077609375
6 0.857129315625 0.5745792328125 0.8928494453125 0.560771940625 0.889336975 0.500365090625 0.8445514078125 0.5146605281250001 0.857129315625 0.5745792328125
27 0.5146861515625 0.8779514984375 0.591760859375 0.8416912468750001 0.5834949421875 0.7897587765625 0.5078709171875 0.8236361859375 0.5146861515625 0.8779514984375
27 0.5238520265625 0.934513840625 0.6016792453125 0.8974209249999999 0.5923848078125 0.8401971843749999 0.51863203125 0.8789973156249999 0.5238520265625 0.934513840625
25 0.5987599390625 0.8918107703124999 0.6692813046875 0.85476524375 0.6611440125 0.8034941343750001 0.5928158031249999 0.8371372687499999 0.5987599390625 0.8918107703124999
25 0.66638094375 0.8539561843750001 0.7269720140625 0.8222728609375001 0.7209825859375 0.77264355 0.6635564031250001 0.8010915453124999 0.66638094375 0.8539561843750001
25 0.7271005859375 0.8229343109375 0.78769171875 0.79125095 0.7808211390625 0.7417928625 0.7224993734375 0.76905405625 0.7271005859375 0.8229343109375
17 0.8375811875 0.760961415625 0.8876181015625001 0.7361344453124999 0.8819046703125 0.6926290171875 0.83538116875 0.7145268437500001 0.8375811875 0.760961415625
7 0.8885676437500001 0.6892746453124999 0.9388616843750001 0.6657704703125 0.934653278125 0.6205997187500001 0.8844112578125 0.643255953125 0.8885676437500001 0.6892746453124999
7 0.8918949796875 0.7346166875 0.9391601093749999 0.7096421328125 0.9368424078125 0.6647902 0.8866347234375 0.689986565625 0.8918949796875 0.7346166875