13 0.665625 0.31015625 0.0765625 0.1015625
13 0.59765625 0.31171875 0.071875 0.096875
14 0.5328125 0.3140625 0.071875 0.090625
14 0.46640625 0.315625 0.06875 0.09375
21 0.390625 0.31796875 0.071875 0.0875
21 0.3265625 0.31875 0.0625 0.0875
20 0.2609375 0.31328125 0.0734375 0.1015625
23 0.66875 0.42109375 0.06875 0.071875
15 0.60625 0.4234375 0.0640625 0.06875
8 0.54375 0.41484375 0.0703125 0.0875
9 0.478125 0.41640625 0.0671875 0.0859375
10 0.41484375 0.4203125 0.0640625 0.08125
11 0.35 0.41640625 0.06875 0.0890625
3 0.29765625 0.42890625 0.0421875 0.0640625
2 0.2546875 0.43046875 0.0484375 0.0609375
1 0.4015625 0.51171875 0.0765625 0.0484375
28 0.47265625 0.50625 0.053125 0.059375
29 0.534375 0.51015625 0.0765625 0.0484375
4 0.59921875 0.5046875 0.053125 0.0609375
5 0.66171875 0.50859375 0.078125 0.0484375
12 0.67578125 0.5859375 0.053125 0.0609375
43 0.63828125 0.58359375 0.0296875 0.065625
45 0.5980651156250001 0.6152120546875001 0.6255611984375 0.6147670359374999 0.6262044359375001 0.55238891875 0.6005732218750001 0.55257645 0.5980651156250001 0.6152120546875001
44 0.573210453125 0.5527942078125 0.5721104140625 0.61644438125 0.5978657328125 0.615770178125 0.6009195218750001 0.55257040625 0.573210453125 0.5527942078125
40 0.5458431499999999 0.5527521796875 0.5456023515624999 0.6157381515625 0.5729271234375 0.6159456249999999 0.57320591875 0.5525344249999999 0.5458431499999999 0.5527521796875
35 0.4660854484375 0.5551957765625 0.46694554374999997 0.6165468640625 0.49348878906250004 0.6171977562500001 0.493119453125 0.554723896875 0.4660854484375 0.5551957765625
33 0.44084425781250003 0.5550954078125 0.4407449921875 0.6180180984375 0.46790132812499996 0.617914859375 0.46715264687499997 0.554365715625 0.44084425781250003 0.5550954078125
34 0.40334295468750003 0.5549385625000001 0.4029148453125 0.619286765625 0.44231858593749995 0.6189023671875 0.4419256171875 0.5550765328125 0.40334295468750003 0.5549385625000001
36 0.3593676171875 0.5557061546875001 0.3585517078125 0.6180333265625 0.39758459375 0.617519378125 0.398671209375 0.5558315406250001 0.3593676171875 0.5557061546875001
6 0.671875 0.65859375 0.053125 0.0578125
16 0.62578125 0.65859375 0.046875 0.05625
30 0.58046875 0.659375 0.05 0.0625
26 0.5390625 0.66484375 0.0359375 0.053125
24 0.50078125 0.66015625 0.05 0.0640625
24 0.453125 0.66171875 0.0484375 0.0640625
24 0.4078125 0.66171875 0.046875 0.0609375
7 0.67578125 0.796875 0.0828125 0.0484375
7 0.67421875 0.8421875 0.08125 0.0453125
17 0.59921875 0.7984375 0.0796875 0.046875
17 0.596875 0.84296875 0.078125 0.046875
31 0.5203125 0.8453125 0.0796875 0.0484375
31 0.52265625 0.80078125 0.0796875 0.046875
31 0.52109375 0.75234375 0.084375 0.05
25 0.4390625 0.7515625 0.08125 0.0515625
25 0.440625 0.8 0.084375 0.0515625
25 0.44375 0.846875 0.0796875 0.0515625
25 0.36796875 0.84609375 0.0828125 0.05
25 0.36328125 0.8 0.078125 0.053125
27 0.26796875 0.80390625 0.08125 0.05
27 0.28828125 0.84765625 0.084375 0.0546875