11 0.8234375 0.265625 0.1078125 0.140625
11 0.7328125 0.26484375 0.0984375 0.1390625
9 0.6453125 0.26796875 0.090625 0.1359375
20 0.48203125 0.26875 0.0921875 0.1296875
13 0.2746805671875 0.3388010359375 0.1958497453125 0.33626376874999997 0.20401195312499998 0.44402642812500004 0.2810076875 0.44779591406249997 0.2746805671875 0.3388010359375
13 0.34845649375 0.34319883125 0.2711492796875 0.33861596875 0.27638590937499996 0.447102453125 0.3563072203125 0.4501481140625 0.34845649375 0.34319883125
13 0.43321506562499995 0.3407331453125 0.3477581359375 0.3362545375 0.3545891234375 0.45000565937500003 0.4272886609375 0.45381568124999994 0.43321506562499995 0.3407331453125
14 0.4671875 0.403125 0.0859375 0.1140625
14 0.5453125 0.4046875 0.0859375 0.11875
14 0.62734375 0.4078125 0.0890625 0.1171875
3 0.703125 0.421875 0.071875 0.090625
3 0.76796875 0.4234375 0.0703125 0.0953125
2 0.82890625 0.42578125 0.0640625 0.09375
0 0.64140625 0.521875 0.0703125 0.075
1 0.56328125 0.521875 0.09375 0.065625
28 0.4875 0.5125 0.0625 0.0765625
29 0.4125 0.5140625 0.090625 0.0625
4 0.3390625 0.5015625 0.0625 0.075
5 0.2995432125 0.47949576875 0.21405849531249999 0.4755470578125 0.2161480046875 0.532194909375 0.300456125 0.53639923125 0.2995432125 0.47949576875
15 0.63828125 0.6171875 0.090625 0.0875
23 0.5578125 0.61015625 0.08125 0.084375
24 0.6484375 0.71015625 0.06875 0.0796875
24 0.58671875 0.70625 0.0609375 0.078125
24 0.5265625 0.70390625 0.06875 0.0734375
30 0.43515625 0.69453125 0.065625 0.075
12 0.3765625 0.68984375 0.0578125 0.06875
16 0.3203125 0.6828125 0.05625 0.0703125
6 0.2640625 0.678125 0.0640625 0.075
7 0.2988902859375 0.74908390625 0.215375178125 0.7420730078125 0.22349418124999998 0.7881555046875001 0.3042704203125 0.795315540625 0.2988902859375 0.74908390625
7 0.296014575 0.80395573125 0.21176720468750002 0.7960284359375 0.21630798125 0.8433867765624999 0.297892965625 0.850003853125 0.296014575 0.80395573125
7 0.29826782343749997 0.850295578125 0.212509996875 0.8414111046875 0.2171119609375 0.88760195 0.3003078875 0.8970110953124999 0.29826782343749997 0.850295578125
17 0.3829731703125 0.8587667250000001 0.29906898593750003 0.8517354359375 0.30035276093749996 0.8942403203125 0.38379138749999997 0.9027105671875001 0.3829731703125 0.8587667250000001
17 0.3775165546875 0.8139944515625 0.2951993046875 0.8064609875000001 0.2972260375 0.8524719203125001 0.379272575 0.8623775437500001 0.3775165546875 0.8139944515625
17 0.38070051718750003 0.7588474578125 0.2983832671875 0.7513139890625 0.30366291562500003 0.7966376359375 0.3822510171875 0.8037076953125 0.38070051718750003 0.7588474578125
31 0.4689169609375 0.8676491296875 0.384669590625 0.8597218359375001 0.3842617234375 0.905525178125 0.4695057328125 0.9159710421874999 0.4689169609375 0.8676491296875
31 0.467580628125 0.8187026953125001 0.38093757500000003 0.8118205406250001 0.384312959375 0.85988841875 0.46804703124999997 0.8693595765625 0.467580628125 0.8187026953125001
31 0.46491249375 0.7653902078125 0.379497875 0.7574017390625001 0.38110391250000003 0.8094729640624999 0.468476265625 0.816502090625 0.46491249375 0.7653902078125
25 0.557407346875 0.8782097156249999 0.46926913593749997 0.8700785109375 0.46881961875 0.9165392828125001 0.555287825 0.9260970234375 0.557407346875 0.8782097156249999
25 0.559091884375 0.8311776375000001 0.46849680937500005 0.82525905625 0.47003789218750003 0.8709636828124999 0.55739205 0.8785015890625001 0.559091884375 0.8311776375000001
25 0.563315990625 0.7747807828125 0.47234712187500005 0.768549940625 0.47339662968749996 0.8180399671874999 0.5630348140625 0.8248131421875 0.563315990625 0.7747807828125
25 0.6479339703125 0.8888030921875 0.556667815625 0.880800628125 0.5550936671875 0.9283015875 0.6452112234375 0.9407562015625001 0.6479339703125 0.8888030921875
25 0.65252565625 0.8384112874999999 0.560778628125 0.8321396671875 0.5596245015625 0.880924809375 0.6505963671874999 0.8901133109374999 0.65252565625 0.8384112874999999
25 0.6616354046875 0.7762104265625 0.56911020625 0.7698980203125 0.5689395046875 0.8204141125 0.66042309375 0.8291207203125 0.6616354046875 0.7762104265625
25 0.7478048937499999 0.901635803125 0.6535484390625 0.8911352406249999 0.6515792874999999 0.940599059375 0.746310578125 0.9524826093750001 0.7478048937499999 0.901635803125
27 0.843819003125 0.909887090625 0.7490969828125 0.9008255000000001 0.7470125484375 0.9506471734374999 0.8400207843749999 0.9600278109374999 0.843819003125 0.909887090625
27 0.8516916046875 0.8564478328125 0.7537498546875 0.8492662109375001 0.750456621875 0.9016774968749999 0.8488005984375 0.911611534375 0.8516916046875 0.8564478328125
22 0.39921875 0.2640625 0.0859375 0.128125
21 0.2375 0.2609375 0.1078125 0.1328125
21 0.315625 0.2625 0.1046875 0.13125
25 0.7046875 0.86796875 0.1015625 0.059375
45 0.23046875 0.59375 0.034375 0.075
44 0.2609375 0.59453125 0.034375 0.071875
40 0.290625 0.596875 0.034375 0.0734375
41 0.32109375 0.5984375 0.0359375 0.0734375
37 0.3515625 0.6 0.034375 0.0734375
35 0.3828125 0.6015625 0.0375 0.075
33 0.41328125 0.603125 0.0375 0.0765625
34 0.4515625 0.60546875 0.0484375 0.0765625
36 0.49765625 0.60859375 0.0515625 0.0796875