14 0.73515625 0.31015625 0.1453125 0.184375
13 0.8625 0.32109375 0.1546875 0.1921875
5 0.85 0.63984375 0.1296875 0.0703125
29 0.7296875 0.62421875 0.121875 0.0734375
7 0.61015625 0.61171875 0.128125 0.0734375
31 0.5734375 0.696875 0.1140625 0.065625
15 0.83984375 0.73125 0.109375 0.0859375
23 0.74375 0.72109375 0.0953125 0.084375
24 0.66484375 0.71171875 0.0828125 0.078125
27 0.55234375 0.85546875 0.1078125 0.053125
25 0.67578125 0.8671875 0.1140625 0.0546875
25 0.784375 0.8828125 0.1171875 0.059375
39 0.5703125 0.4890625 0.05 0.0953125
38 0.61484375 0.49375 0.0515625 0.09375
40 0.69025636875 0.4557654609375 0.645597675 0.451353190625 0.630962753125 0.5407476828125 0.67329899375 0.5453816265625 0.69025636875 0.4557654609375
41 0.73402005 0.4601752015625 0.6910075109375 0.4562560390625 0.674488078125 0.54595065 0.717479371875 0.5501769109375 0.73402005 0.4601752015625
42 0.7792706328125 0.4652959421875 0.7369513750000001 0.4621356109375 0.7210063453125 0.55234546875 0.7646931125 0.555702609375 0.7792706328125 0.4652959421875
18 0.8094509953125 0.5468168265625 0.82871761875 0.466717421875 0.7820909734375 0.46304824218749996 0.7683442609375 0.542290453125 0.8094509953125 0.5468168265625
33 0.8814531375 0.47481666875000006 0.8346758281250001 0.4709038109375 0.8089352765625 0.5597916875 0.8525412984375 0.5640717296875 0.8814531375 0.47481666875000006
37 0.9290601640625 0.47956265781249996 0.8832401484375 0.4751526390625 0.8538515484375001 0.5632563609375 0.899835790625 0.5686744546875 0.9290601640625 0.47956265781249996
32 0.9776376062500001 0.48206989062499994 0.930121728125 0.47739424843749995 0.901639603125 0.5692972593750001 0.9476642156249999 0.57425389375 0.9776376062500001 0.48206989062499994