13 0.7609375 0.3296875 0.0765625 0.103125
13 0.68984375 0.32890625 0.0734375 0.0984375
14 0.6140625 0.325 0.071875 0.1015625
14 0.540625 0.325 0.0703125 0.096875
19 0.4703125 0.321875 0.0703125 0.1
19 0.396875 0.321875 0.0796875 0.096875
20 0.31171875 0.315625 0.078125 0.1015625
23 0.74921875 0.446875 0.065625 0.071875
15 0.684375 0.44609375 0.06875 0.0734375
8 0.615625 0.434375 0.075 0.090625
9 0.55078125 0.43515625 0.0625 0.090625
10 0.484375 0.43046875 0.0671875 0.0921875
11 0.415625 0.4296875 0.0703125 0.0953125
3 0.35078125 0.44375 0.05 0.065625
2 0.29921875 0.440625 0.0515625 0.065625
1 0.4609375 0.5328125 0.08125 0.053125
28 0.5265625 0.5296875 0.05 0.0609375
29 0.5921875 0.534375 0.08125 0.0515625
4 0.6671875 0.5296875 0.05625 0.065625
5 0.73671875 0.5375 0.08125 0.053125
12 0.75078125 0.62109375 0.05 0.0625
30 0.61640625 0.69453125 0.05625 0.0625
24 0.49140625 0.6953125 0.05625 0.0609375
24 0.43671875 0.69453125 0.0546875 0.0609375
26 0.56875 0.7 0.0390625 0.0546875
27 0.31328125 0.89453125 0.0828125 0.0515625
27 0.31015625 0.8453125 0.0828125 0.0546875
25 0.39765625 0.89140625 0.0765625 0.0515625
25 0.39453125 0.84453125 0.0796875 0.053125
25 0.47734375 0.890625 0.078125 0.05
31 0.5578125 0.88984375 0.0796875 0.05
31 0.55859375 0.8421875 0.08125 0.05
31 0.56015625 0.79453125 0.0828125 0.0515625
17 0.63828125 0.890625 0.08125 0.05
17 0.63984375 0.8453125 0.0828125 0.0484375
36 0.43828125 0.61484375 0.0421875 0.065625
34 0.4796875 0.615625 0.040625 0.0671875
33 0.5140625 0.61328125 0.0265625 0.065625
35 0.54296875 0.615625 0.0296875 0.065625
37 0.57109375 0.615625 0.028125 0.065625
39 0.6 0.615625 0.0296875 0.065625
38 0.62734375 0.61484375 0.028125 0.065625
41 0.65625 0.61640625 0.0265625 0.065625
42 0.68359375 0.615625 0.0265625 0.065625
40 0.7109375 0.6171875 0.028125 0.065625