19 0.8801320031250001 0.18780360000000001 0.7771219390625 0.186005553125 0.7705777031250001 0.29172754843750004 0.876269628125 0.2935724078125 0.8801320031250001 0.18780360000000001
19 0.776764290625 0.1859993109375 0.6831735609375 0.184365678125 0.6813267453125 0.2901696671875 0.7823212500000001 0.2919325328125 0.776764290625 0.1859993109375
20 0.685189078125 0.181754953125 0.5869457312499999 0.17871715625 0.58261169375 0.292415446875 0.681257490625 0.294137315625 0.685189078125 0.181754953125
20 0.5841937171875 0.17866911875 0.4859281390625 0.178276840625 0.48640694843750004 0.2854443765625 0.5897732484375 0.28592568906250004 0.5841937171875 0.17866911875
8 0.4846986359375 0.1806607484375 0.3893601890625 0.176470971875 0.38756793906250003 0.279148934375 0.49066825156249994 0.282632315625 0.4846986359375 0.1806607484375
9 0.3967000375 0.16733842031249999 0.2849268359375 0.163703653125 0.2815077375 0.27393013125 0.39057189531250003 0.278359490625 0.3967000375 0.16733842031249999
10 0.2888846453125 0.1755590453125 0.18458073749999998 0.17373841406249999 0.18438595625 0.27055110625 0.28451169374999996 0.27314068593749996 0.2888846453125 0.1755590453125
11 0.1874605375 0.1603186140625 0.07718750156250001 0.159235671875 0.076801740625 0.26698945625000003 0.1858805875 0.2705771953125 0.1874605375 0.1603186140625
13 0.893792921875 0.30398082656250003 0.7893451671875 0.302157684375 0.7875822968749999 0.4031524015625 0.8832241359375 0.4056637140625 0.893792921875 0.30398082656250003
13 0.7921337671875001 0.302206359375 0.6966632140625 0.30138179374999996 0.6933763296875 0.4040336671875 0.787523534375 0.40651889218750004 0.7921337671875001 0.302206359375
13 0.6949301921875 0.302193421875 0.5980321078124999 0.2988183015625 0.594759915625 0.4006285515625 0.69490034375 0.40237650937499997 0.6949301921875 0.302193421875
14 0.6007459749999999 0.30054943125 0.502375578125 0.2971486109375 0.4976087515625 0.398932771875 0.5977785625 0.39899748437500004 0.6007459749999999 0.30054943125
14 0.5020474140625 0.3005104 0.399201809375 0.29787334374999996 0.4004722796875 0.3963953703125 0.500642090625 0.3964600828125 0.5020474140625 0.3005104
14 0.40349575781249997 0.2920551421875 0.3021828625 0.2886029609375 0.30481575 0.3947256796875 0.40793075625 0.3973674375 0.40349575781249997 0.2920551421875
3 0.3028761828125 0.3163970703125 0.234410196875 0.3168857515625 0.2346708203125 0.3876081421875 0.3079078515625 0.3888864984375 0.3028761828125 0.3163970703125
3 0.234047990625 0.3185631875 0.1775847515625 0.3175776171875 0.1778894453125 0.38577514062499996 0.2361801453125 0.386792609375 0.234047990625 0.3185631875
2 0.1787334515625 0.31759766875 0.1103115625 0.3172452375 0.1062205015625 0.380314759375 0.182402728125 0.3841701609375 0.1787334515625 0.31759766875
0 0.3789555 0.4128573734375 0.2910702390625 0.41132333125000003 0.2958441453125 0.48044074375 0.383998128125 0.4836632359375 0.3789555 0.4128573734375
1 0.49235419687500004 0.42746494375 0.3745346546875 0.42625027343750005 0.3780489765625 0.481875634375 0.4931357375 0.48388448124999994 0.49235419687500004 0.42746494375
28 0.570269840625 0.418722415625 0.49130702656249997 0.417344115625 0.488666528125 0.4829645921875 0.572365990625 0.484425571875 0.570269840625 0.418722415625
29 0.6900491796875 0.423338809375 0.574947728125 0.42217158593750004 0.575487471875 0.47690314687499996 0.6905889265625 0.4780703703125 0.6900491796875 0.423338809375
4 0.763284834375 0.4128308359375 0.684261625 0.412293359375 0.6845516296875 0.4813325046875 0.7652471359375 0.483582928125 0.763284834375 0.4128308359375
5 0.8767422937499999 0.4240719125 0.7588170015625 0.42369727656249995 0.7578474234375 0.479244371875 0.8744288171875001 0.4812793078125 0.8767422937499999 0.4240719125
15 0.3715505640625 0.494390390625 0.277702878125 0.49191039375 0.28083524375 0.56941794375 0.376506465625 0.5702460109375 0.3715505640625 0.494390390625
23 0.458274534375 0.4950622828125 0.3763486734375 0.4936322625 0.37350250625000003 0.57103545625 0.45720196875 0.5724964359375 0.458274534375 0.4950622828125
36 0.5164058203125 0.5049167 0.4580265375 0.50331889375 0.45894038437500007 0.5687383234375 0.5113459640625 0.5696530671875 0.5164058203125 0.5049167
34 0.5674919265625 0.5061171 0.5150625468750001 0.5052019421875 0.51284608125 0.5693705640625 0.5654679453125 0.569671703125 0.5674919265625 0.5061171
33 0.6058632734375 0.506786875 0.5676736390625 0.506120271875 0.569819884375 0.5715998 0.607086075 0.572250284375 0.6058632734375 0.506786875
18 0.6509633921875 0.4989308078125 0.60838961875 0.49757030156250004 0.6050447671875 0.5635713609375 0.653271603125 0.5644131640625 0.6509633921875 0.4989308078125
39 0.73103815 0.49785900625 0.6928081234375 0.49780907656249995 0.69274069375 0.564484721875 0.727814753125 0.5650969406249999 0.73103815 0.49785900625
37 0.6926560296875001 0.4978064203125 0.6544458703125 0.49713946093750006 0.653303921875 0.5625615953125 0.6927622390625 0.5632503421874999 0.6926560296875001 0.4978064203125
18 0.7683131750000001 0.4985096453125 0.7289890203125 0.49782323906250003 0.7289431375000001 0.563264503125 0.7683799109375 0.5651876296875 0.7683131750000001 0.4985096453125
41 0.8099734953125 0.49923682812500003 0.7662552109375 0.49847372187500005 0.76508094375 0.565747425 0.8067421640625 0.5658572453125 0.8099734953125 0.49923682812500003
42 0.8439056812500001 0.5029160078125 0.8067880484375 0.50041598125 0.805635328125 0.5664553046874999 0.8439868078125 0.5677421109375 0.8439056812500001 0.5029160078125
24 0.35441466250000003 0.5875959828124999 0.27572988593750003 0.5862225359375 0.2811320046875 0.6536110296875 0.3556859328125 0.6536776171875001 0.35441466250000003 0.5875959828124999
24 0.4256972859375 0.5876054703125 0.35028381249999996 0.5862891234375 0.3556536125 0.6555291875 0.42365269687499996 0.6542466046875 0.4256972859375 0.5876054703125
24 0.49582971562499994 0.5906817703125 0.42368780624999997 0.589422528125 0.4225350859375 0.6554618515625 0.494918428125 0.6542557953125 0.49582971562499994 0.5906817703125
26 0.538500175 0.5963656109375 0.4926536796875 0.5955653562500001 0.49165178281250005 0.65296401875 0.537697259375 0.65315036875 0.538500175 0.5963656109375
30 0.606493825 0.5963176875 0.537613865625 0.5951153828125 0.534441384375 0.6512414046874999 0.6002052499999999 0.6523893171874999 0.606493825 0.5963176875
12 0.69327580625 0.5879544250000001 0.618884228125 0.58727329375 0.6157225203125 0.6427821234375 0.686945159375 0.645260075 0.69327580625 0.5879544250000001
16 0.7645692015625001 0.5873467203125 0.69017150625 0.5860481046875 0.6913186453125 0.6459537921875 0.760381475 0.6465419109375 0.7645692015625001 0.5873467203125
6 0.8413549890625 0.5862175109375001 0.7625440765625 0.5854592390625 0.762541284375 0.6484317453124999 0.8348923078125001 0.6490772578125 0.8413549890625 0.5862175109375001
7 0.8562377546875 0.675997096875 0.7489144953125 0.6753585203125 0.7458389750000001 0.7259298296875001 0.8532640578124999 0.7271875640625 0.8562377546875 0.675997096875
7 0.847615453125 0.73017585625 0.7436145265625 0.7277431359375 0.7384222859375 0.773955853125 0.845804278125 0.777682346875 0.847615453125 0.73017585625
7 0.8413258499999999 0.7763694203125 0.736219384375 0.7745347796875001 0.734304565625 0.8214220843750001 0.8428149406250001 0.823316140625 0.8413258499999999 0.7763694203125
17 0.741102165625 0.6752221546875 0.6360198640625 0.6733879359375 0.6319344625000001 0.719002596875 0.74150858125 0.722767353125 0.741102165625 0.6752221546875
17 0.7402079984375 0.72644891875 0.635114925 0.725231890625 0.63540300625 0.77154026875 0.7384222859375 0.773955853125 0.7402079984375 0.72644891875
17 0.7328005234375 0.7738577249999999 0.62662371875 0.7720044015624999 0.62584805625 0.8164420781249999 0.732123209375 0.8207666296875 0.7328005234375 0.7738577249999999
31 0.6327574515625 0.725190740625 0.527679065625 0.7245913453124999 0.5268603109375001 0.7714977828125 0.6332216500000001 0.7708848140625 0.6327574515625 0.725190740625
31 0.6275533984375 0.7720206296875001 0.5235613453125 0.772057575 0.5239140671875 0.8146628140625 0.628040184375 0.8164803421875 0.6275533984375 0.7720206296875001
31 0.5231250281250001 0.7232771 0.41479520625 0.722003571875 0.4161793546875 0.7683310828125001 0.5224976 0.7701868734375 0.5231250281250001 0.7232771
25 0.5234025984375 0.7702026703125 0.4172754171875 0.7683502140625 0.41646743593749996 0.8146394593749999 0.5238817484375 0.8165143828125 0.5234025984375 0.7702026703125
25 0.415696028125 0.720784540625 0.3084769609375 0.72014778125 0.30654059375 0.7682694640625 0.41619012812499995 0.76771389375 0.415696028125 0.720784540625
25 0.41269539687499995 0.7670355140625 0.3054445296875 0.7682503328125 0.306860996875 0.812726271875 0.41208317812499995 0.8145629328125 0.41269539687499995 0.7670355140625
27 0.17990013437500002 0.7216077328125 0.073843765625 0.720373890625 0.0740564375 0.7710025968750001 0.1869618421875 0.772355990625 0.17990013437500002 0.7216077328125
27 0.1867017828125 0.771734071875 0.075174046875 0.7697873484375 0.0787934171875 0.8136843624999999 0.1884214015625 0.8143631687499999 0.1867017828125 0.771734071875