13 0.18359375 0.1328125 0.1078125 0.1328125
13 0.2734375 0.1234375 0.090625 0.140625
14 0.36171875 0.12421875 0.0984375 0.1375
14 0.459375 0.115625 0.103125 0.1453125
19 0.55390625 0.11484375 0.09375 0.1390625
19 0.64296875 0.11328125 0.0921875 0.1328125
22 0.740625 0.10703125 0.096875 0.1421875
20 0.83828125 0.10390625 0.1 0.1421875
23 0.2125 0.29296875 0.0921875 0.1
15 0.29921875 0.29609375 0.0875 0.0875
8 0.37890625 0.2828125 0.0921875 0.1109375
9 0.46796875 0.27109375 0.0953125 0.134375
10 0.5671875 0.265625 0.1015625 0.1359375
11 0.6609375 0.2671875 0.0890625 0.125
3 0.73828125 0.27734375 0.071875 0.090625
2 0.81171875 0.2875 0.0734375 0.0734375
5 0.2515625 0.41328125 0.1109375 0.075
4 0.34140625 0.403125 0.06875 0.0828125
29 0.4265625 0.4078125 0.1078125 0.0703125
28 0.51328125 0.40078125 0.065625 0.0765625
1 0.60390625 0.4046875 0.109375 0.071875
12 0.240625 0.521875 0.065625 0.075
6 0.2484375 0.615625 0.06875 0.0734375
16 0.31796875 0.61484375 0.065625 0.071875
30 0.38515625 0.6109375 0.06875 0.0796875
26 0.4390625 0.61484375 0.0453125 0.0671875
24 0.49296875 0.60859375 0.0671875 0.08125
24 0.56328125 0.60390625 0.0671875 0.0796875
24 0.6296875 0.603125 0.06875 0.0765625
7 0.27578125 0.8390625 0.096875 0.0578125
7 0.26875 0.7875 0.1 0.05625
7 0.27265625 0.71171875 0.096875 0.0609375
17 0.3734375 0.8375 0.0984375 0.059375
17 0.365625 0.7828125 0.0984375 0.0578125
17 0.3671875 0.70390625 0.0921875 0.0625
31 0.4703125 0.83671875 0.0984375 0.05625
31 0.46484375 0.78359375 0.1 0.0609375
31 0.4640625 0.72421875 0.1015625 0.0609375
25 0.56640625 0.83359375 0.096875 0.0578125
25 0.66484375 0.83203125 0.0984375 0.0609375
25 0.565625 0.77734375 0.0984375 0.059375
25 0.66328125 0.77578125 0.096875 0.0609375
25 0.5609375 0.70625 0.0953125 0.0609375
27 0.7640625 0.8296875 0.0984375 0.0578125
36 0.63828125 0.50390625 0.0484375 0.08125
34 0.5875 0.50546875 0.05 0.08125
33 0.5421875 0.50703125 0.0375 0.08125
35 0.50703125 0.50703125 0.0359375 0.08125
37 0.46953125 0.50859375 0.0375 0.08125
39 0.43515625 0.509375 0.0375 0.08125
38 0.4 0.5109375 0.0375 0.08125
41 0.3640625 0.51171875 0.0390625 0.08125
42 0.32734375 0.51328125 0.0375 0.08125
40 0.312851015625 0.5521472171874999 0.3039118203125 0.47299501875 0.26839845625000003 0.47530419999999995 0.2786919046875 0.5533400796875 0.312851015625 0.5521472171874999