13 0.20078125 0.14453125 0.1375 0.15625
13 0.3 0.16875 0.1265625 0.1515625
14 0.39609375 0.17890625 0.1359375 0.1734375
14 0.4984375 0.20234375 0.13125 0.175
14 0.6 0.22890625 0.1328125 0.1625
19 0.69921875 0.25 0.128125 0.1609375
19 0.80625 0.27109375 0.14375 0.171875
20 0.9203125 0.29375 0.1484375 0.18125
8 0.17578125 0.2984375 0.1359375 0.1515625
9 0.275 0.32734375 0.121875 0.1484375
10 0.37734375 0.3484375 0.1296875 0.1421875
11 0.4765625 0.37421875 0.1140625 0.1359375
3 0.5515625 0.40625 0.08125 0.1015625
3 0.615625 0.421875 0.08125 0.1
2 0.67734375 0.43515625 0.0765625 0.096875
0 0.6265625 0.5375 0.08125 0.0921875
1 0.5375 0.52890625 0.1203125 0.08125
28 0.4453125 0.496875 0.0875 0.09375
29 0.35546875 0.48359375 0.1203125 0.0875
4 0.265625 0.45703125 0.0890625 0.0890625
5 0.165625 0.44140625 0.128125 0.0875
15 0.5921875 0.640625 0.1015625 0.103125
23 0.51328125 0.62265625 0.0953125 0.1
24 0.5703125 0.734375 0.0765625 0.0703125
24 0.50625 0.71875 0.0734375 0.071875
24 0.44375 0.70546875 0.0765625 0.071875
26 0.3921875 0.69296875 0.0484375 0.0625
30 0.340625 0.6796875 0.0734375 0.0703125
12 0.27734375 0.66640625 0.0734375 0.071875
16 0.20625 0.653125 0.0828125 0.078125
6 0.14375 0.6375 0.071875 0.06875
27 0.6890625 0.9359375 0.1140625 0.071875
25 0.58984375 0.90859375 0.1109375 0.0765625
25 0.4921875 0.8875 0.109375 0.075
25 0.39609375 0.8625 0.1046875 0.075
31 0.2984375 0.84453125 0.1078125 0.0734375
31 0.3203125 0.75703125 0.103125 0.06875
17 0.203125 0.81796875 0.1078125 0.0703125
7 0.10234375 0.79453125 0.1171875 0.078125
36 0.44921875 0.6109375 0.065625 0.0875
34 0.396875 0.6 0.0671875 0.0890625
33 0.35832670625 0.6318636359375 0.372100646875 0.5516779875 0.34052001718749997 0.544387025 0.3233407890625 0.6237865 0.35832670625 0.6318636359375
37 0.28279364375 0.6148574 0.302112225 0.5355198875 0.26681627343750003 0.526939228125 0.24954236875000002 0.6067487921875 0.28279364375 0.6148574
39 0.2449797765625 0.6065593265625 0.2626277875 0.5294278109375 0.22952765625 0.521354096875 0.2122751546875 0.5985769234375 0.2449797765625 0.6065593265625
38 0.21099249062499997 0.599144690625 0.22135619062499998 0.5186036734374999 0.1888125640625 0.5106584390625 0.1745559609375 0.5898687625 0.21099249062499997 0.599144690625
41 0.1717280109375 0.5896478234375 0.186099225 0.5091681234375 0.15173470312499998 0.50166639375 0.139380690625 0.5826118046875 0.1717280109375 0.5896478234375
18 0.31328125 0.5734375 0.05 0.0734375
18 0.13046875 0.5328125 0.0421875 0.0734375