11 0.240625 0.27421875 0.071875 0.1046875
10 0.3125 0.26640625 0.078125 0.1078125
9 0.38359375 0.2625 0.0734375 0.1125
8 0.45625 0.26328125 0.0734375 0.1046875
20 0.5265625 0.25859375 0.0734375 0.109375
22 0.60078125 0.2546875 0.071875 0.10625
19 0.68046875 0.24765625 0.0828125 0.1109375
19 0.76171875 0.24375 0.0765625 0.1125
14 0.37890625 0.3828125 0.0703125 0.096875
14 0.4515625 0.38203125 0.0703125 0.1
13 0.5953125 0.37578125 0.075 0.1
13 0.66875 0.37265625 0.0734375 0.0984375
13 0.74609375 0.36796875 0.0796875 0.1
0 0.37578125 0.4859375 0.0546875 0.065625
1 0.4484375 0.4890625 0.084375 0.05625
28 0.51640625 0.4828125 0.0546875 0.0671875
29 0.5859375 0.484375 0.084375 0.05625
5 0.7484375 0.4765625 0.090625 0.05625
15 0.3875 0.57265625 0.06875 0.071875
23 0.4546875 0.56875 0.065625 0.075
24 0.38671875 0.659375 0.0578125 0.06875
26 0.5140625 0.66015625 0.040625 0.05625
30 0.56328125 0.65625 0.0578125 0.0640625
12 0.621875 0.65625 0.053125 0.0671875
16 0.6765625 0.65625 0.0546875 0.0640625
6 0.73359375 0.65390625 0.059375 0.0671875
27 0.2625 0.83828125 0.08125 0.05
27 0.25859375 0.79296875 0.0828125 0.0515625
25 0.340625 0.79609375 0.08125 0.053125
25 0.33984375 0.83984375 0.0796875 0.0421875
25 0.41875 0.8390625 0.0765625 0.0484375
25 0.421875 0.7921875 0.08125 0.05625
25 0.496875 0.83984375 0.08125 0.0546875
25 0.50390625 0.7921875 0.0828125 0.0546875
31 0.5875 0.84296875 0.08125 0.046875
31 0.5875 0.8 0.0875 0.0515625
31 0.584375 0.740625 0.0828125 0.053125
17 0.66640625 0.8390625 0.0796875 0.046875
17 0.66953125 0.7953125 0.0796875 0.05
17 0.67109375 0.746875 0.0890625 0.05625
7 0.74921875 0.84140625 0.084375 0.0515625
7 0.75234375 0.79453125 0.0890625 0.046875
7 0.7578125 0.74453125 0.090625 0.05625
36 0.509375 0.56875 0.040625 0.0671875
34 0.54921875 0.56796875 0.040625 0.06875
33 0.584375 0.565625 0.03125 0.065625
35 0.6171875 0.565625 0.0296875 0.0671875
37 0.64765625 0.56484375 0.03125 0.065625
39 0.6765625 0.56328125 0.0296875 0.0671875
41 0.75194628125 0.594659928125 0.7532416609375 0.52860225625 0.7241186578125001 0.5303913296875 0.726301734375 0.59709960625 0.75194628125 0.594659928125
42 0.781783359375 0.5943900703125 0.7850942187500001 0.527103903125 0.7579812718750001 0.527278634375 0.752960753125 0.5942384640625 0.781783359375 0.5943900703125
18 0.70625 0.55703125 0.03125 0.059375
18 0.45625 0.6609375 0.0828125 0.059375
18 0.66484375 0.47890625 0.075 0.0578125
18 0.52265625 0.37890625 0.075 0.0984375
18 0.290625 0.384375 0.1109375 0.096875