19 0.58046875 0.271875 0.1828125 0.2140625
14 0.71171875 0.259375 0.1515625 0.215625
13 0.865625 0.2765625 0.1984375 0.2171875
31 0.540625 0.72265625 0.11875 0.0546875
24 0.64296875 0.721875 0.0875 0.075
23 0.73125 0.7234375 0.109375 0.071875
7 0.57421875 0.6171875 0.1359375 0.06875
29 0.70859375 0.61640625 0.1328125 0.0703125
5 0.84453125 0.62890625 0.1546875 0.06875
27 0.53828125 0.86328125 0.1078125 0.04375
39 0.50859375 0.47890625 0.0484375 0.10625
38 0.5609375 0.48125 0.053125 0.10625
40 0.6439148390625 0.43112069999999997 0.594279359375 0.4294678703125 0.5870132359375 0.5371636984375 0.6345660015625 0.5386676421875001 0.6439148390625 0.43112069999999997
41 0.6944268874999999 0.43116051093749996 0.6445361765625 0.43034510625 0.6381439624999999 0.5394039765625 0.6875268671875 0.5389181703125 0.6944268874999999 0.43116051093749996
42 0.7404290046875001 0.5425371578125 0.758287375 0.438168353125 0.7072631390625 0.43683115 0.691990565625 0.5403438734375 0.7404290046875001 0.5425371578125
35 0.7906623015625 0.544761771875 0.8189135859375 0.43754282968749997 0.762019 0.4371130234375 0.7413499515625 0.54120544375 0.7906623015625 0.544761771875
33 0.84626303125 0.54807050625 0.87499238125 0.440205446875 0.8194968359375 0.43573728906250003 0.795179271875 0.543135496875 0.84626303125 0.54807050625
37 0.9000978749999999 0.5496840796875 0.9322521015625 0.4395211609375 0.8778071375 0.4381028890625 0.8471604609375 0.548086171875 0.9000978749999999 0.5496840796875
32 0.9530000109375001 0.5533030671875 0.9938976421874999 0.44480658437500004 0.9396837078125 0.44187850937500006 0.9009835453124999 0.5503734453125 0.9530000109375001 0.5533030671875
25 0.7239538015625 0.86924045625 0.7290570578125 0.8266062640625 0.618878603125 0.8202339468750001 0.6127648812500001 0.8619085171875 0.7239538015625 0.86924045625
25 0.708050465625 0.9060269015625 0.72045269375 0.86939190625 0.6145597406250001 0.8619398468749999 0.6067452359375001 0.898193575 0.708050465625 0.9060269015625
25 0.8333713140624999 0.8751936828125 0.8479329359375001 0.8328906453125 0.735487446875 0.8256388203125 0.723079890625 0.8678774125000001 0.8333713140624999 0.8751936828125
25 0.8174397140625 0.913603209375 0.8269113203125 0.8796689390625 0.7203709625 0.8687797937499999 0.70984058125 0.90633391875 0.8174397140625 0.913603209375