11 0.28203125 0.05859375 0.1203125 0.1171875
10 0.375 0.07421875 0.109375 0.1328125
9 0.4625 0.09765625 0.1125 0.134375
8 0.55390625 0.1140625 0.11875 0.1484375
20 0.64140625 0.1484375 0.1078125 0.125
20 0.72734375 0.16875 0.109375 0.13125
21 0.81640625 0.1921875 0.1125 0.1328125
21 0.9078125 0.21328125 0.1109375 0.1359375
13 0.88203125 0.3453125 0.1125 0.11875
13 0.7921875 0.32265625 0.10625 0.11875
13 0.70546875 0.3 0.1078125 0.115625
14 0.61171875 0.27734375 0.109375 0.1171875
14 0.52578125 0.2515625 0.1046875 0.1140625
14 0.44140625 0.23046875 0.1078125 0.115625
3 0.36484375 0.221875 0.08125 0.0921875
2 0.303125 0.203125 0.0796875 0.0921875
2 0.2421875 0.190625 0.0828125 0.0921875
0 0.37890625 0.3546875 0.0890625 0.096875
1 0.46484375 0.384375 0.1171875 0.0890625
28 0.55234375 0.39921875 0.0875 0.0984375
29 0.63671875 0.428125 0.1203125 0.0890625
4 0.73203125 0.44375 0.090625 0.096875
5 0.8265625 0.4734375 0.1234375 0.0953125
23 0.4421875 0.48046875 0.0984375 0.0953125
15 0.36171875 0.46171875 0.09375 0.09375
24 0.325 0.578125 0.0859375 0.0984375
24 0.39453125 0.59296875 0.0875 0.1015625
24 0.4609375 0.60859375 0.084375 0.1015625
26 0.51328125 0.6296875 0.0578125 0.08125
30 0.5703125 0.640625 0.084375 0.0921875
12 0.64375 0.659375 0.09375 0.1
16 0.71171875 0.6734375 0.0796875 0.0953125
6 0.77890625 0.6875 0.0859375 0.096875
27 0.06640625 0.79765625 0.128125 0.0984375
27 0.08828125 0.7296875 0.1296875 0.096875
25 0.20859375 0.75546875 0.1265625 0.096875
25 0.1890625 0.82578125 0.125 0.09375
25 0.31953125 0.78203125 0.125 0.0953125
25 0.3 0.85234375 0.125 0.0953125
25 0.4109375 0.87734375 0.1265625 0.0984375
25 0.4296875 0.80546875 0.125 0.0953125
31 0.51953125 0.90390625 0.125 0.096875
31 0.54140625 0.83515625 0.1265625 0.0984375
31 0.56171875 0.76484375 0.121875 0.09375
17 0.62890625 0.93203125 0.1234375 0.0953125
17 0.6484375 0.8625 0.125 0.0953125
17 0.66875 0.79453125 0.121875 0.0921875
7 0.7390625 0.95546875 0.128125 0.0890625
7 0.75703125 0.890625 0.1265625 0.09375
7 0.7734375 0.81953125 0.121875 0.09375
36 0.5078125 0.4953125 0.0640625 0.0859375
34 0.5609375 0.50859375 0.0640625 0.0859375
33 0.609375 0.5203125 0.0515625 0.084375
35 0.64765625 0.53125 0.053125 0.084375
37 0.6859375 0.540625 0.053125 0.084375
39 0.725 0.54921875 0.0515625 0.084375
38 0.7609375 0.56015625 0.053125 0.0859375
42 0.845862409375 0.6211493265625 0.8630242265625 0.5447030046875 0.8296846140625 0.5355439765625001 0.8119538421874999 0.611858946875 0.845862409375 0.6211493265625
41 0.8080130765625 0.612045628125 0.8289554359375 0.53610661875 0.7966131468750001 0.5268123484375 0.7753319484375 0.603769609375 0.8080130765625 0.612045628125