19 0.453125 0.24765625 0.096875 0.146875
14 0.35546875 0.2484375 0.103125 0.1515625
13 0.24375 0.2453125 0.128125 0.159375
9 0.134375 0.24609375 0.1203125 0.159375
5 0.20859375 0.56640625 0.11875 0.071875
29 0.3203125 0.5609375 0.1109375 0.0671875
7 0.43125 0.5609375 0.1140625 0.065625
31 0.45859375 0.66796875 0.1046875 0.0671875
24 0.3703125 0.66640625 0.071875 0.075
23 0.296875 0.6609375 0.0859375 0.0890625
15 0.2125 0.66328125 0.0890625 0.0890625
27 0.46640625 0.84453125 0.1046875 0.053125
27 0.46171875 0.79140625 0.1046875 0.0578125
25 0.33984375 0.85 0.1109375 0.059375
25 0.2296875 0.8546875 0.1125 0.0578125
25 0.34140625 0.7890625 0.1078125 0.059375
25 0.2359375 0.79375 0.1109375 0.0609375
39 0.5022721156250001 0.4660045515625 0.4944767375 0.3730194421875 0.45757773437499993 0.374177996875 0.4652584734375 0.4671651078125 0.5022721156250001 0.4660045515625
38 0.462498103125 0.46618432812500005 0.4540260984375 0.3737255109375 0.41506020625 0.3749201421875 0.42480783281249995 0.4678711765625 0.462498103125 0.46618432812500005
40 0.4213977671875 0.4689596625 0.41014743749999993 0.374491415625 0.37116216562500004 0.37517190624999996 0.3843751484375 0.4696058953125 0.4213977671875 0.4689596625
41 0.38024356875 0.4686490484375 0.3690022140625 0.374695125 0.33275025937499997 0.3753279046875 0.342562278125 0.47085022499999996 0.38024356875 0.4686490484375
42 0.3384217203125 0.46937905156250004 0.327892903125 0.3769561359375 0.2902596625 0.3776130265625 0.300713496875 0.47003725156250004 0.3384217203125 0.46937905156250004
35 0.29660885000000003 0.4706233796875 0.284023221875 0.37823636562499996 0.24569381250000003 0.3789054078125 0.256852790625 0.47183180625 0.29660885000000003 0.4706233796875
33 0.256176165625 0.4723581 0.24286004375 0.377411428125 0.2038351171875 0.3780926109375 0.2164021515625 0.472537875 0.256176165625 0.4723581
37 0.2122885265625 0.472609678125 0.1989903625 0.37869165625 0.15719401093750002 0.3783922515625 0.17253246718749998 0.47381810625 0.2122885265625 0.472609678125