19 0.21015625 0.0859375 0.109375 0.1390625
19 0.31328125 0.0921875 0.1140625 0.1453125
20 0.41875 0.10234375 0.1125 0.1453125
20 0.52421875 0.11015625 0.109375 0.146875
8 0.6296875 0.1171875 0.1125 0.1515625
10 0.8265625 0.13125 0.109375 0.1515625
11 0.92578125 0.14453125 0.1 0.1390625
13 0.2046875 0.25078125 0.1109375 0.140625
13 0.3078125 0.25546875 0.103125 0.140625
13 0.4 0.26328125 0.0984375 0.1375
14 0.4953125 0.27109375 0.1046875 0.1359375
14 0.59140625 0.28046875 0.1 0.134375
14 0.684375 0.28359375 0.09375 0.134375
3 0.76015625 0.3125 0.071875 0.090625
3 0.82578125 0.3171875 0.071875 0.090625
2 0.8953125 0.3203125 0.0734375 0.0953125
5 0.225 0.3953125 0.1203125 0.078125
4 0.31875 0.3921875 0.075 0.0921875
29 0.4078125 0.40625 0.1140625 0.0796875
0 0.69453125 0.421875 0.0765625 0.0875
15 0.68125 0.5375 0.0875 0.1
23 0.5921875 0.528125 0.0890625 0.1015625
36 0.52109375 0.5265625 0.0546875 0.090625
35 0.3828125 0.51640625 0.0421875 0.0890625
41 0.228125 0.50625 0.046875 0.0921875
39 0.27109375 0.5078125 0.04375 0.0890625
6 0.21015625 0.6125 0.0734375 0.0875
16 0.28125 0.6171875 0.0734375 0.0859375
12 0.3515625 0.62421875 0.0703125 0.0765625
30 0.4265625 0.6328125 0.071875 0.0796875
26 0.49140625 0.63984375 0.05625 0.078125
24 0.5546875 0.63671875 0.0703125 0.084375
24 0.6203125 0.63984375 0.0671875 0.084375
24 0.6875 0.64609375 0.075 0.0796875
17 0.29453125 0.85859375 0.1109375 0.0671875
17 0.30234375 0.79453125 0.1109375 0.06875
17 0.30703125 0.728125 0.1109375 0.0734375
7 0.19140625 0.85 0.1078125 0.0671875
7 0.1953125 0.78984375 0.1109375 0.06875
7 0.1953125 0.725 0.1140625 0.0734375
31 0.40234375 0.86328125 0.1078125 0.06875
31 0.409375 0.80390625 0.1078125 0.0671875
25 0.51015625 0.8703125 0.109375 0.071875
25 0.51484375 0.8078125 0.1078125 0.0671875
25 0.6203125 0.87578125 0.103125 0.0671875
25 0.621875 0.815625 0.10625 0.0640625
25 0.7234375 0.8828125 0.1015625 0.0640625
25 0.7328125 0.82265625 0.10625 0.0671875
27 0.82578125 0.8859375 0.1046875 0.0703125
27 0.8359375 0.8265625 0.10625 0.0703125
18 0.3109375 0.5046875 0.040625 0.0765625
18 0.34765625 0.50546875 0.0359375 0.0765625
18 0.421875 0.5125 0.0421875 0.078125
18 0.46953125 0.51484375 0.0578125 0.08125
18 0.19140625 0.49453125 0.0390625 0.0796875
18 0.56171875 0.415625 0.190625 0.0890625
18 0.728125 0.12421875 0.1015625 0.1515625