11 0.9542248062500001 0.1474390984375 0.8465973859375 0.133745121875 0.8307711875000001 0.27788478437499997 0.948786334375 0.289481065625 0.9542248062500001 0.1474390984375
10 0.82785588125 0.2749802953125 0.84526705 0.1342039203125 0.754998790625 0.1233666125 0.7331128578125 0.2633282015625 0.82785588125 0.2749802953125
9 0.7310546921875 0.2622073125 0.749533421875 0.135294275 0.6547641578125 0.11925891562499999 0.6383697421875001 0.25167615625 0.7310546921875 0.2622073125
8 0.6371687734375 0.2523390359375 0.6530875593750001 0.12173969375 0.557962959375 0.1064859953125 0.539052009375 0.24104439375000003 0.6371687734375 0.2523390359375
20 0.5419673046875 0.24394894374999998 0.5529263156249999 0.09519594218750001 0.4593926625 0.0826534796875 0.4415632140625 0.23316456562500001 0.5419673046875 0.24394894374999998
20 0.4417924421875 0.2315335171875 0.456979753125 0.0879450359375 0.36276091250000003 0.07655730468750001 0.34510576875 0.217945090625 0.4417924421875 0.2315335171875
19 0.3470492390625 0.21988149375 0.36239158437499996 0.0808850390625 0.272363278125 0.065515978125 0.2545935203125 0.207719290625 0.3470492390625 0.21988149375
19 0.25339264375 0.2083821171875 0.271522475 0.0670753015625 0.17413189375 0.055036890625 0.15670596875 0.19479369062500002 0.25339264375 0.2083821171875
13 0.25553612812500004 0.358663771875 0.26984830312499997 0.22683326875 0.17044003125 0.2153093734375 0.153417790625 0.3443119765625 0.25553612812500004 0.358663771875
13 0.345475321875 0.372967071875 0.36314783125 0.243062415625 0.2692994046875 0.2292031515625 0.25616411875 0.3620784328125 0.345475321875 0.372967071875
13 0.43204075937499997 0.387627946875 0.45566169843750004 0.255025475 0.3659859125 0.2427915546875 0.3455899375 0.3721515484375 0.43204075937499997 0.387627946875
14 0.5270131078125 0.3976489125 0.540524509375 0.27214675 0.45043358125 0.2646392640625 0.43467191562499996 0.384671203125 0.5270131078125 0.3976489125
14 0.612950640625 0.40889510625 0.6306079546875 0.2816904015625 0.54054706875 0.2698193578125 0.5237539765625 0.3971908703125 0.612950640625 0.40889510625
14 0.705573490625 0.4198681140625 0.7231218203124999 0.293653459375 0.6275088656250001 0.2816599890625 0.612773940625 0.41015238906249996 0.705573490625 0.4198681140625
3 0.7777320875 0.426682815625 0.79060821875 0.3259942328125 0.7198999765625 0.317929871875 0.7070036828124999 0.41757421875 0.7777320875 0.426682815625
3 0.8465170125 0.43385507343749996 0.8608150765625 0.338977915625 0.7882263734375 0.328364121875 0.7778466890625 0.42586738437499994 0.8465170125 0.43385507343749996
2 0.9122720328125 0.438938271875 0.9245163375000001 0.3489694625 0.8584963234374999 0.34073478437500004 0.8462328625 0.427993840625 0.9122720328125 0.438938271875
0 0.6897563703125 0.5257329515625 0.7006665015625 0.444850990625 0.6276611859375001 0.44055704375 0.6183744625 0.5167700984375 0.6897563703125 0.5257329515625
1 0.61690405 0.5170980453125 0.6261615593750001 0.44907326249999996 0.521430884375 0.436319515625 0.512147328125 0.502375446875 0.61690405 0.5170980453125
28 0.5104558234375001 0.5042761640625 0.518293665625 0.42456316406249994 0.45097144218749996 0.41572492031249997 0.44139011093749997 0.49403499218749997 0.5104558234375001 0.5042761640625
29 0.4397722328125 0.49541143437499996 0.4476499125 0.42665658906250004 0.34172663281250004 0.4126675515625 0.334464553125 0.47954220468750003 0.4397722328125 0.49541143437499996
4 0.33207468125 0.48134475156249995 0.342264890625 0.39715242968750003 0.27215139375 0.3857819171875 0.264184665625 0.47287265312500004 0.33207468125 0.48134475156249995
5 0.2628616078125 0.47215210937499996 0.2701956125 0.40305276250000005 0.1600009578125 0.3881968953125 0.15398825625 0.4563163375 0.2628616078125 0.47215210937499996
15 0.6870108796875 0.636480940625 0.6977516968749999 0.547962025 0.6090771265625 0.537317678125 0.59901524375 0.624113959375 0.6870108796875 0.636480940625
23 0.5987942078125 0.625686715625 0.6078067140625001 0.5353210828125 0.5266685390625 0.52573590625 0.5120479484375 0.6145645453124999 0.5987942078125 0.625686715625
24 0.652461059375 0.7454968656250001 0.6614668515625 0.660408590625 0.5898179234375001 0.64901718125 0.5838726171874999 0.7369266296875 0.652461059375 0.7454968656250001
24 0.5839463015625 0.7364023453125 0.5878375250000001 0.6520642890625 0.5219984203125 0.6501779390625 0.5175266953125 0.72760231875 0.5839463015625 0.7364023453125
24 0.5185197796875001 0.7256034453125 0.5220674671875 0.6448245359375 0.4604321890625 0.6372484843749999 0.45195282187499997 0.717851871875 0.5185197796875001 0.7256034453125
26 0.449676396875 0.7239148953125001 0.458914803125 0.6506422671875 0.4164709984375 0.6460068453125001 0.405825909375 0.716682909375 0.449676396875 0.7239148953125001
30 0.405825909375 0.716682909375 0.41837937968750005 0.634927253125 0.3511212734375 0.6245265296875 0.3374585109375 0.7065398765625 0.405825909375 0.716682909375
12 0.3375675 0.7108320578125 0.34980547500000003 0.6286291953124999 0.281171409375 0.620576421875 0.27166364375 0.6983622734375 0.3375675 0.7108320578125
16 0.27056163125 0.6960689125 0.2800373390625 0.61815605 0.2104525078125 0.606895265625 0.205061378125 0.6857942515625 0.27056163125 0.6960689125
6 0.2012747734375 0.6874005015625 0.20967208906249998 0.60559535625 0.13811594062500002 0.5945905828125 0.12934180312500002 0.67729098125 0.2012747734375 0.6874005015625
27 0.8339199562499999 0.88434003125 0.72562661875 0.868452596875 0.7174098203125 0.93198545 0.8265041640625 0.9462484 0.8339199562499999 0.88434003125
27 0.8154593828125 1 0.8243944078125001 0.9457815890625 0.7203507078125 0.9313295046875 0.7116213250000001 0.9883749937499999 0.794337546875 1 0.8154593828125 1
25 0.7089367359375001 0.9922745828125 0.7167174484375 0.9313164531250001 0.6096032890624999 0.913626546875 0.60013711875 0.9759145531250001 0.7089367359375001 0.9922745828125
31 0.414815528125 0.7680014625 0.307425878125 0.7530098125 0.3045398375 0.814084171875 0.41069334687500003 0.8290030749999999 0.414815528125 0.7680014625
31 0.4097482859375 0.82940171875 0.30376784218749997 0.8145102968750001 0.300109696875 0.8760107859374999 0.4086530328125 0.8891270734375001 0.4097482859375 0.82940171875
31 0.4049571828125 0.8888371562499999 0.3035279140625 0.87702574375 0.3015260234375 0.9318090578125 0.4001446859375 0.94459980625 0.4049571828125 0.8888371562499999
17 0.30340742187499997 0.7496725718749999 0.200170403125 0.7357976171875 0.1987547765625 0.796544009375 0.30351149843749997 0.81126660625 0.30340742187499997 0.7496725718749999
17 0.3034876484375 0.8124641328125 0.1986810953125 0.797068275 0.1959424140625 0.857094125 0.300920171875 0.8702439640625 0.3034876484375 0.8124641328125
17 0.30053509375 0.8714900890624999 0.1992132625 0.8591576734374999 0.19452678437499998 0.9178405375 0.2980341328125 0.9313183046875 0.30053509375 0.8714900890624999
7 0.19520436562500001 0.7972459109375001 0.092306603125 0.7837221359375001 0.0878763609375 0.84564869375 0.194875596875 0.859617234375 0.19520436562500001 0.7972459109375001
7 0.1954686859375 0.85872759375 0.0900451984375 0.845418884375 0.088520690625 0.9018731109375 0.1933510890625 0.9160714609375 0.1954686859375 0.85872759375
36 0.5122511671875001 0.6106390625 0.5246067046875 0.5239188046875001 0.47265343125000003 0.5209831781250001 0.4604283515625 0.603796065625 0.5122511671875001 0.6106390625
34 0.4583389109375 0.60614401875 0.47093487031250003 0.5196758125 0.42055886875 0.511900696875 0.40657672343750006 0.59886931875 0.4583389109375 0.60614401875
18 0.40670329218749995 0.5812764765625 0.41627955156249996 0.5119945078125 0.37884578593749996 0.5082396328125001 0.3692588453125 0.5764542609375 0.40670329218749995 0.5812764765625
18 0.36810859375 0.5762926046875 0.3772181015625 0.5081548234375 0.339222096875 0.5022306265625 0.33066414375000003 0.5714704046875 0.36810859375 0.5762926046875
37 0.3265814125 0.5856914234375 0.334940775 0.4997625109375 0.300849490625 0.49683468125 0.2897595671875 0.5796848171875 0.3265814125 0.5856914234375
39 0.28698634218749997 0.5797109 0.29933620781250003 0.49683645 0.2615684125 0.4925615171875 0.2511935828125 0.574264721875 0.28698634218749997 0.5797109
38 0.249621321875 0.57362795625 0.2603356609375 0.4934331140625 0.22403142968749998 0.48770184062500005 0.213828515625 0.5681818046875 0.249621321875 0.57362795625
41 0.2091965875 0.5696098640625 0.2164026796875 0.4857003609375 0.1799190453125 0.4823338640625 0.1734610859375 0.563755965625 0.2091965875 0.5696098640625
42 0.16700021874999998 0.5624321171875 0.1783328171875 0.4756748625 0.14444261249999998 0.4706950640625 0.131750628125 0.557062309375 0.16700021874999998 0.5624321171875
18 0.5981343921875 0.9749096749999999 0.6130109796875 0.7684434421875 0.42472326718750003 0.742635053125 0.40390410781249997 0.9459491546875001 0.5981343921875 0.9749096749999999