13 0.7828125 0.18203125 0.1265625 0.165625
14 0.6734375 0.18828125 0.115625 0.1703125
21 0.56171875 0.19453125 0.1234375 0.1734375
5 0.84296875 0.525 0.1328125 0.084375
29 0.715625 0.53203125 0.1265625 0.08125
7 0.590625 0.540625 0.128125 0.0828125
31 0.5921875 0.66875 0.121875 0.078125
24 0.69296875 0.65234375 0.090625 0.096875
15 0.85625 0.63671875 0.10625 0.1125
18 0.76953125 0.6453125 0.0796875 0.096875
25 0.85 0.85234375 0.125 0.0703125
25 0.73359375 0.859375 0.121875 0.0703125
27 0.60078125 0.86640625 0.1203125 0.071875
39 0.53984375 0.390625 0.046875 0.1046875
38 0.5859375 0.38828125 0.05 0.1046875
40 0.6548432265625 0.4358963734375 0.6550631109375 0.33282372968749996 0.6151321890625 0.3330642515625 0.6125949359375 0.4383199515625 0.6548432265625 0.4358963734375
41 0.698461721875 0.4328462703125 0.6971496390625 0.32789178125 0.6581579046875 0.3316476921875 0.6569538203125 0.43574878593750005 0.698461721875 0.4328462703125
42 0.7434872390625 0.4296977796875 0.7411800796875 0.3254758640625 0.703923865625 0.328978134375 0.7019054812500001 0.43154409843749997 0.7434872390625 0.4296977796875
33 0.8335012953125001 0.4228726734375 0.83627845 0.32015191875000004 0.7905311453125 0.323983365625 0.7898828531250001 0.425922771875 0.8335012953125001 0.4228726734375
37 0.87856374375 0.4202523109375 0.8811424421874999 0.3170147234375 0.8405920968749999 0.322074853125 0.8349083734375 0.42277428125 0.87856374375 0.4202523109375
32 0.9250332171875 0.4175335390625 0.9270245265625 0.3157953078125 0.88472945625 0.3163349765625 0.8814147765625 0.42058363749999994 0.9250332171875 0.4175335390625
18 0.7861455125 0.41291665312500003 0.7870160265624999 0.3235966828125 0.7447282546875 0.3261248140625 0.7453041984375 0.41524190625 0.7861455125 0.41291665312500003