13 0.7546875 0.3453125 0.0890625 0.1125
13 0.67578125 0.35 0.08125 0.10625
14 0.59921875 0.3484375 0.0875 0.109375
14 0.51875 0.3515625 0.08125 0.103125
2 0.2890625 0.471875 0.053125 0.06875
3 0.346875 0.471875 0.0578125 0.0703125
11 0.4452244578125 0.411520165625 0.37067404531250003 0.411520165625 0.372351971875 0.5105285078125 0.4452244578125 0.5105285078125 0.4452244578125 0.411520165625
10 0.48046875 0.4625 0.071875 0.0984375
9 0.54609375 0.4609375 0.0625 0.096875
8 0.6140625 0.46171875 0.075 0.1015625
15 0.6828125 0.471875 0.071875 0.075
23 0.75 0.4703125 0.071875 0.078125
1 0.44453125 0.5484375 0.0796875 0.0484375
28 0.51796875 0.54921875 0.05625 0.053125
29 0.5921875 0.55234375 0.084375 0.05
4 0.66328125 0.5515625 0.0546875 0.05625
5 0.73359375 0.553125 0.084375 0.053125
24 0.446875 0.70390625 0.05625 0.0625
24 0.5286530796875 0.6731998453125 0.47156998437500003 0.6731998453125 0.47156998437500003 0.7351573484375 0.5251971078125 0.73727193125 0.5286530796875 0.6731998453125
24 0.55234375 0.7078125 0.05625 0.065625
26 0.59765625 0.7140625 0.0375 0.053125
30 0.6421875 0.7109375 0.0546875 0.0625
16 0.6953125 0.7140625 0.053125 0.053125
6 0.746875 0.715625 0.05625 0.059375
12 0.75 0.6390625 0.0625 0.0671875
7 0.765396253125 0.78424404375 0.6796415437500001 0.78424404375 0.6796415437500001 0.8262529359374999 0.7624712578125 0.8288592937500001 0.765396253125 0.78424404375
7 0.7673462640625 0.8365187234375 0.6830089125 0.8346902328124999 0.682566009375 0.8813608359374999 0.7673462640625 0.8840595703125 0.7673462640625 0.8365187234375
7 0.7673462640625 0.88221335625 0.6825214203125001 0.8789220671875 0.6832971265625 0.9244053140625 0.7673462640625 0.9244053140625 0.7673462640625 0.88221335625
17 0.6841912812500001 0.8783131359375 0.6030243296875 0.873665228125 0.6020949375 0.9194471343749999 0.682642290625 0.9224682718749999 0.6841912812500001 0.8783131359375
17 0.6801639046875 0.8338264265625 0.599926359375 0.831270078125 0.599189703125 0.8742259328124999 0.6807835046874999 0.8779815671875 0.6801639046875 0.8338264265625
17 0.6779953265625001 0.782249915625 0.600545959375 0.7808555421875 0.6001189265625 0.823350896875 0.6786149265625 0.8243134968750001 0.6779953265625001 0.782249915625
31 0.5979236796875 0.778066796875 0.5195449046875 0.7752780515625 0.519276403125 0.8198663046875 0.59730409375 0.82175714375 0.5979236796875 0.778066796875
31 0.5997824640625 0.8310347328125 0.51892531875 0.8291755703125 0.5188117906249999 0.8738774734374999 0.5991628796875 0.876584246875 0.5997824640625 0.8310347328125
31 0.60133145625 0.8758152171875 0.521713496875 0.873026471875 0.521713496875 0.9160196328125 0.60133145625 0.9162152609374999 0.60133145625 0.8758152171875
25 0.5176861203125 0.8672144453125 0.43775836718749994 0.8658200734375001 0.43930737343750004 0.9136935375 0.517376340625 0.9157850968749999 0.5176861203125 0.8672144453125
25 0.5170665343749999 0.8257456624999999 0.43775836718749994 0.8231893093749999 0.43982771718749997 0.86655983125 0.5176861203125 0.8689712140625 0.5170665343749999 0.8257456624999999
25 0.5183057328125 0.7746945171874999 0.43713877968750003 0.7733001453125 0.4388984921875 0.8155105656250001 0.51892531875 0.8188496515624999 0.5183057328125 0.7746945171874999
25 0.4380912 0.8639161453125 0.36188101562499997 0.8632189578125 0.363863621875 0.9048903375 0.43964019062500004 0.9059797171874999 0.4380912 0.8639161453125
25 0.4390205921875 0.8216201703125 0.3603320375 0.8197610093750001 0.362702090625 0.8623783218750001 0.4390205921875 0.8653105171875 0.4390205921875 0.8216201703125
27 0.3632188796875 0.85880344375 0.28793808906249996 0.8564794875 0.2890610578125 0.8986180734375001 0.364458065625 0.900634628125 0.3632188796875 0.85880344375
27 0.3607404953125 0.8130215390625001 0.2845303125 0.8118595624999999 0.2890610578125 0.854537990625 0.36197969531249996 0.8564794875 0.3607404953125 0.8130215390625001
36 0.42421875 0.62578125 0.040625 0.065625
34 0.465625 0.6265625 0.04375 0.0625
18 0.5 0.6265625 0.03125 0.059375
21 0.440625 0.3515625 0.0765625 0.1046875
21 0.36796875 0.35 0.075 0.103125
22 0.296875 0.3484375 0.075 0.103125
35 0.528125 0.62890625 0.028125 0.065625
37 0.55625 0.6296875 0.0296875 0.065625
41 0.58515625 0.63046875 0.034375 0.06875
40 0.615625 0.63203125 0.03125 0.06875
44 0.6453125 0.6328125 0.03125 0.0671875
45 0.675 0.6328125 0.03125 0.06875
18 0.70546875 0.634375 0.0296875 0.06875