21 0.6846611359375 0.361364740625 0.7600205078125 0.3674352578125 0.7783608890625 0.2687491734375 0.7006823078125 0.2633173578125 0.6846611359375 0.361364740625
21 0.65390625 0.30859375 0.090625 0.1046875
20 0.57890625 0.3046875 0.0796875 0.0984375
8 0.45 0.29609375 0.090625 0.1015625
9 0.3796875 0.29140625 0.06875 0.1
10 0.31796875 0.28125 0.071875 0.0984375
11 0.25625 0.2796875 0.06875 0.090625
14 0.7140625 0.4265625 0.0859375 0.09375
14 0.6453125 0.4203125 0.075 0.090625
14 0.58203125 0.415625 0.0703125 0.090625
13 0.51640625 0.40859375 0.0828125 0.0984375
13 0.45078125 0.40234375 0.078125 0.0953125
13 0.3859375 0.3953125 0.0734375 0.0953125
3 0.32578125 0.4015625 0.0609375 0.0625
3 0.2796875 0.396875 0.059375 0.0640625
2 0.23359375 0.39140625 0.053125 0.0640625
5 0.6875 0.525 0.09375 0.059375
4 0.61328125 0.509375 0.0671875 0.075
29 0.54375 0.51015625 0.0890625 0.059375
28 0.478125 0.50234375 0.059375 0.065625
1 0.41328125 0.5 0.0828125 0.0546875
0 0.353125 0.490625 0.053125 0.0625
23 0.40625 0.5765625 0.0734375 0.0734375
14 0.33984375 0.5703125 0.0734375 0.0734375
24 0.315625 0.6453125 0.0578125 0.06875
24 0.365625 0.65078125 0.0515625 0.0640625
24 0.41328125 0.6578125 0.05625 0.0640625
24 0.46484375 0.6640625 0.0546875 0.0671875
30 0.51484375 0.67265625 0.0609375 0.06875
12 0.57265625 0.68203125 0.0578125 0.0609375
16 0.62734375 0.684375 0.059375 0.071875
6 0.67890625 0.69375 0.059375 0.071875
7 0.61309811875 0.80748653125 0.7000377390625 0.8187010796875 0.704676525 0.76671019375 0.6207862078125 0.7540693734375 0.61309811875 0.80748653125
7 0.6154910828125 0.8082725749999999 0.6109432953125 0.8598256624999999 0.695793340625 0.8722250296875 0.7029804484375 0.819659596875 0.6154910828125 0.8082725749999999
7 0.59999828125 0.9087280953124999 0.6872670328125 0.9224212984375001 0.6914606328125 0.8767975421875001 0.606387053125 0.859557553125 0.59999828125 0.9087280953124999
17 0.5289473953125 0.79053611875 0.522198328125 0.8428962859375 0.6072529125 0.8543489484375 0.613467815625 0.8013391515625001 0.5289473953125 0.79053611875
17 0.5218650484375 0.841603409375 0.5141113734375 0.8939739937500001 0.59841111875 0.9090568859375001 0.6052299796875 0.8545838531250001 0.5218650484375 0.841603409375
31 0.44810447499999995 0.7250403890625 0.44132430312500004 0.7779783296875 0.5242561078125 0.790960815625 0.5289734687500001 0.7378463015625 0.44810447499999995 0.7250403890625
31 0.442887921875 0.778119978125 0.43629178125 0.8284230156250001 0.5191705062499999 0.8421677140625 0.525333028125 0.789907015625 0.442887921875 0.778119978125
31 0.43806421875 0.8255815249999999 0.4343190203125 0.8791403656250001 0.5157395874999999 0.891232121875 0.5213243875 0.8400601140624999 0.43806421875 0.8255815249999999
25 0.36571170468749997 0.7125042859375 0.3594580484375 0.7649163999999999 0.44233634374999997 0.7788341515625 0.44912901562499996 0.7247356609375 0.36571170468749997 0.7125042859375
25 0.364567159375 0.7647395125 0.35998321718750004 0.8165963250000001 0.4383276578125 0.8289872656249999 0.44251967499999995 0.7762123875 0.364567159375 0.7647395125
25 0.4334253875 0.87757240625 0.43735550156249997 0.82854290625 0.3590609734375 0.8147879109374999 0.35413250937499996 0.8637476 0.4334253875 0.87757240625
25 0.2881908046875 0.75224775625 0.28304359687499997 0.8030322875 0.35869272812499997 0.8128803109374999 0.363331515625 0.760889425 0.2881908046875 0.75224775625
25 0.35316030781249996 0.8633032359374999 0.35690781875 0.8121482234374999 0.2817909875 0.8007281781250001 0.277466434375 0.8482246281249999 0.35316030781249996 0.8633032359374999
25 0.2863217421875 0.7507717031250001 0.213811146875 0.7398956125 0.210301659375 0.7900836250000001 0.2832885328125 0.800832896875 0.2863217421875 0.7507717031250001
25 0.27730929375 0.8504718531250001 0.2817618484375 0.7998384234375 0.2108270015625 0.789743996875 0.20597710781249998 0.837580075 0.27730929375 0.8504718531250001
27 0.1390218515625 0.7764427828125 0.1332362265625 0.8252923187500001 0.2055303375 0.8367960906249999 0.21043260937500002 0.7882109484375001 0.1390218515625 0.7764427828125
45 0.6938402625 0.57802920625 0.6831178375 0.6471572906249999 0.7135741203125 0.6507299 0.7240554718750001 0.5811960609375 0.6938402625 0.57802920625
44 0.6651452515625 0.5732119796874999 0.65292840625 0.6418850578125 0.6834811515625 0.64581491875 0.694918915625 0.5759966296875 0.6651452515625 0.5732119796874999
40 0.6354693578124999 0.5690288375 0.6225923234375 0.638710025 0.6527021828125 0.644013971875 0.6665187359375 0.573659359375 0.6354693578124999 0.5690288375
41 0.603316903125 0.56678051875 0.594040571875 0.6351329 0.6240071671874999 0.6391967625 0.6349544921875 0.5696955078125 0.603316903125 0.56678051875
37 0.57503894375 0.562695128125 0.565465125 0.63264375625 0.5956803125000001 0.635810609375 0.6066276578124999 0.5663093625 0.57503894375 0.562695128125
35 0.5465898890625 0.5610571109375 0.5373599265625 0.6269544921875 0.5656118140624999 0.6305460093749999 0.5758975828125 0.563809171875 0.5465898890625 0.5610571109375
33 0.5188023671875001 0.5566546812500001 0.5094240921875001 0.6238063234375 0.5381680015625 0.6279242953125 0.5475707265625 0.5604230343750001 0.5188023671875001 0.5566546812500001
34 0.4803217828125 0.5511531875 0.47160974375000003 0.61787845 0.510527171875 0.6214241109375 0.5193172140625 0.555988015625 0.4803217828125 0.5511531875
18 0.4421605421875 0.5477820296875 0.43194811875 0.6134699968749999 0.46996266875000003 0.6189389078125 0.4784334515625 0.551372478125 0.4421605421875 0.5477820296875