13 0.24687339531250002 0.2133378484375 0.27508073906249997 0.0493476734375 0.1572368171875 0.013796853125 0.1252703546875 0.185550121875 0.24687339531250002 0.2133378484375
13 0.344627134375 0.239530884375 0.3743464125 0.084333484375 0.280723921875 0.058394815625 0.2454414125 0.21391331406249997 0.344627134375 0.239530884375
13 0.4254514875 0.26214686875000004 0.46138751562499997 0.11724196875 0.37751869843749997 0.088167478125 0.3412837890625 0.24247161875 0.4254514875 0.26214686875000004
14 0.48327204375 0.27641490625 0.50899919375 0.15463521875 0.45008332968750003 0.1332421625 0.423759284375 0.2620032015625 0.48327204375 0.27641490625
14 0.5486933640625 0.2954791875 0.5760131625 0.1764259125 0.5107362640625001 0.1510286984375 0.4819347625 0.2775912734375 0.5486933640625 0.2954791875
14 0.5977155609375 0.307079953125 0.628237825 0.19617100468749998 0.5772921921874999 0.1773027421875 0.5458323218750001 0.2947125734375 0.5977155609375 0.307079953125
11 0.7794865046874999 0.22380741093749998 0.81254580625 0.0902647515625 0.7491752125 0.06989598281250001 0.7184609078124999 0.1997825171875 0.7794865046874999 0.22380741093749998
10 0.720943753125 0.1981458578125 0.7476714578125 0.0747989 0.697489284375 0.052977512500000004 0.666396703125 0.180460784375 0.720943753125 0.1981458578125
9 0.66868779375 0.1795400484375 0.6935410859375 0.0526259984375 0.6505826781249999 0.029666540624999998 0.6152917171875 0.1575594765625 0.66868779375 0.1795400484375
3 0.6650558671875 0.32661193437499997 0.6813809281250001 0.24587845000000003 0.6365702453125001 0.2307381875 0.61775475625 0.3124030078125 0.6650558671875 0.32661193437499997
3 0.70167990625 0.334890684375 0.7200087859375001 0.26389746718749996 0.6815694140625 0.253538078125 0.664864040625 0.3273278359375 0.70167990625 0.334890684375
5 0.2543932578125 0.360016409375 0.26597886718749997 0.27931875 0.135673925 0.2499396828125 0.1307746609375 0.34070460156250004 0.2543932578125 0.360016409375
4 0.328030528125 0.371306990625 0.349733734375 0.26725159375 0.2701994953125 0.247620028125 0.2540096 0.3614482421875 0.328030528125 0.371306990625
29 0.41940982031249996 0.385049628125 0.43604442499999996 0.3124260234375 0.3390192046875 0.29214888125 0.32650681718749996 0.3693641109375 0.41940982031249996 0.385049628125
28 0.48598213125 0.399818359375 0.508564546875 0.3184374828125 0.45006420468749997 0.2973492640625 0.422079109375 0.3865321640625 0.48598213125 0.399818359375
1 0.56610886875 0.4097785515625 0.5812956375 0.3475116109375 0.50401399375 0.33252253593750003 0.48941865937499995 0.39843724062499997 0.56610886875 0.4097785515625
0 0.6048376265625001 0.41401739062500004 0.6166143140625 0.3397206203125 0.5851107203125 0.331232934375 0.5664925265625 0.4083467203125 0.6048376265625001 0.41401739062500004
23 0.5286307078125 0.51482459375 0.5519695875 0.43180607968749996 0.48710673125000004 0.41865436093749997 0.4671019140625 0.5092082812500001 0.5286307078125 0.51482459375
24 0.546335571875 0.5949823890625 0.5611932703125 0.5325329375 0.5197156390625 0.529022228125 0.50292610625 0.5948605546875 0.546335571875 0.5949823890625
24 0.5032412640625 0.596863303125 0.520240221875 0.5303466671875 0.4737574984375 0.5320540609375 0.461896346875 0.598573525 0.5032412640625 0.596863303125
24 0.4647601234375 0.59742256875 0.4725258421875 0.529544 0.42812817656249996 0.5275008609375 0.42055136718749997 0.600283728125 0.4647601234375 0.59742256875
26 0.41196903437500004 0.59734465625 0.422814403125 0.5361944656250001 0.3828049765625 0.5313422437499999 0.376032003125 0.59794621875 0.41196903437500004 0.59734465625
30 0.37539707031249997 0.5971366453125 0.380881940625 0.5217634015625 0.3244642796875 0.5201859 0.3183125328125 0.59718716875 0.37539707031249997 0.5971366453125
12 0.31893837187499996 0.604388559375 0.324219025 0.5225571015625 0.2592769171875 0.5155075578125 0.257720128125 0.6039708781249999 0.31893837187499996 0.604388559375
16 0.25343129375 0.6009034093750001 0.2554409515625 0.5129151390625 0.19233561875 0.5141958062499999 0.186165790625 0.6039807875000001 0.25343129375 0.6009034093750001
6 0.1710610515625 0.603130625 0.19022413124999998 0.517807421875 0.11601736874999999 0.5097320890625 0.0960034390625 0.6066778828125 0.1710610515625 0.603130625
7 0.1872869234375 0.723776875 0.198601196875 0.6614439359375 0.08258121874999999 0.66630734375 0.0723049890625 0.7364486 0.1872869234375 0.723776875
7 0.1667735390625 0.7907972953125 0.1774466921875 0.7284686078125 0.052357326562499994 0.7409567265625 0.044625085937499996 0.81114025 0.1667735390625 0.7907972953125
7 0.16112911875 0.853188971875 0.170214259375 0.79123544375 0.056240854687499994 0.8122956890624999 0.0437402109375 0.881201521875 0.16112911875 0.853188971875
17 0.2939228140625 0.7200006828125 0.3065636421875 0.6560229453125 0.2089348828125 0.6620596890625 0.1921407953125 0.7310939453125 0.2939228140625 0.7200006828125
17 0.2688797578125 0.775314925 0.28223295937500004 0.719001265625 0.1798998890625 0.729092865625 0.1686827171875 0.790030021875 0.2688797578125 0.775314925
17 0.2548174078125 0.8309750250000001 0.2692425078125 0.7754323000000001 0.1682128203125 0.7917836984375 0.16176854375 0.8508026078125001 0.2548174078125 0.8309750250000001
31 0.38281021718749997 0.7125247078125 0.40160254531249995 0.651133221875 0.31340210156250004 0.656840046875 0.29708758749999997 0.7240845140625 0.38281021718749997 0.7125247078125
31 0.35714189375 0.7669933 0.371109653125 0.7132592078125 0.2800833390625 0.7239655453125 0.270469225 0.775740821875 0.35714189375 0.7669933
31 0.34110898437500003 0.8141131937500001 0.353350153125 0.7676135546875 0.264041328125 0.7774772671875 0.25665611093749996 0.8272920656249999 0.34110898437500003 0.8141131937500001
25 0.45398282968750003 0.698044734375 0.4721923125 0.642088846875 0.3985603921875 0.6473863859375 0.38416865312500004 0.70427578125 0.45398282968750003 0.698044734375
25 0.440785875 0.7568334921875 0.4623732609375 0.7065590734375 0.3818555625 0.7129083515625 0.360151425 0.7684778125 0.440785875 0.7568334921875
25 0.42133383125 0.8008185921875001 0.4364688265625 0.755535696875 0.358416265625 0.7654164625 0.343398809375 0.8151044984375 0.42133383125 0.8008185921875001
25 0.49401114843749994 0.7870808593749999 0.5060696203124999 0.742232203125 0.43538247031250005 0.7547462375 0.4225939125 0.8024737843749999 0.49401114843749994 0.7870808593749999
25 0.5060004218749999 0.742336284375 0.5214374281249999 0.692828771875 0.456292003125 0.6989638375 0.44333903281250003 0.7504839140625 0.5060004218749999 0.742336284375
27 0.632836996875 0.7203914499999999 0.64531900625 0.6756968156250001 0.5937754609375 0.6817901296875 0.5800277640625 0.7330972328125 0.632836996875 0.7203914499999999
27 0.618458971875 0.7676931 0.6337312749999999 0.7229178171874999 0.5785980890625 0.7320747359374999 0.5666043265625 0.780015246875 0.618458971875 0.7676931
42 0.1493141296875 0.48321036250000005 0.1600022578125 0.3775383234375 0.11784830312500001 0.37448029374999997 0.1081557828125 0.481499378125 0.1493141296875 0.48321036250000005
41 0.1897268640625 0.48497899375 0.200382671875 0.38356527812499996 0.16166324375000002 0.3799009484375 0.1537480296875 0.48301163750000004 0.1897268640625 0.48497899375
38 0.208219925 0.38498055625 0.19326608750000002 0.488119659375 0.23428741562500002 0.49034200156249996 0.240018109375 0.38993445000000004 0.208219925 0.38498055625
37 0.2864253921875 0.396349759375 0.2725839390625 0.4918342359375 0.3052937328125 0.4923776046875 0.320960759375 0.40120942031249995 0.2864253921875 0.396349759375
33 0.3215239078125 0.4016461390625 0.3076114375 0.49190242343749996 0.34072833125 0.49365106093750005 0.35257439218750003 0.405843715625 0.3215239078125 0.4016461390625
35 0.3637790703125 0.4074907234375 0.340591325 0.49416238124999995 0.37152765625 0.49587478906250004 0.39100013749999996 0.41230329374999997 0.3637790703125 0.4074907234375
34 0.4122749375 0.499119890625 0.43380493124999997 0.41872232499999995 0.3959056171875 0.41306961875 0.373708334375 0.49591100781249997 0.4122749375 0.499119890625
36 0.4528853203125 0.5028763171875 0.4700975859375 0.42296926093750004 0.43460540156249994 0.41850647656250006 0.41581802031250004 0.4995211421875 0.4528853203125 0.5028763171875
8 0.6158765015625 0.1582477859375 0.6483483890625 0.0265851578125 0.5679711890625 0.002179740625 0.53768680625 0.1279186578125 0.6158765015625 0.1582477859375