27 0.8 0.89296875 0.0953125 0.0625
25 0.709375 0.89453125 0.0953125 0.0578125
25 0.6171875 0.8984375 0.09375 0.059375
25 0.52109375 0.90234375 0.0921875 0.0578125
31 0.42734375 0.8 0.090625 0.0609375
31 0.43046875 0.85703125 0.0953125 0.059375
31 0.4375 0.9078125 0.0921875 0.0515625
17 0.346875 0.91015625 0.09375 0.0625
17 0.33984375 0.85390625 0.090625 0.05625
7 0.24921875 0.86171875 0.0953125 0.065625
7 0.25546875 0.915625 0.0953125 0.0578125
18 0.259375 0.7109375 0.0515625 0.0625
12 0.31796875 0.7078125 0.065625 0.065625
16 0.3828125 0.70546875 0.0625 0.065625
30 0.4453125 0.7046875 0.0640625 0.0703125
26 0.49375 0.70234375 0.04375 0.0640625
24 0.5390625 0.6984375 0.0671875 0.071875
24 0.59765625 0.69609375 0.0640625 0.0734375
24 0.65625 0.69375 0.0640625 0.0703125
23 0.55859375 0.603125 0.0765625 0.0875
36 0.50234375 0.6078125 0.053125 0.078125
18 0.45546875 0.61015625 0.0515625 0.075
33 0.41640625 0.61171875 0.034375 0.0765625
35 0.38671875 0.61640625 0.0375 0.0765625
37 0.3546875 0.61796875 0.034375 0.071875
41 0.32265625 0.61953125 0.0359375 0.0765625
40 0.2890625 0.61953125 0.0359375 0.0734375
44 0.25859375 0.621875 0.0359375 0.078125
45 0.22734375 0.621875 0.0328125 0.0765625
5 0.24765625 0.5171875 0.0953125 0.0640625
4 0.32421875 0.51015625 0.065625 0.0734375
29 0.41171875 0.51328125 0.1 0.0609375
28 0.4953125 0.50625 0.0625 0.0671875
1 0.5703125 0.5078125 0.09375 0.0609375
0 0.65390625 0.50078125 0.065625 0.06875
18 0.27578125 0.40859375 0.1234375 0.09375
13 0.375 0.403125 0.0859375 0.10625
14 0.4546875 0.40234375 0.0828125 0.10625
14 0.53046875 0.40078125 0.0828125 0.10625
14 0.6046875 0.3984375 0.084375 0.1
3 0.67265625 0.40546875 0.0609375 0.075
3 0.72890625 0.40078125 0.0609375 0.078125
2 0.78828125 0.39921875 0.065625 0.0765625
11 0.7921875 0.26171875 0.096875 0.121875
10 0.703125 0.26875 0.096875 0.121875
9 0.625 0.26796875 0.08125 0.1203125
8 0.5421875 0.2671875 0.1015625 0.1296875
20 0.4609375 0.2765625 0.084375 0.1125
20 0.3875 0.28359375 0.084375 0.0984375
19 0.3078125 0.2796875 0.084375 0.1203125
19 0.22890625 0.28828125 0.0796875 0.1015625
19 0.5918400765625 0.5606790015625001 0.595936540625 0.6459041703125 0.6791875375 0.639652859375 0.6649391234375 0.5565786875 0.5918400765625 0.5606790015625001