11 0.2014492390625 0.2710299953125 0.19560313437500002 0.16314890312500002 0.06279694375 0.161728396875 0.06845091875 0.2693829484375 0.2014492390625 0.2710299953125
10 0.31837085468750004 0.2710299953125 0.3139863625 0.140090353125 0.1962033765625 0.13703703750000001 0.19706474375 0.2718535328125 0.31837085468750004 0.2710299953125
9 0.43675397031249996 0.2702064875 0.435292471875 0.15079610625 0.3259548390625 0.147325103125 0.3256784578125 0.2693829484375 0.43675397031249996 0.2702064875
8 0.54198349375 0.2735005484375 0.547829596875 0.1524431515625 0.4392589328125 0.1524691375 0.43383097499999995 0.2735005484375 0.54198349375 0.2735005484375
20 0.6574435015625 0.27432408750000004 0.663289715625 0.1491490609375 0.5507355406250001 0.145267490625 0.547829596875 0.2710299953125 0.6574435015625 0.27432408750000004
20 0.775826728125 0.27597113281249996 0.780211334375 0.1491490609375 0.669522090625 0.1504115234375 0.663289715625 0.27514759375 0.775826728125 0.27597113281249996
19 0.8912867375 0.2710299953125 0.8985943375 0.14750201406250002 0.7846536687500001 0.1504115234375 0.775826728125 0.2718535328125 0.8912867375 0.2710299953125
19 1 0.15816727343749998 0.896130278125 0.15349794375 0.8912867375 0.27432408750000004 0.9979777562500001 0.27432408750000004 1 0.1939902765625 1 0.15816727343749998
3 0.1663727296875 0.39775240156249997 0.16491123125 0.32940025781250004 0.09569168125000001 0.3242798359375 0.0962198265625 0.3985759078125 0.1663727296875 0.39775240156249997
3 0.2526024453125 0.3961053546875 0.251140946875 0.3252826578125 0.1687910953125 0.3242798359375 0.16491123125 0.399399446875 0.2526024453125 0.3961053546875
2 0.32275546093749996 0.40187 0.3154478609375 0.3228120734375 0.24737296718750001 0.3232510296875 0.2496794484375 0.40269350781249996 0.32275546093749996 0.40187
14 0.4323694765625 0.40434055312500006 0.4323694765625 0.287400725 0.31681741093750004 0.28827160625000003 0.32129396250000003 0.40269350781249996 0.4323694765625 0.40434055312500006
14 0.5405219953125 0.40351704687499995 0.5405219953125 0.2923418625 0.4356039625 0.2893004125 0.43090797812500004 0.40434055312500006 0.5405219953125 0.40351704687499995
14 0.6472129046874999 0.4051640609375 0.6486745140625 0.2923418625 0.539770628125 0.2893004125 0.5390603859375 0.4076346453125 0.6472129046874999 0.4051640609375
13 0.7612115265625 0.4059875984375 0.764134521875 0.2882242640625 0.6512472375 0.2862139921875 0.6501359 0.4076346453125 0.7612115265625 0.4059875984375
13 0.8620563328124999 0.4076346453125 0.8649795515625 0.2931653703125 0.7627238453125 0.2872427984375 0.7597499156249999 0.41010519843750004 0.8620563328124999 0.4076346453125
13 0.9731319578125 0.4076346453125 0.9892087703125 0.2923418625 0.8742004515625 0.29032921875 0.8605949453124999 0.4076346453125 0.9731319578125 0.4076346453125
0 0.4059790109375 0.4964485578125 0.40817134218750006 0.42912582187500004 0.31847928593749997 0.42453703750000005 0.3182877984375 0.4964485578125 0.4059790109375 0.4964485578125
1 0.533131253125 0.500772040625 0.535323584375 0.4383904203125 0.4089398125 0.4384259265625 0.4048828875 0.49768384218749995 0.533131253125 0.500772040625
28 0.6175340968749999 0.49891912656250004 0.6208225515625 0.422949421875 0.5377775328125 0.4222222234375 0.5342274609375 0.5013896718749999 0.6175340968749999 0.49891912656250004
29 0.7501671234375 0.5001544109375 0.7567438640625 0.44147861875 0.62549683125 0.4368827171875 0.6208225515625 0.49891912656250004 0.7501671234375 0.5001544109375
4 0.8422428312499999 0.5001544109375 0.849915778125 0.42974345156249993 0.7625582328125 0.42608024687499996 0.7556478234374999 0.5001544109375 0.8422428312499999 0.5001544109375
5 0.97377965 0.504477871875 0.9803565578125 0.44086096562500005 0.8502775328125001 0.4384259265625 0.8444350765624999 0.5013896718749999 0.97377965 0.504477871875
15 0.415575196875 0.5883118390625001 0.415575196875 0.5151832609375 0.3183799203125 0.514938271875 0.3182379640625 0.58732359375 0.415575196875 0.5883118390625001
23 0.5111586328125 0.5897941531249999 0.5146662937500001 0.5141950328125 0.41487115 0.51555555625 0.41294449999999994 0.5897941531249999 0.5111586328125 0.5897941531249999
36 0.5749850921874999 0.5855122515625 0.574292803125 0.512955821875 0.5197043703124999 0.51130604375 0.5147550953125 0.5870726109375 0.5749850921874999 0.5855122515625
34 0.644907284375 0.586682528125 0.64283041875 0.516466609375 0.58549384375 0.515204678125 0.586061865625 0.586292446875 0.644907284375 0.586682528125
33 0.6926759296875 0.5870726109375 0.6961374265625 0.515296346875 0.6547459203125 0.5166666671875 0.651830275 0.5870726109375 0.6926759296875 0.5870726109375
35 0.7369831328124999 0.5894131359375 0.7411368640625 0.512955821875 0.7006254234375 0.51276803125 0.694060559375 0.5886329703125 0.7369831328124999 0.5894131359375
37 0.78267480625 0.5878527765625 0.785444065625 0.514126084375 0.74217666875 0.5132553609375 0.74182920625 0.5882428875 0.78267480625 0.5878527765625
39 0.8276742453124999 0.5894131359375 0.8290588218750001 0.5145161671875 0.78632486875 0.5171539968750001 0.785444065625 0.5894131359375 0.8276742453124999 0.5894131359375
38 0.8726736828125 0.5894131359375 0.8768275203125 0.5184170515625001 0.8322043703125 0.5156920078125 0.8297511625 0.5894131359375 0.8726736828125 0.5894131359375
41 0.9176731218749999 0.5898032171875001 0.92044238125 0.514126084375 0.8772182203125001 0.5176413265625001 0.874058259375 0.5905834125 0.9176731218749999 0.5898032171875001
18 0.9599034062499999 0.578880746875 0.9633649015625 0.5137360015625 0.9222320703125 0.5132553609375 0.92044238125 0.577710484375 0.9599034062499999 0.578880746875
24 0.398448834375 0.67573509375 0.3963719671875 0.605909271875 0.31800769375 0.6038986359375 0.3209113609375 0.67573509375 0.398448834375 0.67573509375
24 0.4829093484375 0.6776855359375 0.4787555125 0.6082498109375 0.3967819328125 0.609259259375 0.4005257515625 0.678465715625 0.4829093484375 0.6776855359375
24 0.5646006046875 0.6761251765625 0.563216028125 0.6090299765625 0.48507833125 0.607797271875 0.4829093484375 0.6776855359375 0.5646006046875 0.6761251765625
26 0.622061446875 0.67690535625 0.6227537375 0.61566148125 0.5681808234375 0.616081871875 0.563216028125 0.67690535625 0.622061446875 0.67690535625
18 0.6926759296875 0.6761251765625 0.6947528484375 0.6109804171875 0.627045090625 0.60877193125 0.623446025 0.67690535625 0.6926759296875 0.6761251765625
12 0.7805978875 0.6823665984375 0.7792133109375 0.6105903359375 0.6928345640625 0.6112085781250001 0.69336821875 0.6831467640625 0.7805978875 0.6823665984375
16 0.8553662078125001 0.6772954390625 0.857443125 0.60629936875 0.7819966140625 0.607797271875 0.7812902296875001 0.67807561875 0.8553662078125001 0.6772954390625
6 0.9612879828124999 0.681196321875 0.966826396875 0.6090299765625 0.87635256875 0.607797271875 0.871981446875 0.6819765015625 0.9612879828124999 0.681196321875
27 0.0846019859375 0.8808040343749999 0.21000041406249997 0.8793216828125001 0.21000041406249997 0.8244752671875 0.087020271875 0.8254320984374999 0.0846019859375 0.8808040343749999
25 0.205615853125 0.8259576375 0.3301373484375 0.8264517031249999 0.335398875 0.7716052875 0.21092378125 0.7717283953125 0.205615853125 0.8259576375
25 0.21350807500000002 0.8793216828125001 0.335398875 0.8798157874999999 0.338029571875 0.8259576375 0.21859921875000002 0.824814815625 0.21350807500000002 0.8793216828125001
25 0.3301373484375 0.7706170593749999 0.459920371875 0.7706170593749999 0.46255113437500006 0.7133000828125 0.337020271875 0.7130864203125 0.3301373484375 0.7706170593749999
25 0.33101431406250004 0.8234870765625001 0.45465891249999996 0.8269458265624999 0.4572896078125 0.7711111828125 0.33373079843750003 0.7711111125000001 0.33101431406250004 0.8234870765625001
25 0.3389064703125 0.8798157874999999 0.4581665734375 0.8793216828125001 0.4607972703125 0.8264517031249999 0.3381167625 0.824814815625 0.3389064703125 0.8798157874999999
25 0.46255113437500006 0.827934053125 0.58619573125 0.827934053125 0.591457190625 0.7735817421875 0.46640623750000004 0.773580246875 0.46255113437500006 0.827934053125
25 0.46167416875 0.8817922421875 0.5818111703125 0.8817922421875 0.5870726296875 0.8289222625000001 0.4631167625 0.8279012359375001 0.46167416875 0.8817922421875
31 0.5905802921875 0.7735817421875 0.7151017875 0.7745699515625 0.716855653125 0.7226881984375 0.5968886921875 0.7211111125 0.5905802921875 0.7735817421875
31 0.5870726296875 0.827934053125 0.7107172265624999 0.8304046140624999 0.716855653125 0.775558178125 0.592502728125 0.77419753125 0.5870726296875 0.827934053125
31 0.58005730625 0.8817922421875 0.7063326671875 0.8832745937500001 0.70896343125 0.8289222625000001 0.5881167625 0.8285185187499999 0.58005730625 0.8817922421875
17 0.7159786875 0.77654640625 0.8405002500000001 0.7780287375 0.8466386078125 0.7216999890625 0.7221171125 0.7202176390624999 0.7159786875 0.77654640625
17 0.7098403296875 0.8304046140624999 0.8369926546875 0.8323810500000001 0.8405002500000001 0.7795110703125 0.7153097453124999 0.7772839515625 0.7098403296875 0.8304046140624999
17 0.7045788703125 0.8842628031249999 0.8317311281249999 0.8852510484374999 0.8369926546875 0.8328751734375001 0.7142132546875 0.8316049390625 0.7045788703125 0.8842628031249999
7 0.8405002500000001 0.7785228625 0.9685294750000001 0.777534634375 0.9737908671875 0.7212058671875 0.8545641312500001 0.7223456796875001 0.8405002500000001 0.7785228625
7 0.8387464515625 0.8338633828124999 0.9658987124999999 0.8343575062499999 0.971160103125 0.78000519375 0.8446957109375001 0.779135803125 0.8387464515625 0.8338633828124999
7 0.8343618921875 0.8862392578125 0.9553757921875 0.8872274671874999 0.9667755421875001 0.8363339421875 0.8381167625 0.8346913578124999 0.8343618921875 0.8862392578125