19 0.812326778125 0.14038294375 0.7270007765625001 0.1475323859375 0.725991809375 0.26781005625 0.8115232625000001 0.25509408906250003 0.812326778125 0.14038294375
19 0.7247247015625 0.148426509375 0.6448610703125001 0.1570971671875 0.647534284375 0.27698784062500004 0.72825300625 0.26570926250000004 0.7247247015625 0.148426509375
20 0.6468150921875 0.1601064875 0.5666940703125001 0.169039115625 0.56943266875 0.2777441359375 0.648180721875 0.271330515625 0.6468150921875 0.1601064875
18 0.566765815625 0.166192440625 0.4842638390625 0.1758397390625 0.49672483749999996 0.28259135468749996 0.5740518125 0.27446396093750003 0.566765815625 0.166192440625
8 0.490269978125 0.17656004218750002 0.41223389375 0.187136640625 0.42214326562500004 0.29322487656249996 0.50560720625 0.2844524625 0.490269978125 0.17656004218750002
9 0.409736775 0.1780417265625 0.321858165625 0.1891830078125 0.3347064359375 0.299620175 0.42185274218749996 0.290460728125 0.409736775 0.1780417265625
10 0.32391142031250003 0.18822611718749999 0.25199239218749997 0.1974577796875 0.26067436875 0.30367500937499997 0.33687069687500004 0.296598003125 0.32391142031250003 0.18822611718749999
11 0.253433625 0.1967974140625 0.1834511296875 0.2065248640625 0.1928762 0.3080061859375 0.2643566421875 0.30328798749999997 0.253433625 0.1967974140625
13 0.792596059375 0.277455521875 0.7065784703125 0.283823925 0.706474825 0.3891014390625 0.7952357984375 0.38349855 0.792596059375 0.277455521875
13 0.7015615265624999 0.28236850625 0.6266030265625 0.29036655 0.6300848140624999 0.3943356703125 0.7112876515625 0.387664040625 0.7015615265624999 0.28236850625
13 0.6270843734375 0.297179065625 0.5536362140625 0.30455662031249997 0.5616402078125 0.4043241703125 0.63302380625 0.398684584375 0.6270843734375 0.297179065625
14 0.5525692125 0.296864446875 0.4730797203125 0.305570934375 0.48505651250000004 0.40771562499999997 0.5611560015625 0.399717246875 0.5525692125 0.296864446875
14 0.47785009531249995 0.3093728734375 0.404441525 0.313716665625 0.4172583453125 0.4120468171875 0.488738784375 0.407328603125 0.47785009531249995 0.3093728734375
14 0.40818116406250005 0.310876459375 0.3318305359375 0.3194852734375 0.3432261828125 0.4161016453125 0.42207117031249997 0.41060942031250003 0.40818116406250005 0.310876459375
1 0.333742021875 0.3408122 0.27504524531249996 0.3459480234375 0.284956821875 0.4166366375 0.3419988828125 0.416230640625 0.333742021875 0.3408122
2 0.2435543625 0.353782653125 0.19565085 0.358018959375 0.2025265921875 0.42343727031249995 0.2479407875 0.41866404687500003 0.2435543625 0.353782653125
0 0.3925741859375 0.4361881296875 0.3382709546875 0.43890235781250003 0.348560178125 0.49744096562499995 0.401317059375 0.4956222375 0.3925741859375 0.4361881296875
1 0.47666083124999997 0.4389880953125 0.392491771875 0.4431402078125 0.39955141250000004 0.4945657265625 0.481141646875 0.491579634375 0.47666083124999997 0.4389880953125
28 0.5382676953125001 0.42475440000000003 0.478647803125 0.42849545468750005 0.481141646875 0.491579634375 0.5427704765625 0.48758633749999997 0.5382676953125001 0.42475440000000003
29 0.6347130421875 0.42703126874999997 0.542192428125 0.43485852031250005 0.5461727093750001 0.4884708375 0.6375176484375 0.483838428125 0.6347130421875 0.42703126874999997
4 0.6909620890625 0.41103313906250005 0.6303513828125 0.41565597656250003 0.6366348265624999 0.48331018593749997 0.69505510625 0.48027517499999994 0.6909620890625 0.41103313906250005
5 0.7866262296875 0.41571968125 0.6890509390624999 0.423149334375 0.6932894593750001 0.4792186640625 0.7910514390625 0.47266973281249997 0.7866262296875 0.41571968125
17 0.726314178125 0.757228159375 0.6366182359375 0.7586501343750001 0.6374334953125 0.8057636328125 0.7260863718749999 0.8070035343749999 0.726314178125 0.757228159375
17 0.7151860015625 0.8088283625000001 0.6294444359375 0.8084664625 0.6312070765625 0.8567224515625 0.7166514703125 0.8589206578124999 0.7151860015625 0.8088283625000001
17 0.718112740625 0.6890390546875 0.632725084375 0.6901236875000001 0.6378899578125 0.7392641765625 0.7228178 0.736548321875 0.718112740625 0.6890390546875
31 0.6269952359375 0.7079261531250001 0.5426712953124999 0.707041184375 0.544434003125 0.7552972140625 0.633216 0.7577656109375 0.6269952359375 0.7079261531250001
31 0.6292489328124999 0.7588957203125 0.541419134375 0.7580982203125 0.5474668359375 0.8077670234375001 0.63114551875 0.808908703125 0.6292489328124999 0.7588957203125
31 0.624017815625 0.8075485515624999 0.5415452546874999 0.8065262625 0.545246196875 0.8496102203125 0.6248981312499999 0.8517961609375 0.624017815625 0.8075485515624999
25 0.5367695671875 0.705771425 0.4534584 0.7083442953125 0.46000155625000005 0.7548557921875 0.5428619765625 0.7560834734374999 0.5367695671875 0.705771425
25 0.53382675625 0.7565113140624999 0.45194793125 0.756944325 0.459632215625 0.8064410703125 0.53990866875 0.8066982734374999 0.53382675625 0.7565113140624999
25 0.53923061875 0.8079256390625 0.45711280781249997 0.8060848390625001 0.46359140312499997 0.8519820656249999 0.5422313937500001 0.852411265625 0.53923061875 0.8079256390625
25 0.4497747203125 0.7048288359375 0.368272253125 0.7086031687500001 0.376451928125 0.7549425890625 0.4548336125 0.7529147640625 0.4497747203125 0.7048288359375
25 0.4500627296875 0.7567808609375 0.37255424062500003 0.7572153984375001 0.37657811093750004 0.8033706015625001 0.45842652812500007 0.8028415515624999 0.4500627296875 0.7567808609375
25 0.45506332031249996 0.804358296875 0.375759784375 0.8034566109375 0.383444075 0.852953403125 0.46208399843750003 0.853382565625 0.45506332031249996 0.804358296875
25 0.369529525 0.75826254375 0.29077038593750004 0.7583587171875 0.296689028125 0.8067989750000001 0.3769654796875 0.807056178125 0.369529525 0.75826254375
25 0.3724837734375 0.806055059375 0.2974426671875 0.8060987296875 0.30607439531249997 0.8567379609374999 0.3852742796875 0.8546241390624999 0.3724837734375 0.806055059375
27 0.29289308593749996 0.806661828125 0.22043926093750002 0.8054975171875001 0.225216771875 0.8509525015625 0.3014019734375 0.8516396640625 0.29289308593749996 0.806661828125
18 0.2882704296875 0.7528378265625 0.2141979421875 0.7539859640625 0.218609053125 0.8038267343750001 0.2930930484375 0.804071715625 0.2882704296875 0.7528378265625
24 0.406064221875 0.6039066937500001 0.3556603640625 0.6043515375 0.363688421875 0.664990925 0.4122893703125 0.6629879703125 0.406064221875 0.6039066937500001
24 0.4619606765625 0.6042385796875 0.4061560796875 0.6046336125 0.41336593749999995 0.6653589734375001 0.466252003125 0.66476875625 0.4619606765625 0.6042385796875
24 0.517292546875 0.5991988218750001 0.46048505000000006 0.60202861875 0.464421734375 0.663098003125 0.519008946875 0.66295004375 0.517292546875 0.5991988218750001
26 0.5586479875 0.6088175828125 0.518430903125 0.610222225 0.5211409296875 0.659620753125 0.56250658125 0.6596203468749999 0.5586479875 0.6088175828125
30 0.6122307953125 0.5969789609375 0.5586344546875 0.599165184375 0.5635831484375 0.6619913484375 0.6188594390625 0.6605288765624999 0.6122307953125 0.5969789609375
12 0.67372703125 0.6013774187500001 0.616257503125 0.6042875343749999 0.6166628359375 0.663243925 0.6743294125 0.66090916875 0.67372703125 0.6013774187500001
16 0.728197040625 0.5979799546875 0.6736658359375001 0.599495740625 0.673382028125 0.6597666531249999 0.7313068515625 0.6598889296875 0.728197040625 0.5979799546875
6 0.7899098999999999 0.59459709375 0.728123865625 0.5981192703125 0.7307468328125 0.6624319671875 0.79181564375 0.6609817078125 0.7899098999999999 0.59459709375
15 0.41795289999999996 0.5103303796875001 0.35389526718750003 0.516715971875 0.3504239421875 0.5860165015625001 0.41666063124999997 0.5865072546875 0.41795289999999996 0.5103303796875001
18 0.4736073890625 0.5083601328125 0.41974459218750004 0.5135211953125001 0.4206874421875 0.5854629640625 0.478483203125 0.5843567171874999 0.4736073890625 0.5083601328125
42 0.7845839078125 0.505095609375 0.7509966218749999 0.5064657859375 0.753033440625 0.5777957515625001 0.7851398265625 0.5762843609375 0.7845839078125 0.505095609375
41 0.7497698390624999 0.5045650984375001 0.71824433125 0.50655455625 0.7202036765625001 0.5771474140625 0.7523100625 0.5756360218750001 0.7497698390624999 0.5045650984375001
38 0.718509209375 0.5083162359375 0.686292890625 0.50954016875 0.688588246875 0.578607203125 0.7197514546875 0.5775675765625 0.718509209375 0.5083162359375
39 0.6845510046875 0.5100233359375 0.65516841875 0.51094835625 0.6575799828125 0.5811210499999999 0.6872702828125 0.58023623125 0.6845510046875 0.5100233359375
37 0.6537107062499999 0.5118682421875 0.6241214562499999 0.51309365 0.62584838125 0.5814751765625 0.6574637734375 0.5800153890625 0.6537107062499999 0.5118682421875
35 0.6233875234374999 0.5127277718750001 0.5925834984375 0.5152905359375 0.5946851718749999 0.582514815625 0.623354821875 0.581364640625 0.6233875234374999 0.5127277718750001
37 0.5911590375 0.5072703734374999 0.5606455578125 0.5089591 0.5647624546875 0.58118834375 0.5928248968750001 0.5789840859375001 0.5911590375 0.5072703734374999
34 0.5617885078125 0.5112883671875 0.5188748249999999 0.512976759375 0.5240772609375 0.581365628125 0.5631733328124999 0.5802374640625 0.5617885078125 0.5112883671875
36 0.5175391421875 0.5154736484375 0.4795589140625 0.5167363953125 0.48260380156249993 0.58348890625 0.520227 0.5825155453125 0.5175391421875 0.5154736484375