11 0.68671875 0.271875 0.1125 0.1328125
9 0.59921875 0.290625 0.1015625 0.134375
14 0.559375 0.43671875 0.0953125 0.115625
14 0.4828125 0.44765625 0.0890625 0.1109375
14 0.4078125 0.4640625 0.0890625 0.109375
13 0.334375 0.47578125 0.084375 0.1140625
13 0.26328125 0.4875 0.0953125 0.1125
13 0.190625 0.50390625 0.0890625 0.109375
3 0.6296875 0.434375 0.06875 0.0828125
3 0.6875 0.4203125 0.0703125 0.0875
1 0.74609375 0.40859375 0.071875 0.090625
0 0.6 0.5375 0.071875 0.0765625
1 0.51484375 0.55625 0.0984375 0.06875
28 0.43984375 0.56640625 0.0640625 0.0734375
29 0.36796875 0.58203125 0.096875 0.06875
4 0.29296875 0.5890625 0.06875 0.075
5 0.22421875 0.6078125 0.0953125 0.0703125
15 0.6109375 0.63359375 0.08125 0.0859375
23 0.53984375 0.64296875 0.0796875 0.0859375
24 0.6421875 0.72265625 0.075 0.078125
24 0.578125 0.73046875 0.075 0.075
24 0.5171875 0.7375 0.0703125 0.071875
30 0.4234375 0.75234375 0.0671875 0.0703125
12 0.3703125 0.75546875 0.0609375 0.06875
16 0.315625 0.765625 0.0671875 0.06875
27 0.82890625 0.89921875 0.1046875 0.0703125
25 0.7328125 0.909375 0.0984375 0.0671875
25 0.725 0.85859375 0.1015625 0.06875
27 0.81953125 0.84609375 0.1046875 0.0703125
25 0.640625 0.91796875 0.0984375 0.0671875
25 0.63203125 0.86875 0.1015625 0.0703125
25 0.61875 0.815625 0.0984375 0.06875
25 0.5515625 0.9265625 0.096875 0.0625
31 0.4640625 0.9359375 0.090625 0.05625
31 0.453125 0.890625 0.09375 0.0625
31 0.43984375 0.84296875 0.0953125 0.0640625
17 0.38125 0.94296875 0.0875 0.0609375
17 0.36328125 0.90234375 0.096875 0.0625
17 0.34921875 0.85546875 0.096875 0.0625
6 0.25859375 0.77734375 0.06875 0.0640625
7 0.30234375 0.95234375 0.084375 0.0546875
7 0.28203125 0.9078125 0.0828125 0.0609375
7 0.27578125 0.85078125 0.078125 0.05625
26 0.475 0.75 0.0484375 0.0609375
9 0.5671697 0.35903298906250003 0.5378094515625 0.2447227359375 0.45865994218750006 0.2658200796875 0.48744531718750006 0.3770943765625 0.5671697 0.35903298906250003
8 0.48834606718750007 0.3775911328125 0.455768109375 0.25812294687500004 0.37616954375 0.2761666484375 0.41179514375000004 0.39458316718750003 0.48834606718750007 0.3775911328125
20 0.41398194374999997 0.39240578125000003 0.3648077515625 0.27901014375 0.2944104765625 0.2976307421875 0.3366161765625 0.4095123359375 0.41398194374999997 0.39240578125000003
20 0.3354576953125 0.4071817484375 0.29366133906249997 0.29898272656249997 0.2338841828125 0.31050061093750003 0.2640952125 0.41970449218750006 0.3354576953125 0.4071817484375
19 0.264181121875 0.4203157671875 0.22740138437500002 0.3064249046875 0.154010709375 0.32172609531249996 0.19389120937499998 0.4345578234375 0.264181121875 0.4203157671875
19 0.1908895671875 0.4368497265625 0.15037925624999998 0.3259765640625 0.090354240625 0.341892734375 0.1262176421875 0.44967887656250005 0.1908895671875 0.4368497265625
36 0.51152213125 0.6811002421875 0.49094775312500005 0.6123064921875 0.45111438281250005 0.620242271875 0.471557759375 0.6886648390625 0.51152213125 0.6811002421875
34 0.4685021015625 0.6890942828125 0.4495629390625 0.6208499062499999 0.4096122828125 0.62802298125 0.428885925 0.6954411609375 0.4685021015625 0.6890942828125
33 0.42539220312500003 0.695332796875 0.409096421875 0.627136478125 0.381548315625 0.6317273640625001 0.398126325 0.699164765625 0.42539220312500003 0.695332796875
35 0.35189275000000003 0.63625480625 0.36752017656249997 0.7031065546875 0.39577581875 0.6994951078125 0.37976659062499996 0.63269701875 0.35189275000000003 0.63625480625
37 0.366579975 0.7032386921875 0.3518431875 0.635902146875 0.323341059375 0.640627109375 0.3384234578125 0.7075554562499999 0.366579975 0.7032386921875
39 0.33743369218749997 0.7073349343750001 0.317896765625 0.6399537546875 0.29240614374999996 0.6456939796875 0.3097472765625 0.71158563125 0.33743369218749997 0.7073349343750001
38 0.309054890625 0.7134810671875 0.29181890625 0.645416884375 0.264193378125 0.649659025 0.2818881390625 0.7180183546875 0.309054890625 0.7134810671875
41 0.2803787109375 0.717511240625 0.260569934375 0.65160676875 0.2342980140625 0.655299046875 0.25264273125000003 0.721409278125 0.2803787109375 0.717511240625
42 0.2522717578125 0.722180665625 0.23231429218750002 0.6552182156249999 0.20737261562499998 0.6616005390625 0.223694703125 0.7269161578125 0.2522717578125 0.722180665625