18 0.259375 0.3828125 0.2359375 0.1
18 0.4546875 0.48203125 0.25625 0.075
9 0.6 0.21796875 0.1125 0.153125
20 0.4046875 0.23125 0.1140625 0.1390625
20 0.2500715625 0.165313146875 0.2640014640625 0.3058357703125 0.3645664265625 0.302826084375 0.3453672421875 0.159729203125 0.2500715625 0.165313146875
18 0.72421875 0.21015625 0.15 0.140625
14 0.425 0.36875 0.1015625 0.1171875
14 0.515625 0.3671875 0.096875 0.1125
14 0.60625 0.36171875 0.096875 0.1078125
2 0.8140625 0.35859375 0.075 0.090625
0 0.628125 0.4734375 0.0875 0.0875
4 0.2765625 0.49453125 0.08125 0.084375
5 0.18515625 0.50625 0.1125 0.0671875
45 0.16953125 0.6015625 0.0421875 0.08125
40 0.22323231406250002 0.558074278125 0.2301789109375 0.6416692953124999 0.2715353015625 0.6378180171875 0.26189624375 0.5552135140625001 0.22323231406250002 0.558074278125
37 0.2974620484375 0.5523396296875 0.30545725 0.6355462390625 0.34286194999999997 0.634074996875 0.33371449375 0.550819134375 0.2974620484375 0.5523396296875
33 0.36941507812499996 0.54829979375 0.380825828125 0.6321507203125 0.41647750468750006 0.6292143953125 0.407299840625 0.5449405921875 0.36941507812499996 0.54829979375
34 0.408057509375 0.5472049015625 0.41731062812499997 0.6275677578125001 0.4687201765625 0.6243368578124999 0.4577945609375 0.543177278125 0.408057509375 0.5472049015625
36 0.4953125 0.58203125 0.059375 0.084375
15 0.6421875 0.5703125 0.0875 0.0859375
23 0.56328125 0.57734375 0.0875 0.0859375
24 0.64765625 0.671875 0.071875 0.08125
24 0.5796875 0.67578125 0.0703125 0.0765625
24 0.5125 0.67890625 0.0734375 0.0859375
18 0.4234375 0.68828125 0.1078125 0.071875
12 0.33203125 0.69375 0.0703125 0.0734375
16 0.26640625 0.69375 0.071875 0.0796875
6 0.1953125 0.69921875 0.0796875 0.0828125