20 0.17890625 0.1 0.2421875 0.2
19 0.371875 0.12890625 0.225 0.19375
19 0.55 0.15625 0.1921875 0.1796875
14 0.7234375 0.18203125 0.2046875 0.18125
14 0.90234375 0.21015625 0.1953125 0.1765625
11 0.8828125 0.37421875 0.1921875 0.15
3 0.73359375 0.3609375 0.128125 0.1140625
3 0.61796875 0.34609375 0.140625 0.115625
2 0.50234375 0.328125 0.1296875 0.11875
0 0.5 0.45390625 0.1453125 0.10625
1 0.66171875 0.48515625 0.2046875 0.1015625
28 0.83203125 0.49765625 0.1453125 0.1078125
15 0.50859375 0.56015625 0.1625 0.10625
23 0.66953125 0.584375 0.1609375 0.1046875
24 0.51015625 0.665625 0.125 0.090625
24 0.62265625 0.68203125 0.121875 0.090625
24 0.73203125 0.69609375 0.1203125 0.090625
26 0.825 0.7140625 0.0875 0.0734375
30 0.91640625 0.72421875 0.1125 0.0890625
27 0.2484375 0.8078125 0.184375 0.090625
25 0.41171875 0.8375 0.1765625 0.090625
25 0.57890625 0.86328125 0.175 0.0828125
25 0.74921875 0.88359375 0.1765625 0.0859375
25 0.75625 0.8296875 0.18125 0.0875
25 0.396875 0.77265625 0.2 0.096875
25 0.58359375 0.8078125 0.1875 0.0921875