19 0.46796875 0.2453125 0.1546875 0.1640625
14 0.59375 0.2125 0.1546875 0.165625
13 0.72734375 0.18125 0.1578125 0.171875
9 0.853125 0.1546875 0.1546875 0.1609375
7 0.5875 0.5359375 0.1515625 0.096875
29 0.72421875 0.5046875 0.1515625 0.0953125
31 0.59765625 0.64140625 0.1421875 0.0921875
24 0.7046875 0.61171875 0.1 0.0921875
27 0.6390625 0.8078125 0.1453125 0.0875
27 0.628125 0.75078125 0.14375 0.0875
25 0.771875 0.77734375 0.146875 0.0875
25 0.7625 0.71796875 0.146875 0.0890625
39 0.5 0.4203125 0.071875 0.0984375
38 0.5546875 0.40703125 0.06875 0.0984375
40 0.60546875 0.39453125 0.0640625 0.096875
41 0.65546875 0.3828125 0.065625 0.096875
42 0.7046875 0.37109375 0.0640625 0.096875
35 0.75390625 0.359375 0.0671875 0.096875
33 0.80546875 0.34765625 0.0671875 0.0984375
37 0.85859375 0.3359375 0.0703125 0.1
32 0.9078125 0.32421875 0.06875 0.1