11 0.9015625 0.29921875 0.1375 0.1546875
10 0.8046875 0.2765625 0.11875 0.1421875
9 0.72109375 0.259375 0.1078125 0.1375
8 0.6375 0.2359375 0.11875 0.1484375
20 0.546875 0.21640625 0.1125 0.14375
20 0.4625 0.1921875 0.1140625 0.15
21 0.37265625 0.171875 0.1109375 0.1453125
21 0.29453125 0.153125 0.1140625 0.14375
2 0.85703125 0.45390625 0.0828125 0.0953125
3 0.790625 0.43984375 0.071875 0.0890625
3 0.73359375 0.42265625 0.0796875 0.096875
14 0.6640625 0.39375 0.10625 0.1234375
14 0.58046875 0.3734375 0.109375 0.1234375
14 0.50078125 0.35390625 0.0984375 0.1203125
13 0.42421875 0.33046875 0.103125 0.1296875
13 0.34453125 0.3109375 0.109375 0.1328125
13 0.25859375 0.29140625 0.109375 0.134375
0 0.65625 0.51796875 0.075 0.08125
1 0.57421875 0.50390625 0.109375 0.0828125
28 0.49609375 0.478125 0.075 0.0796875
29 0.41796875 0.46328125 0.1109375 0.0859375
4 0.34140625 0.43203125 0.0765625 0.0890625
5 0.25 0.41796875 0.115625 0.084375
15 0.6234375 0.6046875 0.0890625 0.0921875
23 0.55 0.5859375 0.0875 0.09375
24 0.59921875 0.70078125 0.0796875 0.0828125
24 0.54296875 0.68671875 0.0703125 0.0765625
24 0.48203125 0.67421875 0.071875 0.0765625
30 0.3890625 0.65 0.0734375 0.0828125
26 0.4328125 0.66484375 0.0484375 0.0609375
16 0.26875 0.62265625 0.0765625 0.084375
6 0.20703125 0.60703125 0.08125 0.0859375
27 0.72109375 0.890625 0.10625 0.075
27 0.70390625 0.9421875 0.0984375 0.0703125
25 0.62890625 0.87265625 0.0984375 0.0734375
25 0.61328125 0.93203125 0.103125 0.0734375
25 0.5203125 0.91015625 0.1 0.071875
25 0.53984375 0.85703125 0.109375 0.0796875
25 0.4421875 0.83828125 0.1078125 0.0796875
25 0.43046875 0.8921875 0.1046875 0.0734375
31 0.35625 0.75703125 0.10625 0.078125
31 0.34375 0.8140625 0.1078125 0.0765625
31 0.3296875 0.8671875 0.103125 0.0703125
17 0.25546875 0.7828125 0.1 0.075
17 0.2390625 0.84453125 0.1046875 0.075
7 0.13828125 0.8296875 0.109375 0.0828125
7 0.15234375 0.76796875 0.1140625 0.08125
7 0.1765625 0.69921875 0.1078125 0.078125
42 0.19609375 0.50546875 0.05 0.0828125
41 0.2296875 0.51328125 0.05 0.084375
38 0.26484375 0.52265625 0.05 0.0859375
39 0.29921875 0.53046875 0.05 0.084375
35 0.36640625 0.54609375 0.05 0.084375
33 0.403125 0.55390625 0.05 0.0828125
36 0.4921875 0.5765625 0.0609375 0.084375
34 0.45564210312500003 0.6060289203125 0.47761591562500005 0.532843490625 0.43317882812499997 0.52258438125 0.41248851875000003 0.5960661296875001 0.45564210312500003 0.6060289203125
18 0.3296875 0.63359375 0.0703125 0.08125
18 0.334375 0.53125 0.0453125 0.071875