13 0.190625 0.27265625 0.1796875 0.15625
14 0.35859375 0.27109375 0.1609375 0.140625
14 0.50703125 0.26796875 0.1546875 0.1375
14 0.64453125 0.2578125 0.1296875 0.1296875
19 0.7734375 0.25390625 0.140625 0.1265625
19 0.90625 0.2453125 0.153125 0.1296875
2 0.8078125 0.390625 0.0859375 0.0875
3 0.715625 0.396875 0.1046875 0.090625
3 0.63046875 0.40234375 0.0875 0.090625
9 0.23125 0.42421875 0.1546875 0.121875
8 0.078125 0.43359375 0.15625 0.1234375
11 0.51953125 0.4046875 0.15 0.1140625
5 0.11171875 0.5671875 0.1921875 0.084375
4 0.265625 0.54140625 0.1171875 0.09375
29 0.41015625 0.5359375 0.175 0.078125
28 0.5453125 0.51328125 0.109375 0.0859375
1 0.67734375 0.509375 0.15625 0.075
0 0.790625 0.4921875 0.0859375 0.078125
23 0.66640625 0.5984375 0.1265625 0.084375
15 0.78125 0.584375 0.1140625 0.08125
6 0.07734375 0.78046875 0.11875 0.0859375
16 0.19765625 0.7625 0.1171875 0.0875
12 0.3125 0.74375 0.1171875 0.084375
30 0.4265625 0.728125 0.1125 0.0875
24 0.78125 0.675 0.0953125 0.0796875
24 0.69140625 0.68984375 0.096875 0.0796875
24 0.5953125 0.70234375 0.1015625 0.0828125
26 0.5140625 0.71953125 0.0703125 0.0703125
25 0.9528070156249999 0.7376346218750001 0.8244469796875 0.7613394390625 0.829205134375 0.8140057984375 0.9587981328125 0.791074859375 0.9528070156249999 0.7376346218750001
25 0.947573934375 0.79740451875 0.82212765625 0.8204445296875 0.8212594093750001 0.8695417624999999 0.9518880718749999 0.8460430734375001 0.947573934375 0.79740451875
25 0.8178126593749999 0.820250934375 0.8244739750000001 0.7676474468750001 0.6898822984375 0.7900665453125 0.688254046875 0.8436747984374999 0.8178126593749999 0.820250934375
25 0.8105579234375 0.8702900843749999 0.8133717203125 0.8204022609375 0.6807285734375 0.8437057203125 0.681206115625 0.896671390625 0.8105579234375 0.8702900843749999
25 0.6785192906249999 0.84286955 0.6795237890625 0.7907779671874999 0.5399564640625 0.8144192968749999 0.53408206875 0.868819796875 0.6785192906249999 0.84286955
25 0.6801359859375 0.8967462218750001 0.6751551671875 0.8436807109375 0.5384660796875 0.8699991703125001 0.5412563109375 0.925279753125 0.6801359859375 0.8967462218750001
31 0.53770615625 0.8745101828124999 0.5346597234375 0.8151400484375 0.38039919375000003 0.8394455796875 0.382601834375 0.9017016609375 0.53770615625 0.8745101828124999
31 0.5371825046875001 0.928536525 0.5361602734375001 0.8750578765625001 0.38598465000000004 0.903941703125 0.39081182187499997 0.9575938765625001 0.5371825046875001 0.928536525
17 0.384218528125 0.9555783343750001 0.3806774140625 0.9014000781249999 0.22338931875 0.9316569625 0.2283888296875 0.9877736796875001 0.384218528125 0.9555783343750001
17 0.36755244062500003 0.8864084906249999 0.36204300625 0.8272105859375 0.200959046875 0.8569464421875 0.20623413125 0.9170063953125001 0.36755244062500003 0.8864084906249999
7 0.1670226578125 1 0.21777246875 0.9897393578125 0.22143856875 0.931717675 0.0416855078125 0.9629223890624999 0.041722471875 1 0.1670226578125 1
7 0.1942735390625 0.8997486406249999 0.1886048921875 0.84676405625 0.0257465203125 0.8733936703125 0.0305736921875 0.9270458640625 0.1942735390625 0.8997486406249999
36 0.5970722421875 0.643194875 0.5898877515625001 0.5685881828125 0.5207886640625 0.5775335015625 0.53044646875 0.651568728125 0.5970722421875 0.643194875
34 0.52253523125 0.6537729718749999 0.5188087296874999 0.5776837890625 0.446971159375 0.5855846703124999 0.4514217796875 0.6620478296875 0.52253523125 0.6537729718749999
33 0.448717725 0.6618241546875 0.44424089375 0.5849607171875 0.3910180484375 0.5927994296875 0.3963605125 0.669200225 0.448717725 0.6618241546875
35 0.391930284375 0.6699227750000001 0.3853561515625 0.5921722953125 0.32968562343749996 0.59997755625 0.3342798578125 0.6784944984375 0.391930284375 0.6699227750000001
37 0.3342511359375 0.6780837484375 0.32762238906249996 0.5998190484375 0.270108028125 0.6066202281249999 0.27835567499999997 0.6861199921875001 0.3342511359375 0.6780837484375
39 0.2730910453125 0.687726409375 0.26535648125 0.606751403125 0.2070206390625 0.61433385 0.21975595781249999 0.69393258125 0.2730910453125 0.687726409375
38 0.2146062203125 0.6971820296875 0.19978116875000002 0.61443083125 0.13941698281249998 0.6215377421875 0.15695579375 0.705753753125 0.2146062203125 0.6971820296875
41 0.147865553125 0.70391281875 0.137515259375 0.6213631859375 0.0798392515625 0.6281804265625001 0.091912646875 0.7111275640625 0.147865553125 0.70391281875
42 0.0838290046875 0.7108672765625 0.073055040625 0.6289646390625 0.0140478734375 0.6356703671874999 0.022640193750000003 0.7200992203125 0.0838290046875 0.7108672765625