20 0.2078125 0.28359375 0.1015625 0.1265625
20 0.2828125 0.27265625 0.0953125 0.11875
19 0.35859375 0.25859375 0.09375 0.11875
19 0.43046875 0.2453125 0.0875 0.1140625
14 0.50390625 0.2328125 0.09375 0.1171875
14 0.5765625 0.2171875 0.0890625 0.1140625
13 0.64140625 0.2078125 0.0828125 0.1125
13 0.7140625 0.19296875 0.0953125 0.11875
23 0.7203125 0.32265625 0.075 0.0875
15 0.65390625 0.3234375 0.084375 0.0984375
8 0.58359375 0.3359375 0.0890625 0.1078125
9 0.5171875 0.35 0.0890625 0.109375
10 0.446875 0.36484375 0.0921875 0.1046875
11 0.3734375 0.378125 0.090625 0.109375
3 0.3046875 0.4046875 0.071875 0.0859375
2 0.2484375 0.41875 0.065625 0.08125
1 0.44375 0.47890625 0.096875 0.0703125
28 0.51953125 0.45625 0.0734375 0.078125
29 0.59296875 0.44609375 0.0984375 0.0703125
4 0.66015625 0.42734375 0.065625 0.0734375
5 0.7296875 0.41796875 0.0953125 0.0671875
24 0.45390625 0.6484375 0.06875 0.078125
24 0.5078125 0.6375 0.06875 0.075
24 0.5640625 0.625 0.0640625 0.075
30 0.65625 0.60625 0.0640625 0.0703125
16 0.71015625 0.59453125 0.0671875 0.0703125
6 0.765625 0.58203125 0.071875 0.071875
26 0.61015625 0.62109375 0.046875 0.0609375
17 0.6984375 0.684375 0.0875 0.059375
17 0.71171875 0.73515625 0.0890625 0.0609375
17 0.7171875 0.784375 0.0890625 0.0609375
31 0.615625 0.70546875 0.09375 0.0625
31 0.62578125 0.75625 0.0953125 0.0625
31 0.63515625 0.8046875 0.0890625 0.059375
25 0.53125 0.725 0.0953125 0.0640625
25 0.5390625 0.77734375 0.09375 0.0640625
25 0.5484375 0.82421875 0.0953125 0.0640625
25 0.45234375 0.79765625 0.0984375 0.0640625
25 0.46484375 0.84765625 0.09375 0.059375
27 0.3546875 0.8015625 0.0984375 0.06875
27 0.378125 0.8671875 0.1 0.0703125
12 0.75234375 0.503125 0.0578125 0.0671875
36 0.43046875 0.5703125 0.059375 0.0765625
34 0.47421875 0.559375 0.05625 0.0734375
40 0.7125 0.509375 0.0390625 0.071875
42 0.684375 0.515625 0.040625 0.0703125
41 0.65546875 0.52109375 0.0421875 0.071875
38 0.628125 0.528125 0.0390625 0.071875
39 0.5984375 0.53359375 0.0421875 0.071875
33 0.56875 0.5390625 0.040625 0.071875
35 0.540625 0.54609375 0.040625 0.071875
37 0.5125 0.55078125 0.040625 0.0734375