11 0.96171875 0.32734375 0.0765625 0.1390625
10 0.890625 0.3125 0.1140625 0.1375
9 0.7984375 0.30625 0.10625 0.1171875
8 0.721875 0.29296875 0.09375 0.11875
22 0.64296875 0.275 0.0859375 0.121875
22 0.575 0.26328125 0.090625 0.1234375
19 0.5078125 0.25546875 0.0859375 0.1125
19 0.44453125 0.2453125 0.0859375 0.1171875
13 0.42109375 0.35703125 0.0828125 0.1078125
13 0.4828125 0.36953125 0.0828125 0.1109375
13 0.55 0.38359375 0.0890625 0.1140625
14 0.61796875 0.40234375 0.0875 0.1078125
14 0.68828125 0.41328125 0.0953125 0.115625
14 0.76328125 0.42734375 0.1015625 0.121875
2 0.82890625 0.4515625 0.071875 0.0890625
3 0.8953125 0.465625 0.084375 0.09375
2 0.959375 0.4765625 0.08125 0.103125
0 0.76171875 0.54296875 0.08125 0.08125
1 0.68046875 0.52890625 0.1 0.071875
28 0.61015625 0.50546875 0.06875 0.08125
29 0.53984375 0.4953125 0.0984375 0.0734375
4 0.47109375 0.46953125 0.059375 0.0734375
5 0.409375 0.4609375 0.08125 0.0640625
14 0.7328125 0.6328125 0.0953125 0.090625
23 0.6609375 0.61171875 0.0828125 0.0828125
24 0.7171875 0.721875 0.0765625 0.0828125
24 0.65703125 0.7046875 0.065625 0.0734375
24 0.60078125 0.68828125 0.0671875 0.0796875
26 0.55625 0.6796875 0.04375 0.059375
30 0.51640625 0.6625 0.0671875 0.0796875
12 0.4609375 0.6484375 0.0640625 0.071875
16 0.41015625 0.63203125 0.0609375 0.06875
6 0.359375 0.615625 0.065625 0.071875
27 0.8898833609375 0.99359655 0.9060625515625 0.9339280984375 0.8038689109374999 0.896955203125 0.7887797625 0.9547517687499999 0.8898833609375 0.99359655
27 0.88738160625 1 0.8890962484375 0.9939551375000001 0.786096865625 0.9541815015624999 0.7752518140625 1 0.88738160625 1
25 0.7859608921875 0.9515231234374999 0.8010449828124999 0.8968808546875 0.7061479546875 0.8619847984375 0.69371268125 0.9171900890625 0.7859608921875 0.9515231234374999
25 0.771155690625 1 0.784506478125 0.95489524375 0.690737953125 0.9212908484375 0.6783515859375 0.969669896875 0.7570822609375 1 0.771155690625 1
25 0.6818825671875001 0.9167791031249999 0.6925660453125 0.8596237703125 0.604295703125 0.8266621531249999 0.5923951796875 0.8793516328125 0.6818825671875001 0.9167791031249999
25 0.6760185640625 0.9707516828125 0.6860616078125 0.9166155953124999 0.5999091171875001 0.8835782468750001 0.5872309203125 0.936628321875 0.6760185640625 0.9707516828125
25 0.6929962796875 0.8513008921875 0.7058570828125 0.8003932125000001 0.6178585234375 0.772748321875 0.6083689546875 0.820691309375 0.6929962796875 0.8513008921875
25 0.5808735515625 0.9368547078124999 0.5922351515625001 0.8829988859375 0.5081467468749999 0.8535556468750001 0.4986862 0.9046601765625001 0.5808735515625 0.9368547078124999
25 0.5828201609375 0.8815235625 0.5967561171875 0.8287408328125 0.51111395625 0.800019121875 0.49886356249999997 0.851056546875 0.5828201609375 0.8815235625
25 0.6001934265625 0.82947145625 0.6130029484375 0.775397503125 0.5272527250000001 0.7471787187500001 0.5144675765625 0.8007319546874999 0.6001934265625 0.82947145625
17 0.5077603359375 0.7993062875 0.5210044203125 0.7463764953124999 0.44131297031249994 0.71944554375 0.431424621875 0.7725627234375 0.5077603359375 0.7993062875
17 0.4991844125 0.8495470609375 0.5109024875 0.8005000687500001 0.4343214171875 0.772126665625 0.4263871984375 0.819348465625 0.4991844125 0.8495470609375
17 0.4915710421875 0.8952593734375001 0.501199175 0.8494494171875001 0.42515270000000005 0.81856016875 0.41442863281250003 0.8657148625 0.4915710421875 0.8952593734375001
31 0.4127373125 0.8637776765625 0.4241156140625 0.8162361484374999 0.3508001375 0.7890827640625 0.34074679375 0.8363800250000001 0.4127373125 0.8637776765625
31 0.42490977656249995 0.816404953125 0.433818925 0.7672868 0.35838448437500003 0.7402089125 0.3491378375 0.79030711875 0.42490977656249995 0.816404953125
7 0.3399400984375 0.8335790796874999 0.3513296125 0.7891953078125 0.2773612203125 0.7619031421875 0.2667441046875 0.8085546750000001 0.3399400984375 0.8335790796874999
7 0.34787431875 0.78635728125 0.3577854609375 0.7390297953125 0.2855093421875 0.7136750203125 0.27513514843750003 0.7624817671875 0.34787431875 0.78635728125
7 0.3607083734375 0.7259778 0.372039053125 0.6752707765625 0.29770169375 0.6563145125000001 0.2893106515625 0.70238741875 0.3607083734375 0.7259778
36 0.6177696359375 0.63280080625 0.6338864515625 0.5681433171875 0.5942255890625 0.558620896875 0.5791346625 0.62276828125 0.6177696359375 0.63280080625
34 0.5736365359375 0.6212355374999999 0.5906716953125 0.55677325 0.5544197 0.54724724375 0.5369329921875 0.6112494703125 0.5736365359375 0.6212355374999999
42 0.3646336640625 0.5633395921875 0.37552684062499997 0.50012035625 0.352254046875 0.4937172453125 0.342715196875 0.556860271875 0.3646336640625 0.5633395921875
41 0.3910274265625 0.5693138421875 0.4048819109375 0.5081803765624999 0.3795024640625 0.5002372375 0.36610074843749996 0.56328735 0.3910274265625 0.5693138421875
39 0.44283230781249994 0.5836020421875 0.45667902812500005 0.5202824359375 0.43169765 0.51497248125 0.4189083671875 0.5774246078124999 0.44283230781249994 0.5836020421875