19 0.48515625 0.24453125 0.1234375 0.19375
14 0.36640625 0.246875 0.109375 0.178125
13 0.24921875 0.24921875 0.125 0.175
9 0.12421875 0.24140625 0.125 0.1765625
5 0.196875 0.59375 0.128125 0.075
29 0.3203125 0.596875 0.121875 0.075
7 0.44609375 0.596875 0.1234375 0.075
31 0.4625 0.7109375 0.1125 0.071875
24 0.36640625 0.70078125 0.071875 0.0796875
23 0.28203125 0.7015625 0.090625 0.09375
15 0.190625 0.6984375 0.0875 0.09375
25 0.215625 0.90078125 0.11875 0.0609375
25 0.3296875 0.8984375 0.115625 0.0609375
25 0.328125 0.834375 0.11875 0.059375
27 0.44453125 0.903125 0.1140625 0.053125
27 0.44375 0.8484375 0.1171875 0.053125
39 0.50703125 0.45 0.04375 0.103125
38 0.46015625 0.44921875 0.0453125 0.1046875
40 0.41484375 0.44765625 0.04375 0.10625
41 0.36953125 0.44609375 0.04375 0.10625
42 0.32421875 0.44453125 0.04375 0.1046875
35 0.2765625 0.44375 0.0484375 0.10625
37 0.2059780296875 0.49506172812499993 0.20021807812499998 0.391358025 0.15255915625 0.3882716046875 0.1598984171875 0.49506172812499993 0.2059780296875 0.49506172812499993
32 0.15742986718750002 0.49506172812499993 0.150847065625 0.391358025 0.10235339531250001 0.38703703749999996 0.1105274046875 0.49382716093749995 0.15742986718750002 0.49506172812499993