19 0.4078125 0.2359375 0.1359375 0.1765625
13 0.25078125 0.2765625 0.125 0.1640625
9 0.165625 0.3015625 0.1203125 0.15625
7 0.478125 0.5484375 0.1203125 0.0984375
28 0.3796875 0.56328125 0.1078125 0.0953125
5 0.2890625 0.575 0.10625 0.096875
31 0.515625 0.66328125 0.1140625 0.1
24 0.4741318671875 0.6963497546874999 0.4538941046875 0.6202824859375 0.3948798046875 0.6225908687499999 0.41395846562500005 0.6999014046875 0.4741318671875 0.6963497546874999
23 0.41298485625000003 0.701098425 0.3902830765625 0.615148515625 0.322567703125 0.62344340625 0.34398016875000004 0.7049434203125 0.41298485625000003 0.701098425
15 0.33971532656250003 0.7031439484375 0.31573833125 0.62228334375 0.2537714015625 0.628190715625 0.2757250890625 0.7066929734375 0.33971532656250003 0.7031439484375
27 0.5871177546874999 0.8585197453125 0.5733927265625 0.799547078125 0.47860350625 0.80336119375 0.49517961093749996 0.8586867859374999 0.5871177546874999 0.8585197453125
25 0.49276050781249997 0.8607580453124999 0.47362065312499996 0.8075397796875 0.38727415781249996 0.8099829406250001 0.40703903906249994 0.8623113140625 0.49276050781249997 0.8607580453124999
25 0.47799484999999997 0.8093853890625 0.45522972968750003 0.7534007296875 0.3700883046875 0.7606818203125 0.38766718125 0.812087115625 0.47799484999999997 0.8093853890625
25 0.3869779453125 0.809322740625 0.368991334375 0.7528807171875 0.286939684375 0.7608595499999999 0.30488174218749997 0.81364240625 0.3869779453125 0.809322740625
25 0.40508394531249997 0.85839444375 0.3880714953125 0.8097841421875 0.30792376718750003 0.813618 0.32229850781249997 0.8599497328125001 0.40508394531249997 0.85839444375
39 0.5100849546874999 0.44924179375 0.4856505390625 0.35407512812499997 0.44880027343749995 0.3616724796875 0.472993471875 0.45636913437500004 0.5100849546874999 0.44924179375
38 0.47195479375 0.45503765312500005 0.44643859218750004 0.3612010109375 0.4122411671875 0.36813693125 0.43606954531250003 0.4613340953125 0.47195479375 0.45503765312500005
40 0.43394908125000003 0.46133263593749996 0.4073510859375 0.368826015625 0.3741833484375 0.3770956609375 0.400059853125 0.4671314125 0.43394908125000003 0.46133263593749996
41 0.399021175 0.46579993125 0.3733374140625 0.37412566875 0.341492784375 0.3820654265625 0.36725241249999996 0.4716001703125 0.399021175 0.46579993125
42 0.3026869234375 0.3912106640625 0.3304529328125 0.477064253125 0.3642990484375 0.47392697968749997 0.332965759375 0.38472160624999996 0.3026869234375 0.3912106640625
35 0.2697119265625 0.3978418015625 0.2952330234375 0.4831948078125 0.3292466984375 0.47789515156249995 0.3019795265625 0.39085688749999997 0.2697119265625 0.3978418015625
33 0.2346164625 0.40447147968749997 0.26279892031249996 0.48916093437499997 0.2968125953125 0.48386127968750003 0.26687586093750004 0.3974886109375 0.2346164625 0.40447147968749997