19 0.21796875 0.06328125 0.1328125 0.1265625
19 0.3140625 0.07109375 0.125 0.1421875
20 0.4046875 0.07734375 0.1203125 0.153125
20 0.496875 0.0921875 0.1140625 0.146875
8 0.59375 0.10859375 0.128125 0.1484375
9 0.70625 0.1125 0.1390625 0.171875
10 0.80703125 0.1328125 0.1140625 0.146875
11 0.89140625 0.14765625 0.115625 0.1453125
2 0.884375 0.3203125 0.084375 0.0953125
2 0.8203125 0.3125 0.0734375 0.09375
3 0.7609375 0.30234375 0.0828125 0.096875
14 0.6828125 0.27421875 0.11875 0.1375
14 0.5890625 0.26328125 0.10625 0.1296875
14 0.5 0.24921875 0.1125 0.13125
13 0.40390625 0.23359375 0.1203125 0.1328125
13 0.31328125 0.22109375 0.103125 0.125
13 0.1507933484375 0.13427378125 0.1460433796875 0.2557496734375 0.25439005312499996 0.2735639859375 0.2554805296875 0.150307075 0.1507933484375 0.13427378125
5 0.2078125 0.359375 0.121875 0.0859375
4 0.30078125 0.36796875 0.084375 0.090625
29 0.38828125 0.38515625 0.1171875 0.0859375
28 0.4765625 0.4 0.0765625 0.0828125
1 0.56953125 0.415625 0.115625 0.084375
0 0.66015625 0.42109375 0.0875 0.096875
15 0.6453125 0.534375 0.1 0.1015625
23 0.5625 0.521875 0.0921875 0.096875
36 0.49921875 0.51171875 0.0609375 0.0921875
33 0.39609375 0.496875 0.0515625 0.090625
18 0.3390625 0.4859375 0.0859375 0.0953125
41 0.28203125 0.4765625 0.053125 0.0921875
40 0.24453125 0.47265625 0.053125 0.09375
45 0.16796875 0.46015625 0.0546875 0.09375
24 0.63515625 0.64375 0.08125 0.096875
24 0.56640625 0.63359375 0.0796875 0.090625
24 0.49765625 0.62265625 0.0828125 0.090625
26 0.440625 0.621875 0.0625 0.0734375
30 0.37734375 0.60703125 0.0890625 0.0953125
12 0.309375 0.5984375 0.0859375 0.0953125
16 0.240625 0.5859375 0.0828125 0.0953125
6 0.17109375 0.5734375 0.084375 0.090625
7 0.153125 0.6953125 0.11875 0.0765625
7 0.14140625 0.759375 0.121875 0.0859375
7 0.13671875 0.821875 0.1171875 0.075
17 0.2390625 0.83828125 0.1109375 0.0703125
17 0.24765625 0.77578125 0.1171875 0.0734375
17 0.25546875 0.71171875 0.1171875 0.0734375
31 0.340625 0.85 0.1109375 0.0734375
31 0.346875 0.78984375 0.1171875 0.0765625
31 0.35859375 0.72578125 0.11875 0.0875
25 0.44296875 0.8640625 0.121875 0.0875
25 0.45 0.803125 0.1125 0.0796875
25 0.45859375 0.740625 0.1125 0.0796875
25 0.5625 0.74921875 0.1109375 0.08125
25 0.55703125 0.81796875 0.11875 0.084375
25 0.546875 0.88046875 0.121875 0.08125
25 0.65078125 0.89609375 0.11875 0.0828125
25 0.665625 0.83203125 0.115625 0.084375
27 0.78359375 0.85546875 0.128125 0.0859375
27 0.771875 0.91484375 0.115625 0.075