11 0.84375 0.0984375 0.11875 0.153125
10 0.72734375 0.09765625 0.103125 0.1484375
9 0.625 0.09609375 0.1125 0.15625
8 0.5140625 0.0953125 0.10625 0.15625
20 0.41015625 0.096875 0.0953125 0.1515625
20 0.3078125 0.0953125 0.1 0.1578125
21 0.2046875 0.0953125 0.1 0.1546875
21 0.09453125 0.09296875 0.115625 0.1578125
14 0.4140625 0.26875 0.096875 0.1328125
14 0.51328125 0.26875 0.096875 0.1296875
14 0.61015625 0.26796875 0.096875 0.134375
3 0.70390625 0.28515625 0.0765625 0.1015625
3 0.775 0.2828125 0.071875 0.0984375
2 0.84375 0.28359375 0.06875 0.1046875
0 0.6421875 0.409375 0.0734375 0.0890625
1 0.5484375 0.415625 0.1125 0.075
28 0.45546875 0.40625 0.0734375 0.0953125
29 0.3625 0.41484375 0.1140625 0.0765625
4 0.2640625 0.403125 0.078125 0.0921875
5 0.16328125 0.41171875 0.1203125 0.078125
15 0.64453125 0.5234375 0.0875 0.096875
23 0.553125 0.525 0.0890625 0.09375
24 0.6484375 0.65234375 0.075 0.0796875
24 0.57734375 0.653125 0.06875 0.084375
24 0.50859375 0.6484375 0.065625 0.084375
26 0.45234375 0.65625 0.0453125 0.071875
30 0.39609375 0.653125 0.0671875 0.078125
12 0.31875 0.653125 0.0671875 0.084375
16 0.2484375 0.646875 0.0671875 0.08125
6 0.17109375 0.6453125 0.0765625 0.084375
27 0.821875 0.8984375 0.10625 0.0609375
27 0.8234375 0.840625 0.1140625 0.065625
25 0.71484375 0.89609375 0.103125 0.059375
25 0.7078125 0.840625 0.1078125 0.0671875
25 0.5984375 0.9046875 0.1078125 0.059375
25 0.59453125 0.84453125 0.1078125 0.065625
25 0.4859375 0.8984375 0.103125 0.059375
25 0.48359375 0.8375 0.10625 0.0640625
31 0.3765625 0.89296875 0.1046875 0.0640625
31 0.371875 0.834375 0.1046875 0.0609375
31 0.36796875 0.77265625 0.109375 0.06875
17 0.2640625 0.896875 0.10625 0.065625
17 0.2625 0.834375 0.1046875 0.0625
17 0.26015625 0.77109375 0.109375 0.065625
7 0.159375 0.89453125 0.1046875 0.0625
7 0.15703125 0.83125 0.1109375 0.065625
33 0.3734375 0.52265625 0.040625 0.0890625
35 0.334375 0.5234375 0.0375 0.090625
37 0.296875 0.521875 0.0390625 0.090625
39 0.27879824375 0.5673303078124999 0.2739496265625 0.4804268953125 0.23478604062500003 0.4809008765625 0.2409841203125 0.5678278421875 0.27879824375 0.5673303078124999
38 0.240212815625 0.5678143796875 0.23381208281250002 0.4808838765625 0.193886696875 0.481344559375 0.20086618125000003 0.5677063734375001 0.240212815625 0.5678143796875
41 0.1993134734375 0.5682580625 0.19370483593750001 0.479605009375 0.15612307187500002 0.47894901718750005 0.163052059375 0.568203909375 0.1993134734375 0.5682580625
42 0.16151955 0.5675983671875 0.15202431562500002 0.4800350578125 0.1144423265625 0.4799578515625 0.123715525 0.5675172875000001 0.16151955 0.5675983671875
18 0.42265625 0.51875 0.053125 0.0765625
18 0.22578125 0.265625 0.2796875 0.140625
25 0.62109375 0.77890625 0.1109375 0.0703125