19 0.62734375 0.27421875 0.1390625 0.165625
13 0.81328125 0.28203125 0.1453125 0.171875
9 0.92890625 0.2921875 0.121875 0.1578125
41 0.57890625 0.446875 0.0484375 0.1046875
40 0.62421875 0.44921875 0.0515625 0.103125
43 0.66796875 0.453125 0.0515625 0.103125
44 0.71015625 0.45390625 0.05 0.1046875
45 0.7515625 0.45625 0.053125 0.103125
18 0.79453125 0.45859375 0.0515625 0.103125
33 0.834375 0.46171875 0.0546875 0.1015625
37 0.88125 0.46484375 0.059375 0.1015625
32 0.92578125 0.46640625 0.0578125 0.103125
5 0.86171875 0.61015625 0.1234375 0.08125
29 0.746875 0.60078125 0.1203125 0.078125
7 0.634375 0.5921875 0.1265625 0.084375
31 0.596875 0.70390625 0.1140625 0.0765625
24 0.6890625 0.70546875 0.08125 0.0921875
23 0.76875 0.70546875 0.09375 0.096875
15 0.859375 0.7125 0.1046875 0.1
27 0.59921875 0.8984375 0.1171875 0.0765625
25 0.71171875 0.90390625 0.1203125 0.0734375
25 0.82265625 0.9125 0.1203125 0.071875