10 0.81171875 0.19453125 0.1515625 0.13125
9 0.684375 0.21015625 0.14375 0.1296875
8 0.5609375 0.22578125 0.1453125 0.1234375
20 0.42734375 0.23828125 0.1359375 0.1265625
20 0.2953125 0.25234375 0.1375 0.128125
19 0.17421875 0.2640625 0.1390625 0.1234375
19 0.06015625 0.26953125 0.1203125 0.1265625
2 0.94140625 0.32265625 0.0921875 0.0796875
3 0.8546875 0.3296875 0.0984375 0.084375
3 0.7640625 0.34296875 0.1046875 0.0875
14 0.653125 0.34140625 0.140625 0.115625
14 0.5296875 0.35625 0.1359375 0.1109375
14 0.4140625 0.3703125 0.125 0.103125
13 0.30859375 0.37265625 0.1359375 0.11875
13 0.18828125 0.3859375 0.1296875 0.1140625
13 0.06640625 0.39453125 0.1328125 0.1203125
18 0.140625 0.49140625 0.121875 0.065625
4 0.24375 0.48046875 0.0921875 0.0765625
29 0.35859375 0.4765625 0.14375 0.06875
28 0.4734375 0.4609375 0.1015625 0.075
1 0.5890625 0.45546875 0.1515625 0.0703125
0 0.70859375 0.43984375 0.103125 0.071875
15 0.7 0.528125 0.1203125 0.0859375
23 0.5921875 0.540625 0.121875 0.0859375
36 0.49921875 0.546875 0.0828125 0.0765625
34 0.43046875 0.5546875 0.0734375 0.0734375
18 0.37265625 0.55859375 0.059375 0.0703125
35 0.32421875 0.56328125 0.059375 0.0734375
37 0.27421875 0.56953125 0.05625 0.0734375
41 0.2296875 0.57265625 0.05625 0.0734375
40 0.18125 0.5765625 0.053125 0.0703125
18 0.11328125 0.5828125 0.0921875 0.0734375
24 0.70703125 0.6140625 0.0984375 0.0734375
24 0.6171875 0.6234375 0.09375 0.071875
24 0.53203125 0.6328125 0.09375 0.071875
26 0.446875 0.63828125 0.071875 0.0640625
12 0.30859375 0.65078125 0.096875 0.0640625
16 0.21953125 0.65625 0.0984375 0.0703125
6 0.1296875 0.6625 0.0921875 0.071875
7 0.1265625 0.846875 0.1359375 0.0625
7 0.11328125 0.803125 0.1421875 0.0625
17 0.2453125 0.7390625 0.134375 0.0625
17 0.25546875 0.79375 0.1421875 0.059375
17 0.26171875 0.83984375 0.1421875 0.0609375
31 0.4 0.825 0.14375 0.0625
31 0.3953125 0.771875 0.1328125 0.0609375
25 0.53359375 0.81484375 0.1390625 0.0578125
25 0.5296875 0.76953125 0.1421875 0.059375
25 0.52421875 0.70546875 0.1375 0.0625
25 0.66953125 0.8046875 0.1484375 0.0671875
25 0.665625 0.75625 0.1421875 0.0625
25 0.6546875 0.6984375 0.1390625 0.059375
25 0.8046875 0.79375 0.146875 0.0578125
25 0.8046875 0.7453125 0.1515625 0.065625
25 0.7875 0.6859375 0.134375 0.0609375
27 0.934375 0.73671875 0.13125 0.0640625
27 0.93671875 0.784375 0.1265625 0.059375