11 0.08515625 0.19296875 0.1125 0.128125
10 0.18125 0.20625 0.1015625 0.128125
9 0.27109375 0.22734375 0.0953125 0.109375
8 0.3484375 0.2375 0.0828125 0.1109375
22 0.42890625 0.24296875 0.075 0.115625
22 0.49765625 0.25234375 0.0796875 0.1171875
19 0.5640625 0.2640625 0.075 0.10625
19 0.62734375 0.27265625 0.075 0.1109375
13 0.6171875 0.38671875 0.0734375 0.1015625
13 0.5546875 0.3796875 0.071875 0.1046875
13 0.4859375 0.37421875 0.078125 0.1078125
14 0.415625 0.371875 0.0765625 0.1015625
14 0.3453125 0.36171875 0.084375 0.1078125
14 0.26953125 0.35390625 0.0890625 0.1140625
2 0.19921875 0.3578125 0.0640625 0.0828125
3 0.13203125 0.3515625 0.0765625 0.0859375
2 0.0625 0.3421875 0.08125 0.0953125
0 0.2375 0.46484375 0.075 0.075
1 0.31875 0.475 0.0953125 0.0625
28 0.39296875 0.4734375 0.0609375 0.075
29 0.46328125 0.48359375 0.09375 0.0625
4 0.53671875 0.47890625 0.053125 0.06875
5 0.5984375 0.4890625 0.0765625 0.05625
14 0.23828125 0.55859375 0.0875 0.0828125
23 0.31328125 0.559375 0.0765625 0.0765625
24 0.22734375 0.6484375 0.0703125 0.075
24 0.28984375 0.64921875 0.059375 0.06875
24 0.3484375 0.65078125 0.059375 0.0734375
26 0.39375 0.65546875 0.0375 0.05625
30 0.43671875 0.65078125 0.059375 0.0734375
12 0.49375 0.653125 0.0578125 0.0671875
16 0.546875 0.65234375 0.0546875 0.0640625
6 0.60078125 0.6515625 0.059375 0.065625
27 0 0.8568326875000001 0.09088199062499999 0.8504502468749999 0.0933502453125 0.790767478125 0 0.7954796453124999 0 0.8568326875000001
27 0 0.9183482968750001 0.08977993437500001 0.9102525437500001 0.0936143875 0.8506893015625 0 0.85742310625 0 0.9183482968750001
25 0.1927770640625 0.8423247593750001 0.19702561875 0.7858959546875 0.09607251875 0.7915220140625 0.09452165312500001 0.8481868359375 0.1927770640625 0.8423247593750001
25 0.1921233421875 0.8970025984375001 0.1944228640625 0.8471160624999999 0.094926603125 0.8518368421875 0.0944613609375 0.9039493296875 0.1921233421875 0.8970025984375001
25 0.3007303671875 0.835762034375 0.304754753125 0.781895459375 0.21070435937499998 0.7876090578125 0.20421041875 0.845390521875 0.3007303671875 0.835762034375
25 0.2889228890625 0.8920458874999999 0.292309009375 0.837607103125 0.20026178749999998 0.8440123249999999 0.1940381390625 0.8987192265624999 0.2889228890625 0.8920458874999999
25 0.3026051890625 0.774994609375 0.3075474421875 0.7263720203124999 0.2153114171875 0.727080671875 0.21272629843750002 0.7795240625 0.3026051890625 0.774994609375
25 0.3829452078125 0.8873625703125001 0.388839559375 0.8357250671875001 0.29981705000000003 0.8392967078125 0.29493628125 0.8941210953125 0.3829452078125 0.8873625703125001
25 0.3984477796875 0.8360493078125 0.40165456875 0.78366030625 0.311357146875 0.7860876718750001 0.30925199062500003 0.8406385265624999 0.3984477796875 0.8360493078125
25 0.3982390734375 0.7833614890625 0.40167002656250006 0.728410259375 0.3114163046875 0.730325078125 0.3078564171875 0.785781396875 0.3982390734375 0.7833614890625
17 0.4858893328125 0.7807025296875 0.4919630171875 0.72701524375 0.4078798578125 0.7294699171875 0.40507006562500003 0.7839591234375 0.4858893328125 0.7807025296875
17 0.4770278171875 0.8269167562499999 0.483246603125 0.779438584375 0.40171618281250004 0.7841820671875 0.3985822796875 0.834511971875 0.4770278171875 0.8269167562499999
17 0.474907628125 0.8747535093750001 0.47843884843750006 0.8265238374999999 0.3966841015625 0.833829534375 0.39249799531249996 0.8804528062499999 0.474907628125 0.8747535093750001
31 0.553946596875 0.8682429484374999 0.5581609171874999 0.8200730406250001 0.480110096875 0.8246045796875 0.4770914234375 0.8733954625000001 0.553946596875 0.8682429484374999
31 0.5593926171875 0.8217299062500001 0.5651973015625 0.7711172953125 0.4851421796875 0.7749571109375 0.47930128125 0.82453381875 0.5593926171875 0.8217299062500001
7 0.6328510656249999 0.8632697265625 0.6363374546875 0.8155525000000001 0.5576216734375 0.8200258625 0.5555369609375 0.865800246875 0.6328510656249999 0.8632697265625
7 0.6382970859375 0.8167566828125 0.6426459062500001 0.7670494375 0.5661148921875 0.7701648375000001 0.5617557468750001 0.818322075 0.6382970859375 0.8167566828125
7 0.642310871875 0.7551436546875 0.647756890625 0.7086306125 0.571125446875 0.7050244375 0.5671357296874999 0.756828575 0.642310871875 0.7551436546875
36 0.388429175 0.5942671546875 0.39275252968749996 0.5285105453125001 0.35204057187500004 0.52602116875 0.3485491390625 0.592565534375 0.388429175 0.5942671546875
34 0.43215460625 0.5955902359375 0.43414442500000006 0.5292719828125 0.396691334375 0.5277826906249999 0.394135190625 0.59440888125 0.43215460625 0.5955902359375
42 0.6337878703125 0.6003613734375 0.6431270578125 0.5371885078124999 0.6189990859375001 0.536507528125 0.6109327671875 0.600149240625 0.6337878703125 0.6003613734375
41 0.6095450609374999 0.5996703453125 0.61516300625 0.5354569421875001 0.5885701703125 0.5356327703125 0.583945584375 0.5981456546875 0.6095450609374999 0.5996703453125
39 0.55491155 0.59775041875 0.5609403328125 0.5342879296875 0.5354980406250001 0.5320620171875 0.5302268640625 0.596663246875 0.55491155 0.59775041875