13 0.12349436093749999 0.21588665625 0.2275129140625 0.2295914078125 0.2421180890625 0.0802582234375 0.13153231875 0.0704115171875 0.12349436093749999 0.21588665625
13 0.227400071875 0.23051043125 0.3230687796875 0.2413241921875 0.34023694843749996 0.0913728265625 0.23613976406249998 0.079524178125 0.227400071875 0.23051043125
14 0.32372964375 0.24606973281250002 0.41806043437499996 0.25765209843750003 0.44125732500000003 0.0991121703125 0.3396346859375 0.087567359375 0.32372964375 0.24606973281250002
14 0.41438521093749997 0.2572008375 0.5187422875000001 0.2681485171875 0.53869913125 0.11574091718749999 0.43610004375000005 0.10221045312499999 0.41438521093749997 0.2572008375
14 0.5175172109374999 0.267998096875 0.613411603125 0.27697380781250003 0.6328042375 0.12916133125 0.5373540218749999 0.1183743984375 0.5175172109374999 0.267998096875
19 0.6096235359375 0.27744157187499996 0.7052922453125 0.28825533281250004 0.7178662640625 0.155464584375 0.6297888609375 0.1455829203125 0.6096235359375 0.27744157187499996
19 0.7081937625 0.28488007656250003 0.8123251546875 0.2976658046875 0.8361667234375 0.1541311046875 0.727511378125 0.139857025 0.7081937625 0.28488007656250003
20 0.8054260718749999 0.2930871859375 0.904995690625 0.302514159375 0.937396596875 0.1702920875 0.832779978125 0.1537152640625 0.8054260718749999 0.2930871859375
8 0.1358408390625 0.3685290875 0.2350719328125 0.3807131328125 0.24517961562499999 0.25788123125 0.14340289687500002 0.2472503796875 0.1358408390625 0.3685290875
9 0.232508940625 0.381331315625 0.3258403390625 0.3909252125 0.33604467968749996 0.2774339734375 0.24175477656250002 0.2667895078125 0.232508940625 0.381331315625
10 0.32561465625 0.39276326093749997 0.42005828906250003 0.4034266015625 0.432712778125 0.290236203125 0.3335443546875 0.27899273125 0.32561465625 0.39276326093749997
11 0.41905889687500003 0.4014381328125 0.5022511703125 0.41258573906249996 0.5147928171875 0.3003143640625 0.43157360625 0.2910292109375 0.41905889687500003 0.4014381328125
3 0.500913253125 0.41335434375 0.5658422390625 0.4213266203125 0.56887325 0.3358738703125 0.5099493171875 0.33143755937499997 0.500913253125 0.41335434375
3 0.5648428484375 0.4193381515625 0.628433915625 0.42807903124999996 0.638815378125 0.34352880468749997 0.5740068546875 0.336504196875 0.5648428484375 0.4193381515625
2 0.6285467578125 0.4271600078125 0.687576053125 0.4325421359375 0.692605846875 0.351066321875 0.6365005015625 0.3441774515625 0.6285467578125 0.4271600078125
0 0.5881665421875 0.5097889578125 0.6574620906249999 0.5193339140625 0.6709311890625 0.454649615625 0.60029065625 0.4470125828125 0.5881665421875 0.5097889578125
1 0.4858261828125 0.49929620625000004 0.5895277375 0.5099560921874999 0.59692515625 0.4497089484375 0.4896316109375 0.43653495781249996 0.4858261828125 0.49929620625000004
28 0.4150440578125 0.49060525468750005 0.4845903671875 0.498107934375 0.49397588125 0.43292223593749996 0.42316801875000004 0.42630118906250003 0.4150440578125 0.49060525468750005
29 0.3130798375 0.477049090625 0.4165306328125 0.48975125 0.42208332187500003 0.4220218734375 0.3199434609375 0.41155374062499994 0.3130798375 0.477049090625
4 0.24613053906250001 0.4709018140625 0.3144410328125 0.47721622343750003 0.32097877656249996 0.4127173953125 0.25297835 0.40540452499999996 0.24613053906250001 0.4709018140625
5 0.1383453984375 0.4597405296875 0.2432827703125 0.471588684375 0.2539040984375 0.4075912578125 0.1423193046875 0.3949269 0.1383453984375 0.4597405296875
15 0.56282564375 0.6189932125000001 0.6434111875 0.6282215328125 0.65580068125 0.5417855625 0.5753111390625001 0.5332353734375 0.56282564375 0.6189932125000001
23 0.48757102343750003 0.6097531078125 0.5655314046875 0.618659096875 0.5761707921875 0.532008240625 0.49916341875 0.523885609375 0.48757102343750003 0.6097531078125
36 0.440318121875 0.60395118125 0.48661536875 0.610302109375 0.4952512828125 0.5327340546875 0.44551932968749997 0.5266277390625 0.440318121875 0.60395118125
34 0.3912345140625 0.5985908140625 0.43665670468749995 0.6048343 0.44624827343750006 0.5267172421875 0.3956294421875 0.52050203125 0.3912345140625 0.5985908140625
33 0.3527321484375 0.5938633171875 0.38773429843749996 0.598161040625 0.3964508125 0.519936540625 0.360618996875 0.5162032890625 0.3527321484375 0.5938633171875
35 0.31948010781249997 0.5897804796874999 0.3518570953125 0.593755875 0.361206859375 0.5176081546875 0.32719787031249997 0.513432375 0.31948010781249997 0.5897804796874999
39 0.24947580937499997 0.5811850328125 0.28471976250000003 0.5835134203125001 0.2931944734375 0.50725825625 0.25399833906249997 0.5017792328125 0.24947580937499997 0.5811850328125
38 0.213356803125 0.5787492046875 0.2474838984375 0.582939484375 0.2528614 0.50297231875 0.21707616718749997 0.49857844531250006 0.213356803125 0.5787492046875
41 0.17652394531249999 0.574893040625 0.2115260953125 0.5791907640625 0.21802045625000002 0.497361703125 0.18214632343749998 0.4936232578125 0.17652394531249999 0.574893040625
42 0.1407273453125 0.569831428125 0.17652394531249999 0.574893040625 0.1820626515625 0.493612984375 0.1470552734375 0.4899809609375 0.1407273453125 0.569831428125
24 0.5614894421875001 0.709451725 0.623779459375 0.7157672921875 0.6399568875 0.64912035625 0.5700504578125 0.6412032671875 0.5614894421875001 0.709451725
24 0.5037358953125 0.7023604796875 0.5623644953125 0.7095591671875 0.572658353125 0.6401907921875 0.5105327 0.63389540625 0.5037358953125 0.7023604796875
24 0.43977637343750003 0.69517358125 0.5038164968750001 0.7017040359375 0.5102877343750001 0.6345316703125 0.448147353125 0.628234475 0.43977637343750003 0.69517358125
26 0.3993626984375 0.6915440921875 0.44144587812499997 0.6960449125 0.4460632828125 0.643970803125 0.4077014296875 0.639260559375 0.3993626984375 0.6915440921875
30 0.34049229531249997 0.6863147421875 0.4010322046875 0.6924154234375 0.40710043437500004 0.6285252875 0.3458110453125 0.62233258125 0.34049229531249997 0.6863147421875
12 0.27382700937500004 0.679461959375 0.338822790625 0.685443409375 0.34624968125 0.6177220421875 0.2824005890625 0.6105487015625 0.27382700937500004 0.679461959375
16 0.2082785828125 0.6707472812499999 0.2749438671875 0.6776000640625 0.2803788484375 0.6116331484375 0.21659480000000003 0.6038014515625 0.2082785828125 0.6707472812499999
18 0.1427301546875 0.6620326046875 0.21018989062500001 0.669649275 0.21729437968749998 0.6045536921875 0.144500978125 0.5976148125 0.1427301546875 0.6620326046875
7 0.11602829218749999 0.8433308937499999 0.21451791875 0.8514258437500001 0.2154739046875 0.8002348546875 0.1171419140625 0.7914929171875 0.11602829218749999 0.8433308937499999
17 0.2104653859375 0.797620859375 0.3068825 0.80812670625 0.313894821875 0.751015915625 0.2172543265625 0.7431480109375 0.2104653859375 0.797620859375
17 0.212687209375 0.8518674046875001 0.3070433703125 0.8574558015625 0.3120522203125 0.8094278109375 0.21557417031249998 0.800247165625 0.212687209375 0.8518674046875001
31 0.30863260625 0.8083415921875 0.403460815625 0.8173196624999999 0.408953271875 0.76535299375 0.313613653125 0.7543131046875 0.30863260625 0.8083415921875
31 0.3056847078125 0.861287034375 0.400835321875 0.8676393203125 0.406085975 0.8176419906250001 0.313050565625 0.8095503921875 0.3056847078125 0.861287034375
25 0.3993960578125 0.8721269984375001 0.49247415781250004 0.8808901812500001 0.5013862296875 0.830009734375 0.40924869062499997 0.8220283796875 0.3993960578125 0.8721269984375001
25 0.494857515625 0.88318185 0.5904801749999999 0.8929238078124999 0.59851719375 0.8419359171874999 0.50155411875 0.8300303484375 0.494857515625 0.88318185
25 0.5885688640625 0.8940218140624999 0.684433328125 0.9017944343750001 0.6933454 0.8509139859375001 0.6005392328125 0.8415178484375 0.5885688640625 0.8940218140624999
27 0.683719478125 0.9003741 0.7763945703124999 0.9124195140625 0.7888874578125 0.861312390625 0.6937199203125 0.8496272875 0.683719478125 0.9003741