11 0.20390625 0.2046875 0.1046875 0.1265625
10 0.28671875 0.1921875 0.0953125 0.1515625
9 0.371875 0.2109375 0.0859375 0.11875
8 0.4546875 0.2046875 0.1 0.1296875
19 0.78515625 0.20703125 0.0859375 0.11875
19 0.7 0.203125 0.0921875 0.1234375
22 0.6125 0.20625 0.0859375 0.1171875
13 0.77890625 0.3359375 0.0875 0.115625
13 0.69921875 0.33984375 0.08125 0.1140625
13 0.6203125 0.3390625 0.0859375 0.1109375
14 0.5421875 0.3453125 0.084375 0.1078125
14 0.4625 0.346875 0.0796875 0.1015625
14 0.38828125 0.34609375 0.08125 0.1046875
3 0.32265625 0.35390625 0.0625 0.08125
3 0.2625 0.353125 0.0625 0.0859375
2 0.20390625 0.3625 0.0578125 0.06875
0 0.3703125 0.4546875 0.0671875 0.0703125
1 0.44765625 0.4578125 0.0984375 0.0640625
28 0.52421875 0.45 0.065625 0.0734375
29 0.59921875 0.45703125 0.0953125 0.0609375
4 0.67734375 0.4515625 0.065625 0.06875
5 0.75859375 0.45625 0.096875 0.0625
15 0.378125 0.54921875 0.08125 0.084375
23 0.45234375 0.5453125 0.0703125 0.084375
36 0.509375 0.55078125 0.0484375 0.0765625
34 0.55546875 0.54921875 0.046875 0.075
33 0.59453125 0.54765625 0.0359375 0.075
35 0.62578125 0.546875 0.034375 0.0734375
37 0.659375 0.546875 0.034375 0.0734375
41 0.69140625 0.546875 0.0328125 0.0734375
40 0.7234375 0.54609375 0.0328125 0.0734375
44 0.7546875 0.54453125 0.0328125 0.0734375
18 0.7859375 0.54453125 0.0328125 0.0734375
24 0.375 0.640625 0.0640625 0.06875
24 0.43671875 0.6390625 0.0609375 0.06875
24 0.49609375 0.63828125 0.0625 0.0703125
26 0.54453125 0.64609375 0.040625 0.053125
30 0.59609375 0.63671875 0.0640625 0.06875
12 0.65234375 0.6359375 0.05625 0.0671875
16 0.6823275171875001 0.6071802374999999 0.6774314375 0.6694609812500001 0.7391576125 0.6717828156250001 0.7468690046875001 0.6076566375 0.6823275171875001 0.6071802374999999
6 0.7451600234375 0.6076864671875 0.74032548125 0.6734926625 0.800681878125 0.671429965625 0.8045746078124999 0.6082523515625 0.7451600234375 0.6076864671875
31 0.57734375 0.73515625 0.0921875 0.0515625
31 0.5828125 0.7984375 0.0953125 0.05625
31 0.57890625 0.85 0.0890625 0.053125
25 0.490625 0.85078125 0.09375 0.053125
25 0.4015625 0.85078125 0.0921875 0.053125
25 0.31015625 0.85859375 0.096875 0.0515625
25 0.3078125 0.80546875 0.096875 0.0578125
27 0.21484375 0.80859375 0.096875 0.0546875
27 0.21171875 0.8609375 0.0953125 0.0546875
17 0.6703125 0.8484375 0.09375 0.0546875
17 0.671875 0.79453125 0.0921875 0.05625
7 0.76484375 0.80078125 0.096875 0.0578125
7 0.759375 0.853125 0.09375 0.059375