25 0.24782622656250003 0.4290677984375 0.31230419375 0.41960591562499994 0.3066354359375 0.3206996671875 0.238407465625 0.329189521875 0.24782622656250003 0.4290677984375
14 0.1845442 0.43416190156249995 0.25020950468750003 0.429901215625 0.2433075125 0.3232087078125 0.17253888281250002 0.334713134375 0.1845442 0.43416190156249995
14 0.310915146875 0.4230151484375 0.3794940953125 0.4141998671875 0.374321846875 0.3126908953125 0.3023119234375 0.32182929531250004 0.310915146875 0.4230151484375
19 0.378142678125 0.4171426734375 0.450478565625 0.40909673281250003 0.4445252046875 0.308393653125 0.3718300296875 0.31593216874999996 0.378142678125 0.4171426734375
19 0.45026775781249995 0.40776574062500004 0.5201548375 0.40147203437499995 0.51388533125 0.29877245625 0.4409530984375 0.30754088125 0.45026775781249995 0.40776574062500004
20 0.5165033671875 0.40136816875000003 0.5897258359374999 0.3931818078125 0.5876348203124999 0.2939135640625 0.514905271875 0.30094146718750003 0.5165033671875 0.40136816875000003
2 0.5375646078125 0.4941796171875 0.5879480640625 0.4909749546875 0.5901353921875 0.42445632812499995 0.5328351015624999 0.4284948984375 0.5375646078125 0.4941796171875
3 0.48238900625000003 0.50155419375 0.53678349375 0.4949855109375 0.5340731328125 0.43197131093749996 0.475192234375 0.43762463125 0.48238900625000003 0.50155419375
11 0.418391325 0.5048685515625 0.48196738906250003 0.49889220781250004 0.47839503125 0.41895985312499995 0.4091098515625 0.4293416984375 0.418391325 0.5048685515625
10 0.3552802296875 0.5080424890625 0.417969709375 0.5022065671875 0.410026828125 0.42910614843749995 0.3468246453125 0.43068427031249995 0.3552802296875 0.5080424890625
9 0.290817715625 0.5141592046875 0.3553856328125 0.508707971875 0.349364534375 0.4305278265625 0.28102712812499997 0.43854884531250005 0.290817715625 0.5141592046875
8 0.23177976875 0.52009895625 0.2918096375 0.514684303125 0.28245321562500003 0.43839678906249996 0.221749028125 0.44452860000000005 0.23177976875 0.52009895625
1 0.38732696875 0.584147121875 0.46373600625 0.5788669984375 0.4624580140625 0.5306340859375 0.3851363921875 0.5362601687499999 0.38732696875 0.584147121875
28 0.32552400625 0.5898426328124999 0.37757515937499997 0.5856916562500001 0.371591596875 0.5306999765625 0.3216109921875 0.5369469265625 0.32552400625 0.5898426328124999
29 0.2551098390625 0.5928088812500001 0.32552400625 0.5898426328124999 0.32289459531250003 0.5445525 0.2517744421875 0.54800795 0.2551098390625 0.5928088812500001
4 0.2141619796875 0.5924725078125 0.255785615625 0.59133746875 0.2529886859375 0.539252015625 0.2112645359375 0.543344925 0.2141619796875 0.5924725078125
5 0.15225367812499999 0.5975024999999999 0.21515396875 0.59299759375 0.21085686093749997 0.5486537765625 0.1436450171875 0.554054803125 0.15225367812499999 0.5975024999999999
15 0.1731013203125 0.5225708328125 0.23167436718749998 0.5194334734375 0.225312540625 0.4563154328125 0.170120375 0.46293269531250003 0.1731013203125 0.5225708328125
23 0.11703913749999999 0.5300858546875 0.1744094546875 0.52509240625 0.16996935 0.4568947 0.1045096203125 0.4648019828125 0.11703913749999999 0.5300858546875
36 0.43929957656249996 0.6625805359375 0.4749472734375 0.660436396875 0.47155458437500003 0.5969390484375 0.434863765625 0.599813484375 0.43929957656249996 0.6625805359375
34 0.4013924109375 0.6630814671875 0.4371174015625 0.661425346875 0.4303650171875 0.6019620171875 0.3957474140625 0.6053839265625001 0.4013924109375 0.6630814671875
33 0.3754726421875 0.666144109375 0.39902629375 0.664081140625 0.3938916765625 0.603611178125 0.3696833671875 0.605116384375 0.3754726421875 0.666144109375
35 0.350035975 0.6668377296875 0.3742602546875 0.6655023453125 0.3695385703125 0.604133184375 0.344216221875 0.6065459078125001 0.350035975 0.6668377296875
37 0.32466376406249997 0.6679380578125 0.34834628125 0.6666884625 0.343753425 0.6061326874999999 0.318829546875 0.6084835015625 0.32466376406249997 0.6679380578125
39 0.2992915515625 0.66903836875 0.32392876249999997 0.666803778125 0.3187297328125 0.6059271265625 0.29447584375 0.6081742234374999 0.2992915515625 0.66903836875
38 0.2746543390625 0.6712729453125 0.298336859375 0.6700233671875 0.29361513281249996 0.6086542140625 0.2698470671875 0.6105125921875 0.2746543390625 0.6712729453125
41 0.25097181874999996 0.6725225375 0.2745899265625 0.670866259375 0.2701258953125 0.6111238609375 0.245298759375 0.6133590328125 0.25097181874999996 0.6725225375
42 0.226554340625 0.6726378468750001 0.24963064531249998 0.67106738125 0.2463789609375 0.6119667625 0.221105996875 0.614065896875 0.226554340625 0.6726378468750001
40 0.2023944734375 0.6743799296875 0.2259481265625 0.672316975 0.2208779234375 0.6122536984375 0.1974297203125 0.613649328125 0.2023944734375 0.6743799296875
12 0.1611177421875 0.676748596875 0.20191712968750003 0.6748724375 0.1961498453125 0.617420915625 0.1515256375 0.6219614515624999 0.1611177421875 0.676748596875
24 0.43321971406250004 0.7362074609375 0.479474740625 0.7372192375 0.47590094687500006 0.67608515625 0.4295424953125 0.6805285390625 0.43321971406250004 0.7362074609375
24 0.38626760781249997 0.7378074421874999 0.4331553 0.7358007625 0.43061212343750005 0.6811737375 0.381156971875 0.6819422671875001 0.38626760781249997 0.7378074421874999
24 0.337497021875 0.7384447671875 0.38295259531250003 0.737915603125 0.3794812171875 0.6809342265625 0.332771446875 0.683355996875 0.337497021875 0.7384447671875
26 0.3059985828125 0.735929565625 0.3388646484375 0.7365605953125 0.3357003953125 0.692037353125 0.304721871875 0.6904026921875001 0.3059985828125 0.735929565625
30 0.2580917828125 0.73851454375 0.30721093125 0.7365713375 0.30460338125 0.6815376234375 0.2562090703125 0.686628425 0.2580917828125 0.73851454375
16 0.214996534375 0.7399205609374999 0.25904651562500003 0.737529540625 0.25790896874999997 0.6847643671875 0.21161303281250002 0.6900460359375 0.214996534375 0.7399205609374999
6 0.1736553890625 0.74188254375 0.21668622499999998 0.7400698265625001 0.21309753125 0.6893604359375 0.16534025937500002 0.691645953125 0.1736553890625 0.74188254375
27 0.5413747328125 0.8580480203124999 0.6187681625 0.8557954859375 0.6162100859375 0.8115931515625 0.54138041875 0.8122891718749999 0.5413747328125 0.8580480203124999
27 0.5447851671875 0.8971126390625 0.61957209375 0.8994418765625 0.6189614046874999 0.8570155703125 0.540849178125 0.8571634328125001 0.5447851671875 0.8971126390625
25 0.4585521015625 0.8540732171875 0.5314561421875 0.8550331281249999 0.52753039375 0.81271495625 0.45349639062499997 0.814229878125 0.4585521015625 0.8540732171875
25 0.4639743421875 0.8953205765625001 0.5363365812499999 0.8963663015625001 0.5326684859374999 0.8556748828125 0.46069191875 0.8552762671874999 0.4639743421875 0.8953205765625001
25 0.379528825 0.8144777 0.447299290625 0.8145831140625001 0.4447411296875 0.7703807796875 0.3718044265625 0.7719621828125 0.379528825 0.8144777
25 0.385686021875 0.856859315625 0.45759740625 0.8550581968750001 0.45338751562499996 0.814452621875 0.3800797359375 0.8154416265625001 0.385686021875 0.856859315625
25 0.393172965625 0.89361071875 0.464038753125 0.8957272609375 0.4603706625 0.8550358578124999 0.3881136328125 0.8573968609374999 0.393172965625 0.89361071875
31 0.3116939453125 0.8139655875 0.3797485171875 0.812358440625 0.3740042125 0.7690776296874999 0.3054034546875 0.7736252015625 0.3116939453125 0.8139655875
31 0.317116184375 0.8552129328125 0.38517071875000003 0.853605825 0.38054793125 0.8138993875 0.3127599234375 0.8156877296875 0.317116184375 0.8552129328125
31 0.32342870156250003 0.8950685984375 0.3903353 0.8932263875 0.387053690625 0.8549751359375 0.3164878484375 0.8567625156249999 0.32342870156250003 0.8950685984375
17 0.23397843906250002 0.8141846234375001 0.3018133203125 0.8146967359374999 0.291295471875 0.77634091875 0.225373471875 0.7769260296875 0.23397843906250002 0.8141846234375001
17 0.2437347984375 0.854745528125 0.3133237828125 0.855813590625 0.3035674265625 0.8152527015625 0.24129507968750002 0.816069525 0.2437347984375 0.854745528125
17 0.2548588203125 0.8934222234375 0.3214813140625 0.8932925718750001 0.316032621875 0.855384553125 0.248926625 0.8554844078125001 0.2548588203125 0.8934222234375
7 0.1770813359375 0.8161090625 0.23430050625 0.8162180749999999 0.225150321875 0.775978065625 0.1666992671875 0.7747611703125 0.1770813359375 0.8161090625
7 0.185367653125 0.8544014343749999 0.2437992109375 0.8551522125 0.23882790781250002 0.8167516796875001 0.1761684890625 0.8170098875 0.185367653125 0.8544014343749999
7 0.192184015625 0.89042530625 0.24946759375 0.890940971875 0.24332186406249998 0.8556447015625 0.1833172125 0.8533763484374999 0.192184015625 0.89042530625