21 0.4734375 0.225 0.175 0.2359375
14 0.6046875 0.21328125 0.1578125 0.2234375
13 0.8125353078125 0.2960021625 0.8143764625 0.07970325 0.6629786656250001 0.1009054734375 0.6850436421875 0.311113190625 0.8125353078125 0.2960021625
9 0.9328845546875 0.27441035468749997 0.9371150203124999 0.0659598171875 0.8194154078125001 0.078919721875 0.8093172890625 0.29084098125 0.9328845546875 0.27441035468749997
29 0.68515625 0.58203125 0.14375 0.090625
5 0.81953125 0.5609375 0.1484375 0.09375
7 0.54140625 0.59140625 0.1390625 0.0890625
31 0.54453125 0.70078125 0.125 0.0765625
24 0.63984375 0.68359375 0.0875 0.0859375
15 0.81484375 0.6640625 0.1109375 0.09375
23 0.72265625 0.66796875 0.1015625 0.0875
39 0.475 0.45234375 0.059375 0.1140625
38 0.55539961875 0.49658529375000005 0.5467774359375001 0.3881929875 0.4960474171875 0.396741390625 0.5063256015625 0.502121371875 0.55539961875 0.49658529375000005
40 0.6026021312500001 0.4906318140625 0.5935738875000001 0.3824661984375 0.5491905640625 0.3879117828125 0.5582536578124999 0.49754498593749996 0.6026021312500001 0.4906318140625
41 0.6499922578125 0.48601279374999995 0.649495934375 0.3771569375 0.6043926953125001 0.3808340421875 0.6062512953125 0.49079935781249995 0.6499922578125 0.48601279374999995
42 0.7009377078125001 0.48089410312499997 0.6981637625 0.3686170734375 0.6516890484375 0.3755477984375 0.655512859375 0.48659774999999994 0.7009377078125001 0.48089410312499997
35 0.749917953125 0.4746908046875 0.749171565625 0.3605983703125 0.7006692921875 0.369344475 0.7036042703125001 0.4805193421875 0.749917953125 0.4746908046875
33 0.7989919703125 0.4691547296875 0.8028707859375 0.3556015078125 0.7565727078125 0.3608073609375 0.7523969687500001 0.47298157500000004 0.7989919703125 0.4691547296875
37 0.8479722109375001 0.4629514046875 0.8597870953125 0.34930248750000004 0.8119624515625 0.3550640671875 0.8023598156249999 0.46732058125 0.8479722109375001 0.4629514046875
32 0.8986364124999999 0.455831015625 0.91225775625 0.3436282640625 0.8644980875 0.34836107968749996 0.8488611109375 0.46282647812500005 0.8986364124999999 0.455831015625
27 0.64148251875 0.8769193890625001 0.6389346484375 0.8342536687500001 0.533965146875 0.8471228734375 0.5405741500000001 0.8876990828125001 0.64148251875 0.8769193890625001
27 0.6336055625 0.8208719390624999 0.6312028093750001 0.7792387765625 0.52519935625 0.7912003171875 0.5326971953124999 0.8316516328124999 0.6336055625 0.8208719390624999
25 0.747303975 0.868851259375 0.7457473453125 0.820092146875 0.6431993265625 0.8310906109375 0.6450379093749999 0.8764197125000001 0.747303975 0.868851259375
25 0.8528889218750001 0.8526514625000001 0.8595799640624999 0.8074941093750001 0.7540725187499999 0.820271253125 0.7547408875 0.8637236171874999 0.8528889218750001 0.8526514625000001
25 0.8575047078125 0.8016523546875 0.8647765515625 0.7557623828125 0.7557404265625001 0.7676452421875 0.7537422984375 0.8114723312500001 0.8575047078125 0.8016523546875