19 0.4125 0.234375 0.1328125 0.175
13 0.2546875 0.271875 0.121875 0.1640625
9 0.16875 0.29609375 0.1171875 0.1546875
7 0.47734375 0.54765625 0.1203125 0.096875
28 0.37890625 0.5609375 0.10625 0.09375
5 0.28828125 0.57109375 0.1046875 0.096875
31 0.51328125 0.6640625 0.1140625 0.0984375
24 0.47070903125 0.6958683875 0.45180190781249996 0.6194595078125 0.392756309375 0.620737596875 0.4104828109375 0.698369328125 0.47070903125 0.6958683875
23 0.4094884578125 0.6995491734375 0.3882901671875 0.613216153125 0.3204403421875 0.620327984375 0.34042717499999997 0.702189284375 0.4094884578125 0.6995491734375
15 0.3361943875 0.7003156546875 0.31363225625 0.619048909375 0.2515716671875 0.623873909375 0.2721519578125 0.70274735625 0.3361943875 0.7003156546875
27 0.5808474546875 0.8599855546875 0.56815373125 0.8007823359374999 0.4733123828125 0.80294156875 0.48892039687500005 0.858548028125 0.5808474546875 0.8599855546875
25 0.48646551406249994 0.8605767546875001 0.4682573625 0.80703255625 0.381881378125 0.8079683921875 0.40072999375 0.8606337406250001 0.48646551406249994 0.8605767546875001
25 0.47259868125000004 0.8089542265624999 0.450814096875 0.7525807859375 0.365558565625 0.7583748453125 0.38223761875 0.8100791062500001 0.47259868125000004 0.8089542265624999
25 0.3815967328125 0.807303121875 0.364597909375 0.7505557859375 0.28241950781249997 0.7571014046875 0.2994376453125 0.8101893546875001 0.3815967328125 0.807303121875
25 0.39884355625 0.8566833453125 0.3826820640625 0.8077835390624999 0.30247963125 0.8102180406249999 0.3160435828125 0.8567935921875 0.39884355625 0.8566833453125
39 0.5109692703125 0.44942553125 0.488199465625 0.3538469203125 0.45122221875 0.3607999890625 0.47375904843749994 0.4559044515625 0.5109692703125 0.44942553125
38 0.4727437671875 0.4545550453125 0.44886912656250005 0.360287375 0.41455586093749996 0.3666254125 0.43675409531250003 0.46022424375000004 0.4727437671875 0.4545550453125
40 0.4346339796875 0.4601857765625 0.4096544984375 0.367229046875 0.3763474875 0.3749185765625 0.40064870937499997 0.4653922234375 0.4346339796875 0.4601857765625
41 0.39963342812499997 0.46404281718749996 0.375553515625 0.3719342734375 0.3435751671875 0.37931705625 0.367768275 0.46928773125 0.39963342812499997 0.46404281718749996
42 0.3046156109375 0.3877836453125 0.3308790390625 0.4741087421875 0.36477475312499996 0.4715626421875 0.335003084375 0.3818240140625 0.3046156109375 0.3877836453125
35 0.2715299078125 0.3938382796875 0.2955575015625 0.479623690625 0.3296584890625 0.47491846249999997 0.30391449531250003 0.3874175765625 0.2715299078125 0.3938382796875
33 0.236324084375 0.3998544484375 0.263024215625 0.4850228546875 0.2971252 0.480317628125 0.2687004375 0.393435646875 0.236324084375 0.3998544484375