13 0.8046875 0.20234375 0.115625 0.159375
14 0.69453125 0.20078125 0.1046875 0.1625
21 0.5828125 0.19921875 0.1125 0.165625
5 0.840625 0.54921875 0.128125 0.075
29 0.7125 0.546875 0.121875 0.0734375
7 0.5875 0.546875 0.121875 0.075
31 0.58046875 0.675 0.1171875 0.0703125
24 0.68203125 0.665625 0.084375 0.090625
15 0.84609375 0.6609375 0.0984375 0.10625
18 0.75859375 0.6640625 0.075 0.0921875
25 0.82421875 0.87578125 0.121875 0.0625
25 0.7078125 0.875 0.1171875 0.0625
27 0.575 0.87265625 0.115625 0.0640625
39 0.54765625 0.39375 0.040625 0.1015625
38 0.59375 0.39453125 0.04375 0.1015625
40 0.6589376796875 0.44685384375000003 0.6663470125 0.34404761875 0.62649658125 0.3415021140625 0.61662324375 0.4463244265625 0.6589376796875 0.44685384375000003
41 0.7026626859375 0.44685384375000003 0.7086750546875 0.3420634921875 0.669516303125 0.343090328125 0.6610534265625 0.44685384375000003 0.7026626859375 0.44685384375000003
42 0.7477981515625001 0.44685384375000003 0.752766765625 0.34272486875 0.715357 0.3436197453125 0.7061888921875 0.44579506875 0.7477981515625001 0.44685384375000003
33 0.8380690328125 0.4463244265625 0.8480048609375 0.34404761875 0.8021017265625 0.3446785609375 0.7943440796875 0.4463244265625 0.8380690328125 0.4463244265625
37 0.8832044984375 0.44685384375000003 0.8929784062499999 0.34404761875 0.8521738624999999 0.3462667734375 0.839479546875 0.4463244265625 0.8832044984375 0.44685384375000003
32 0.9297504265625 0.4473832421875 0.9388337859375 0.346031746875 0.8966040984375001 0.3436197453125 0.886025475 0.4473832421875 0.9297504265625 0.4473832421875
18 0.7915231031250001 0.4330892859375 0.7986221437500001 0.34404761875 0.756261028125 0.3436197453125 0.750619075 0.432559928125 0.7915231031250001 0.4330892859375