11 0.1390625 0.15703125 0.1109375 0.140625
10 0.2265625 0.16484375 0.096875 0.1375
9 0.31484375 0.17265625 0.1015625 0.1375
8 0.4 0.1828125 0.0984375 0.1359375
20 0.484375 0.1953125 0.0921875 0.128125
20 0.571875 0.19765625 0.096875 0.1375
19 0.6703125 0.2015625 0.115625 0.1453125
21 0.76953125 0.2109375 0.103125 0.1421875
3 0.2296875 0.3328125 0.071875 0.0921875
3 0.1609375 0.32734375 0.0796875 0.09375
2 0.09921875 0.31796875 0.075 0.0890625
14 0.309375 0.32734375 0.103125 0.1203125
14 0.39765625 0.3359375 0.0921875 0.1203125
14 0.48203125 0.3421875 0.0953125 0.125
13 0.5703125 0.34609375 0.09375 0.1296875
13 0.65390625 0.353125 0.090625 0.1265625
13 0.74453125 0.359375 0.1046875 0.1375
0 0.28984375 0.4484375 0.075 0.084375
1 0.38203125 0.46328125 0.1125 0.0734375
28 0.46796875 0.465625 0.0671875 0.078125
29 0.553125 0.478125 0.1046875 0.0703125
4 0.64296875 0.48125 0.0703125 0.08125
5 0.72890625 0.49140625 0.1078125 0.071875
15 0.3015625 0.54375 0.0828125 0.08125
23 0.37890625 0.55 0.0828125 0.0828125
24 0.27578125 0.6515625 0.0703125 0.0828125
24 0.33828125 0.65390625 0.0640625 0.0828125
24 0.40078125 0.66171875 0.0703125 0.08125
26 0.453125 0.6703125 0.0421875 0.065625
30 0.503125 0.66640625 0.06875 0.0828125
12 0.56796875 0.66875 0.0671875 0.078125
16 0.63515625 0.68203125 0.0671875 0.0796875
6 0.70390625 0.6828125 0.0734375 0.08125
27 0.09765625 0.8171875 0.10625 0.065625
27 0.096875 0.87265625 0.103125 0.065625
25 0.19609375 0.88203125 0.10625 0.065625
25 0.19453125 0.8265625 0.109375 0.0640625
25 0.30859375 0.77109375 0.109375 0.0671875
25 0.30078125 0.828125 0.1046875 0.0671875
25 0.2953125 0.88515625 0.1015625 0.0609375
25 0.39296875 0.9 0.103125 0.065625
25 0.39921875 0.8390625 0.1046875 0.0703125
31 0.49375 0.90859375 0.1015625 0.0640625
31 0.49921875 0.85078125 0.1046875 0.06875
17 0.59453125 0.90859375 0.096875 0.0640625
17 0.59921875 0.8546875 0.1015625 0.0625
17 0.6078125 0.8 0.1078125 0.0671875
7 0.70078125 0.91875 0.1015625 0.0625
7 0.70234375 0.86640625 0.10625 0.0640625
7 0.709375 0.8125 0.1078125 0.065625
42 0.75 0.58203125 0.0375 0.08125
41 0.715625 0.5796875 0.0390625 0.08125
39 0.64296875 0.57265625 0.0390625 0.08125
38 0.67890625 0.5765625 0.0390625 0.08125
37 0.609375 0.571875 0.0390625 0.0796875
33 0.53671875 0.56328125 0.0390625 0.0796875
35 0.5734375 0.56796875 0.0390625 0.08125
34 0.4921875 0.55703125 0.0546875 0.0828125
36 0.44375 0.55390625 0.0515625 0.0796875