7 0.25078125 0.86171875 0.096875 0.05625
7 0.1902681546875 0.7862326734375 0.1991503234375 0.8353644765625001 0.29662673281249996 0.8336032531249999 0.2866556125 0.7849860703125 0.1902681546875 0.7862326734375
7 0.183620690625 0.72764273125 0.1904275171875 0.77742011875 0.293303 0.7806229984375 0.2866556125 0.7257728390625 0.183620690625 0.72764273125
17 0.29662673281249996 0.8311100734375 0.298288559375 0.883467040625 0.3921833140625 0.884090328125 0.3888595828125 0.8292401828125 0.29662673281249996 0.8311100734375
31 0.43203125 0.75234375 0.103125 0.05625
31 0.4390625 0.80390625 0.096875 0.053125
31 0.43984375 0.85625 0.09375 0.053125
25 0.5328125 0.853125 0.09375 0.0546875
25 0.53359375 0.80078125 0.096875 0.0484375
25 0.53125 0.75 0.1 0.05625
25 0.62890625 0.75 0.096875 0.053125
25 0.625 0.80078125 0.0953125 0.053125
25 0.62578125 0.853125 0.0953125 0.0578125
25 0.71953125 0.85234375 0.096875 0.053125
25 0.71796875 0.7984375 0.09375 0.05625
27 0.828125 0.7984375 0.1 0.05625
27 0.82421875 0.85078125 0.096875 0.053125
24 0.66328125 0.62890625 0.0609375 0.071875
24 0.60390625 0.63046875 0.0578125 0.071875
24 0.54296875 0.63046875 0.0609375 0.075
26 0.490625 0.6390625 0.0421875 0.0609375
30 0.4390625 0.6328125 0.065625 0.075
12 0.3734375 0.6328125 0.06875 0.071875
16 0.30703125 0.63359375 0.065625 0.0765625
6 0.240625 0.63359375 0.0734375 0.084375
45 0.22421875 0.5390625 0.0375 0.078125
40 0.29296875 0.53671875 0.0359375 0.08125
41 0.32734375 0.53828125 0.034375 0.0828125
18 0.38046875 0.5375 0.06875 0.078125
33 0.4328125 0.5375 0.0375 0.0828125
34 0.4734375 0.53671875 0.05 0.0765625
36 0.521875 0.5375 0.0546875 0.0796875
23 0.584375 0.53671875 0.0796875 0.084375
15 0.6609375 0.53125 0.071875 0.08125
0 0.66953125 0.43203125 0.071875 0.071875
1 0.58671875 0.43828125 0.1015625 0.065625
28 0.50234375 0.43359375 0.0671875 0.078125
29 0.421875 0.4390625 0.1 0.065625
4 0.3390625 0.43671875 0.06875 0.0734375
5 0.240625 0.4421875 0.1 0.065625
13 0.2390625 0.31015625 0.08125 0.125
13 0.321875 0.31015625 0.084375 0.11875
13 0.4046875 0.31015625 0.084375 0.1203125
14 0.58125 0.31328125 0.090625 0.1125
14 0.6671875 0.31171875 0.084375 0.1125
3 0.7359375 0.321875 0.0625 0.0875
3 0.8015625 0.325 0.065625 0.084375
11 0.85859375 0.15625 0.11875 0.134375
10 0.76171875 0.15625 0.1140625 0.1390625
9 0.67578125 0.16328125 0.0875 0.13125
8 0.584375 0.1609375 0.08125 0.1375
22 0.503125 0.1640625 0.09375 0.13125
22 0.4140625 0.16484375 0.090625 0.1265625
21 0.21875 0.1578125 0.103125 0.1421875
19 0.3234375 0.1578125 0.096875 0.13125