19 0.246875 0.16796875 0.0953125 0.128125
19 0.328125 0.1796875 0.0921875 0.1265625
20 0.4046875 0.19453125 0.09375 0.1171875
20 0.49375 0.20703125 0.0953125 0.1171875
8 0.5796875 0.209375 0.103125 0.134375
9 0.6765625 0.2265625 0.096875 0.1234375
10 0.76796875 0.23828125 0.1046875 0.1296875
11 0.85859375 0.2515625 0.1046875 0.1265625
14 0.65625 0.35078125 0.0953125 0.1109375
14 0.575 0.33984375 0.09375 0.1109375
14 0.49609375 0.32890625 0.0859375 0.109375
13 0.41953125 0.3203125 0.0875 0.109375
13 0.34453125 0.31015625 0.0875 0.109375
13 0.26328125 0.29921875 0.0921875 0.109375
2 0.82578125 0.3859375 0.075 0.084375
18 0.7453125 0.36015625 0.1046875 0.1109375
0 0.64921875 0.46015625 0.0703125 0.0765625
1 0.565625 0.45390625 0.1 0.0734375
28 0.4875 0.4390625 0.065625 0.078125
29 0.409375 0.434375 0.1 0.071875
4 0.33203125 0.41875 0.065625 0.0796875
5 0.25625 0.415625 0.1 0.071875
15 0.6296875 0.55390625 0.084375 0.090625
23 0.55703125 0.540625 0.0796875 0.090625
24 0.62421875 0.646875 0.0671875 0.0765625
24 0.56484375 0.6375 0.0640625 0.078125
24 0.50703125 0.62890625 0.0640625 0.078125
26 0.459375 0.6265625 0.0453125 0.0640625
30 0.41484375 0.61328125 0.065625 0.078125
12 0.3578125 0.60859375 0.0671875 0.0765625
16 0.296875 0.60546875 0.06875 0.0765625
6 0.2296875 0.59453125 0.075 0.0828125
25 0.65703125 0.8 0.09375 0.065625
25 0.65078125 0.85 0.0921875 0.0578125
25 0.57265625 0.734375 0.096875 0.0671875
25 0.5671875 0.78671875 0.09375 0.0640625
25 0.56328125 0.8375 0.090625 0.0625
25 0.4765625 0.8296875 0.09375 0.0625
25 0.4796875 0.77734375 0.09375 0.0640625
25 0.4796875 0.725 0.096875 0.0671875
31 0.38984375 0.71640625 0.0984375 0.06875
31 0.390625 0.7671875 0.0953125 0.0640625
31 0.3875 0.8171875 0.09375 0.0625
17 0.29765625 0.8046875 0.0953125 0.065625
17 0.2984375 0.75234375 0.096875 0.06875
17 0.30390625 0.69609375 0.0921875 0.0703125
7 0.20625 0.79140625 0.096875 0.0640625
7 0.20703125 0.7421875 0.1015625 0.0640625
36 0.4984375 0.53671875 0.053125 0.0765625
34 0.45390625 0.53046875 0.0515625 0.0765625
37 0.35839969374999997 0.5552610421875 0.360573059375 0.48436069843749996 0.3313470265625 0.48169175 0.328634621875 0.5521567109375 0.35839969374999997 0.5552610421875
39 0.32549260156250004 0.5506362515625 0.33137030625 0.4806161453125 0.2998502375 0.47726516406249997 0.294317225 0.547333715625 0.32549260156250004 0.5506362515625
38 0.29270867031250003 0.5485461468749999 0.2956341359375 0.47559375312499996 0.2641225375 0.47224396406249997 0.26247349531249997 0.545375746875 0.29270867031250003 0.5485461468749999
18 0.415625 0.51953125 0.040625 0.065625
18 0.38203125 0.51640625 0.0375 0.06875
18 0.2203125 0.49765625 0.040625 0.0640625
18 0.261090215625 0.5347522078125 0.262100340625 0.47195976249999994 0.237178071875 0.469536040625 0.234294440625 0.5309863078125 0.261090215625 0.5347522078125