19 0.203125 0.2734375 0.0984375 0.1453125
19 0.303125 0.27578125 0.096875 0.1421875
20 0.39765625 0.2703125 0.0890625 0.1375
22 0.49140625 0.2671875 0.090625 0.1453125
8 0.58671875 0.26484375 0.09375 0.14375
9 0.68125 0.26171875 0.103125 0.15
10 0.79375 0.26875 0.109375 0.140625
11 0.8953125 0.25078125 0.0984375 0.15
13 0.21796875 0.4203125 0.0984375 0.1265625
13 0.3109375 0.42109375 0.084375 0.11875
13 0.39765625 0.41640625 0.084375 0.1234375
14 0.48671875 0.4203125 0.08125 0.115625
14 0.575 0.4171875 0.090625 0.11875
14 0.6671875 0.41640625 0.096875 0.11875
3 0.7515625 0.42578125 0.071875 0.090625
3 0.82265625 0.4234375 0.075 0.090625
2 0.89375 0.42265625 0.0734375 0.0953125
5 0.246875 0.54921875 0.103125 0.0671875
4 0.3375 0.53828125 0.065625 0.0796875
29 0.421875 0.5421875 0.103125 0.065625
28 0.5125 0.53828125 0.071875 0.078125
0 0.69453125 0.53515625 0.078125 0.0765625
18 0.6015625 0.53515625 0.10625 0.075
24 0.703125 0.73125 0.065625 0.0734375
24 0.6390625 0.73203125 0.0625 0.065625
24 0.57578125 0.7328125 0.059375 0.065625
26 0.525 0.7359375 0.040625 0.059375
30 0.47109375 0.72890625 0.0625 0.06875
12 0.4046875 0.73046875 0.06875 0.06875
16 0.33359375 0.7328125 0.06875 0.06875
6 0.26796875 0.73203125 0.0640625 0.065625
27 0.84375 0.87734375 0.1015625 0.05
27 0.8421875 0.92578125 0.0984375 0.05
25 0.7453125 0.87890625 0.096875 0.0453125
25 0.74140625 0.92734375 0.096875 0.04375
25 0.64765625 0.88046875 0.096875 0.046875
25 0.646875 0.9265625 0.090625 0.0453125
25 0.55078125 0.87421875 0.090625 0.05
25 0.55390625 0.9265625 0.090625 0.046875
25 0.64609375 0.82109375 0.096875 0.046875
31 0.4421875 0.83359375 0.09375 0.053125
31 0.4609375 0.9296875 0.0875 0.046875
31 0.49611238750000003 0.9074488265625 0.4903678109375 0.8597222234374999 0.398201346875 0.8611257859375 0.4031380875 0.9049782093750001 0.49611238750000003 0.9074488265625
17 0.39408743749999997 0.8493906171875001 0.389544765625 0.7995370375 0.2978219984375 0.7993617937499999 0.3068726484375 0.8493906171875001 0.39408743749999997 0.8493906171875001
17 0.4031380875 0.9043606265624999 0.3946887984375 0.85123456875 0.3035814453125 0.85433175625 0.310163725 0.90312529375 0.4031380875 0.9043606265624999
17 0.41301144375 0.9519188562500001 0.4039480578125 0.9037037046874999 0.3142776328125 0.9043606265624999 0.32250545 0.9513012265624999 0.41301144375 0.9519188562500001
7 0.3068726484375 0.8388907578125 0.29798097968750004 0.7910493828125 0.2106070828125 0.7956559640624999 0.2196577328125 0.84321421875 0.3068726484375 0.8388907578125
7 0.21773406718750002 0.8496913578124999 0.22541717968750002 0.8994194640625001 0.31098655625 0.8981842265625 0.305226984375 0.84630241875 0.21773406718750002 0.8496913578124999
7 0.32168261875000004 0.9457424578125 0.312384271875 0.9013888890624999 0.22541717968750002 0.9018900109375 0.23529053437499997 0.9457424578125 0.32168261875000004 0.9457424578125
15 0.68828125 0.634375 0.0796875 0.0875
23 0.60390625 0.634375 0.078125 0.0859375
36 0.5375 0.6359375 0.04375 0.078125
34 0.4875 0.63671875 0.046875 0.075
33 0.46237835 0.6750381578125 0.4584748078125 0.6020061734375 0.426998709375 0.6015390234375 0.43028991093749996 0.6762734421875 0.46237835 0.6750381578125
35 0.426998709375 0.6762734421875 0.4224665765625 0.6020061734375 0.38915082343749996 0.6027743078125 0.3949102703125 0.6775087734375 0.426998709375 0.6762734421875
37 0.3934666296875 0.676117778125 0.3873559765625 0.601358025 0.3546313703125 0.6029892171875 0.360555359375 0.676611921875 0.3934666296875 0.676117778125
39 0.35989719375 0.6768440046875 0.3511419859375 0.601975309375 0.317770709375 0.6042095468750001 0.3276440890625 0.67832635625 0.35989719375 0.6768440046875
38 0.3263276578125 0.678820459375 0.316574084375 0.6038271609375 0.2842012734375 0.606186003125 0.2940746546875 0.67980866875 0.3263276578125 0.678820459375
42 0.2561126078125 0.678411259375 0.2481770921875 0.6048611109375 0.216001996875 0.6056841734375 0.22525829062499997 0.6793377390625001 0.2561126078125 0.678411259375
41 0.2900523546875 0.6765583671875001 0.2805845 0.603125 0.24870759062499997 0.6042944875 0.2591980390625 0.6779480359375001 0.2900523546875 0.6765583671875001