19 0.48984375 0.2359375 0.1140625 0.1578125
14 0.3890625 0.24296875 0.115625 0.171875
13 0.2828125 0.2578125 0.13125 0.1640625
9 0.1671875 0.26484375 0.153125 0.1765625
5 0.27890625 0.56796875 0.1125 0.0796875
29 0.38515625 0.56328125 0.115625 0.078125
7 0.4953125 0.5421875 0.115625 0.0671875
31 0.521875 0.65546875 0.1078125 0.0765625
24 0.43359375 0.659375 0.0765625 0.0890625
23 0.3578125 0.6609375 0.0890625 0.0890625
15 0.27578125 0.66953125 0.0859375 0.0921875
27 0.52109375 0.7859375 0.1109375 0.065625
27 0.52578125 0.83984375 0.10625 0.0671875
25 0.421875 0.8484375 0.1046875 0.0671875
25 0.3203125 0.8578125 0.1109375 0.06875
39 0.53125 0.40625 0.0453125 0.0953125
38 0.4890625 0.4109375 0.05 0.096875
42 0.371875 0.42265625 0.0453125 0.096875
35 0.33046875 0.42734375 0.053125 0.0984375
37 0.314360359375 0.4741239859375 0.29943240625 0.38375414218750004 0.2626928984375 0.38761562031249996 0.2767677484375 0.47807512812499997 0.314360359375 0.4741239859375
33 0.275172865625 0.47766086718749995 0.2557627171875 0.3889259015625 0.21747808750000003 0.392949778125 0.23687354843750003 0.482268178125 0.275172865625 0.47766086718749995
32 0.23368378281250002 0.481439653125 0.21421314374999997 0.3921291546875 0.1774534484375 0.3959927546875 0.1968583671875 0.485310159375 0.23368378281250002 0.481439653125
18 0.41171875 0.41171875 0.0453125 0.08125