19 0.75625 0.21015625 0.1078125 0.1453125
19 0.64921875 0.20625 0.1015625 0.15
20 0.55234375 0.20546875 0.096875 0.140625
20 0.45859375 0.196875 0.1 0.14375
8 0.36328125 0.190625 0.1078125 0.1484375
9 0.26015625 0.1828125 0.1078125 0.15
10 0.15390625 0.1765625 0.103125 0.153125
11 0.06015625 0.17265625 0.1 0.15
13 0.7296875 0.36015625 0.0921875 0.1328125
13 0.6375 0.3609375 0.0890625 0.128125
13 0.5515625 0.3546875 0.0921875 0.13125
14 0.4578125 0.35390625 0.096875 0.1296875
14 0.36484375 0.35 0.09375 0.13125
14 0.265625 0.34453125 0.1046875 0.13125
3 0.184375 0.3546875 0.0765625 0.1015625
3 0.11171875 0.35078125 0.0734375 0.1
2 0.04609375 0.35 0.071875 0.096875
0 0.24609375 0.4765625 0.0828125 0.08125
1 0.34140625 0.4859375 0.1125 0.071875
28 0.43046875 0.48125 0.0734375 0.084375
29 0.51796875 0.49296875 0.1078125 0.0671875
4 0.6109375 0.48828125 0.075 0.0828125
5 0.703125 0.4984375 0.109375 0.06875
15 0.2515625 0.5765625 0.0859375 0.08125
23 0.33203125 0.578125 0.0859375 0.08125
24 0.2484375 0.6859375 0.0734375 0.0796875
24 0.31640625 0.6875 0.06875 0.0796875
24 0.38671875 0.68671875 0.0671875 0.08125
26 0.44140625 0.69375 0.0421875 0.06875
30 0.49375 0.68984375 0.06875 0.0796875
12 0.56015625 0.69296875 0.0671875 0.0765625
16 0.62734375 0.69140625 0.071875 0.0765625
6 0.69609375 0.6921875 0.0734375 0.0859375
27 0.084375 0.85234375 0.109375 0.0625
27 0.07890625 0.91328125 0.1109375 0.05625
25 0.1859375 0.91015625 0.1046875 0.0625
25 0.290625 0.91171875 0.1078125 0.0609375
25 0.29609375 0.84609375 0.103125 0.059375
25 0.3984375 0.85625 0.1046875 0.0578125
25 0.39453125 0.9109375 0.1015625 0.059375
31 0.5015625 0.853125 0.1 0.0578125
31 0.496875 0.90546875 0.096875 0.0515625
31 0.5046875 0.7921875 0.1 0.0609375
17 0.59453125 0.90703125 0.1 0.0578125
17 0.6 0.8546875 0.1 0.05625
17 0.609375 0.7921875 0.1015625 0.0578125
7 0.6921875 0.9078125 0.0984375 0.05625
7 0.70078125 0.8546875 0.1 0.05625
42 0.71796875 0.58515625 0.0359375 0.078125
41 0.6796875 0.584375 0.0359375 0.0765625
38 0.6592743249999999 0.6206605859375001 0.660972753125 0.5448189593749999 0.6302149499999999 0.5448139000000001 0.6260516515625 0.61985676875 0.6592743249999999 0.6206605859375001
39 0.609375 0.5828125 0.0359375 0.0765625
33 0.57421875 0.57890625 0.0375 0.0796875
35 0.5359375 0.5796875 0.0375 0.08125
36 0.39921875 0.57578125 0.0546875 0.0828125