11 1 0.1072192453125 0.939448371875 0.0936872984375 0.8860058078125 0.2596356296875 1 0.2799475953125 1 0.1072192453125
10 0.9412860375 0.1000456015625 0.83074895 0.082706128125 0.7871898828125 0.24014708593749998 0.8876292609374999 0.261496134375 0.9412860375 0.1000456015625
9 0.8391835140625 0.0934888265625 0.729159265625 0.07626709375 0.6980315765625 0.2227113609375 0.790744825 0.2424181703125 0.8391835140625 0.0934888265625
18 0.7252850671875 0.0711721890625 0.62678839375 0.054507493750000004 0.5921882328125 0.2077909234375 0.6910041640625 0.2272794390625 0.7252850671875 0.0711721890625
20 0.63568623125 0.0791305671875 0.5359457109375 0.063991896875 0.5075917796875 0.19738665312499998 0.5986815828125 0.21523292968750002 0.63568623125 0.0791305671875
20 0.5524773515625 0.0647323484375 0.464171015625 0.0502511421875 0.4367416609375 0.1792961078125 0.5197972859375 0.1969501265625 0.5494663265625 0.0668657921875 0.5524773515625 0.0647323484375
19 0.4591604546875 0.052470121875 0.3715402375 0.039654579687500004 0.358556075 0.16722365 0.4367416609375 0.1792961078125 0.4591604546875 0.052470121875
19 0.3807196515625 0.041476684375 0.289491665625 0.0267609921875 0.28739792343750004 0.15058300468750002 0.36720665 0.1645159859375 0.3807196515625 0.041476684375
3 0.9205608484375001 0.323500271875 0.8382512468750001 0.3050562625 0.8056502859375 0.41094371093750004 0.885616828125 0.4304668734375 0.9205608484375001 0.323500271875
3 0.8385575671875 0.3134324703125 0.7666183203125 0.29909134531250003 0.7373162718749999 0.3947350265625 0.809211884375 0.4100169109375 0.8385575671875 0.3134324703125
14 0.7686689999999999 0.2859557078125 0.6765602312500001 0.2690039515625 0.6523725625 0.377521590625 0.738948721875 0.39760776249999996 0.7686689999999999 0.2859557078125
14 0.6787706609375 0.266847225 0.5953494109374999 0.250058246875 0.5672576296875 0.36111369375 0.652030121875 0.37913264375 0.6787706609375 0.266847225
14 0.5961644953125 0.2398226265625 0.515337140625 0.22547382656249998 0.4881929203125 0.3426241296875 0.5695750328125 0.3607643671875 0.5961644953125 0.2398226265625
13 0.5234368546875 0.21910493749999999 0.44803036250000006 0.2044319765625 0.41766698125 0.3208980421875 0.48995093125 0.3396301546875 0.5234368546875 0.21910493749999999
13 0.45140927968750005 0.20169142031249998 0.3745022953125 0.1862773890625 0.3488193859375 0.307105971875 0.422518671875 0.324455046875 0.45140927968750005 0.20169142031249998
13 0.372945134375 0.18816872499999998 0.2917504296875 0.1745813359375 0.2770491765625 0.28595730937499997 0.3502349609375 0.30572301875 0.372945134375 0.18816872499999998
0 0.7165646999999999 0.5081927 0.74232036875 0.42970941875 0.6726929515625 0.4138337234375 0.6473288640625 0.49095035937500003 0.7165646999999999 0.5081927
1 0.6633438296875 0.4261590828125 0.5672812453125 0.403214603125 0.5530242953125 0.4650118734375 0.648059559375 0.4927895140625 0.6633438296875 0.4261590828125
28 0.5660044656250001 0.381714409375 0.49571626406249997 0.3652712109375 0.47820606093749995 0.4423734296875 0.549416884375 0.460877409375 0.5660044656250001 0.381714409375
29 0.48341784062500004 0.38098873125 0.3953274578125 0.3574036140625 0.383730196875 0.4172404390625 0.4755463 0.4443338265625 0.48341784062500004 0.38098873125
6 0.40090885624999995 0.34031150781249997 0.34329455000000003 0.3278214796875 0.3302022890625 0.39996933281249997 0.3853169875 0.4150519734375 0.40090885624999995 0.34031150781249997
7 0.3409183578125 0.3454405765625 0.2631228578125 0.325093071875 0.25735894375 0.37859257031250004 0.3303735125 0.39916379062499996 0.3409183578125 0.3454405765625
15 0.7184606453125 0.528765159375 0.633002565625 0.5055854703125 0.6065314875000001 0.5984632890625 0.691566675 0.6257991609375 0.7184606453125 0.528765159375
23 0.63322930625 0.5074933078125 0.54998808125 0.48457254531249994 0.5240306718750001 0.5750337375 0.6094082953125 0.6007585828125 0.63322930625 0.5074933078125
24 0.6891950390625 0.6466558703125 0.617319728125 0.6268558390625001 0.59998083125 0.703152534375 0.662652796875 0.72489305 0.6891950390625 0.6466558703125
24 0.6198509953125 0.6298127578125 0.5594994578125 0.6086722984375 0.5410417703125 0.6796796921875 0.6019557203125 0.7044142156250001 0.6198509953125 0.6298127578125
24 0.5602687562499999 0.6066302546875 0.49699871093750003 0.5861262734375 0.48214835312500004 0.6612681125 0.5398432265625 0.685318396875 0.5602687562499999 0.6066302546875
26 0.4996170140625 0.5884793734375 0.4499548578125 0.5752848890625 0.4337687671875 0.6408816625 0.478541021875 0.6571336671875 0.4996170140625 0.5884793734375
42 0.295373165625 0.41733006406250006 0.262616853125 0.40820660468750003 0.2488114109375 0.480461890625 0.2766857984375 0.488135390625 0.295373165625 0.41733006406250006
41 0.3246541921875 0.42573842656250005 0.29408718125 0.4172272828125 0.2758243234375 0.4885351359375 0.3027187015625 0.49716604374999995 0.3246541921875 0.42573842656250005
38 0.3483617296875 0.432962109375 0.3218429203125 0.4254584203125 0.30173880625 0.498123475 0.329494659375 0.5063546375 0.3483617296875 0.432962109375
39 0.37686192812499997 0.4404763375 0.3466272453125 0.4330579421875 0.3286331859375 0.5067543828125001 0.3577562671875 0.515859015625 0.37686192812499997 0.4404763375
37 0.40900500156249997 0.4503668421875 0.377549121875 0.44206829062499997 0.3577485734375 0.515227375 0.3854021421875 0.525093353125 0.40900500156249997 0.4503668421875
35 0.43900592187500004 0.45923481875 0.407479153125 0.451221740625 0.385483246875 0.52471178125 0.4138072734375 0.533922659375 0.43900592187500004 0.45923481875
33 0.4680396578125 0.46640256406249997 0.43824189062499996 0.4589569671875 0.41653261874999997 0.5360972 0.44646265625000003 0.545250621875 0.4680396578125 0.46640256406249997
34 0.511339346875 0.4824703765625 0.46835579687499995 0.46974470625000003 0.44627878593750003 0.5436163203125 0.487250809375 0.5583072390625 0.511339346875 0.4824703765625
30 0.45050191093749997 0.5707878171874999 0.3935709203125 0.5516462734375 0.37557632500000004 0.6188083734375 0.4325704953125 0.6381013109375 0.45050191093749997 0.5707878171874999
12 0.3990388453125 0.5503828875 0.342189665625 0.5359392093750001 0.327547628125 0.5998258843750001 0.37860443125 0.6170591875 0.3990388453125 0.5503828875
16 0.3458256703125 0.53508634375 0.29463148125 0.522241178125 0.2818981625 0.582146728125 0.3290508265625 0.5977525875 0.3458256703125 0.53508634375
18 0.3001840890625 0.5154205937499999 0.2438340234375 0.4962893234375 0.232933953125 0.5625665953125 0.28315805 0.5812181203125 0.3001840890625 0.5154205937499999
7 0.2519548109375 0.6735663765625 0.18048258749999999 0.6468707515625 0.17459481875 0.697064859375 0.2464757546875 0.726301734375 0.2519548109375 0.6735663765625
7 0.2475704671875 0.725445421875 0.1767091515625 0.6971154765625001 0.1725678890625 0.7440916046875 0.2429455484375 0.7754017625 0.2475704671875 0.725445421875
7 0.301529290625 0.6153498578125001 0.23306299687499998 0.5894529000000001 0.22526086875 0.6336568765624999 0.2924048828125 0.66268450625 0.301529290625 0.6153498578125001
31 0.44883901562500006 0.66825345 0.37413588125 0.641452365625 0.36547921875 0.6913118953125 0.4406759734375 0.721130553125 0.44883901562500006 0.66825345
31 0.4120731015625 0.7361675453125 0.331318421875 0.705895678125 0.32544784375 0.756347409375 0.404695734375 0.7899398125 0.4120731015625 0.7361675453125
31 0.4028245390625 0.788813915625 0.32481532031250004 0.7547566375 0.31679118125 0.8062069390625 0.39280873125000004 0.8412972015625 0.4028245390625 0.788813915625
25 0.49939732187499997 0.7736611156250001 0.416730821875 0.7378857390625 0.4071856484375 0.7919253859375 0.49327075625 0.8298837359375 0.49939732187499997 0.7736611156250001
25 0.48800208593749994 0.8265793578125 0.405624428125 0.7901372125 0.396375425 0.8427834875 0.47796514375 0.8790581515625 0.48800208593749994 0.8265793578125
25 0.58985951875 0.8132780078125 0.49880498125 0.7764478609375 0.491561453125 0.82879225 0.5807288171875 0.865949428125 0.58985951875 0.8132780078125
25 0.5823207 0.8670159578125001 0.48862728281249995 0.8288967359375 0.4796744484375 0.8801496390624999 0.56903008125 0.9209876484375 0.5823207 0.8670159578125001
25 0.6892669625 0.8526117843750001 0.5919832953124999 0.8130012687500001 0.5776465609375 0.8667505999999999 0.6750642765625 0.9107585859375 0.6892669625 0.8526117843750001
25 0.6766797171875 0.9118301203125 0.582922559375 0.869328375 0.5696626046875 0.9225784203125 0.6607275421875001 0.9645079187500001 0.6766797171875 0.9118301203125
27 0.797855878125 0.8989942796875001 0.69170265625 0.85531399375 0.6756968 0.9123493593750001 0.7813648703125 0.9632081484375 0.797855878125 0.8989942796875001
27 0.7710246421875 1 0.783155034375 0.9635886609375 0.676477409375 0.9132434453125 0.662180859375 0.9713702968750001 0.7232826609375 1 0.7710246421875 1
17 0.33035544687499996 0.7049628296875 0.2547085328125 0.6735921625 0.2508434296875 0.72374200625 0.3246672359375 0.7554533218749999 0.33035544687499996 0.7049628296875
17 0.326195715625 0.7565063750000001 0.25069534375 0.72443869375 0.247907021875 0.7740892500000001 0.3172354375 0.8041168796875 0.326195715625 0.7565063750000001
17 0.3734756828125 0.6391275484375 0.3025058203125 0.6131199953124999 0.291399425 0.665371471875 0.3637699125 0.690220409375 0.3734756828125 0.6391275484375