19 0.55078125 0.19140625 0.1359375 0.184375
14 0.67578125 0.209375 0.13125 0.1734375
13 0.79765625 0.2234375 0.1328125 0.1734375
9 0.90546875 0.234375 0.14375 0.165625
31 0.52890625 0.64609375 0.1125 0.08125
43 0.51323418125 0.313547890625 0.498489175 0.41934140312499996 0.54440429375 0.42335845625 0.5575928078125 0.3174287671875 0.51323418125 0.313547890625
44 0.5599785578125 0.31704911875 0.546073771875 0.4232852328125 0.58720643125 0.4271031578125 0.6049621765625 0.3227497890625 0.5599785578125 0.31704911875
45 0.6041839328124999 0.3226817015625 0.588814009375 0.42665541406249996 0.6315650609375 0.43098403437500005 0.645276396875 0.3280419390625 0.6041839328124999 0.3226817015625
37 0.6880786062500001 0.33178664687500004 0.6437710625 0.3273218640625 0.6283500531249999 0.4318794828125 0.6719815203125 0.4351083796875 0.6880786062500001 0.33178664687500004
40 0.6873514453125 0.331134653125 0.6714651125 0.43557904531249997 0.717067309375 0.43964123749999995 0.7323861484374999 0.33625143125 0.6873514453125 0.331134653125
41 0.7331133078125001 0.33690340937499996 0.7145093984375 0.4411095875 0.7580576031249999 0.4461692859375 0.774359028125 0.34051194218749997 0.7331133078125001 0.33690340937499996
33 0.77358081875 0.34044385781250003 0.757630290625 0.44576450312500004 0.7993544421875 0.44919392968749994 0.8178372749999999 0.3454925484375 0.77358081875 0.34044385781250003
35 0.8162808203124999 0.345356375 0.7981388625 0.4466615625 0.8407023671875 0.45163465468749997 0.85981015625 0.3497530609375 0.8162808203124999 0.345356375
32 0.861622034375 0.3469697296875 0.8417285968750001 0.4526809890625 0.8849588234375 0.45668334218749995 0.9057763234375 0.3531862171875 0.861622034375 0.3469697296875
5 0.7383824765625 0.5007563875 0.72893313125 0.5720736093750001 0.8385621578125001 0.583655721875 0.8519517499999999 0.5112807734375 0.7383824765625 0.5007563875
29 0.61402029375 0.48811099531249996 0.6050249140624999 0.5629977015625001 0.715654228125 0.5723142828125 0.72686240625 0.4979834 0.61402029375 0.48811099531249996
7 0.49640664843750004 0.4789978578125 0.4875331328125 0.5535330234375 0.6076346984375001 0.561098684375 0.6162017046875 0.4900669546875 0.49640664843750004 0.4789978578125
15 0.765625 0.6453125 0.1 0.1015625
24 0.68828125 0.6421875 0.08125 0.1015625
24 0.61796875 0.64453125 0.08125 0.0984375
27 0.47112594375 0.7589941578125 0.4634393515625 0.828926190625 0.5760141015625 0.8328915046875001 0.5830365921875 0.7705501828125 0.47112594375 0.7589941578125
27 0.45882110625 0.8279337828125 0.45188183281249994 0.8813544734375001 0.563327725 0.8882652046875 0.57119151875 0.8342346953125 0.45882110625 0.8279337828125
25 0.5645026750000001 0.8748354578124999 0.6680572484375 0.8833069468750001 0.6772101015625 0.8235054859375 0.5712187281250001 0.8159975562499999 0.5645026750000001 0.8748354578124999
25 0.7828373234375 0.9068814171874999 0.7953584734375 0.8444328078125001 0.7961877671875001 0.843917 0.6839195265625 0.8364482765625001 0.673835209375 0.8979333578125 0.7828373234375 0.9068814171874999
25 0.696059203125 0.760433775 0.68827040625 0.8315335906250001 0.78876315625 0.8391488421875 0.801323453125 0.7672897015625 0.696059203125 0.760433775