19 0.85390625 0.2890625 0.1140625 0.1484375
19 0.76015625 0.26640625 0.1140625 0.134375
20 0.6734375 0.24375 0.1046875 0.1328125
20 0.59140625 0.22109375 0.1140625 0.1453125
8 0.50703125 0.20234375 0.1078125 0.140625
10 0.43046875 0.1796875 0.103125 0.1359375
9 0.35234375 0.159375 0.1171875 0.1390625
11 0.26015625 0.13671875 0.1328125 0.1515625
14 0.41328125 0.31953125 0.1046875 0.1234375
14 0.4875 0.340625 0.0921875 0.1140625
14 0.5640625 0.35625 0.1078125 0.1328125
13 0.65234375 0.37734375 0.1125 0.1328125
13 0.73515625 0.39921875 0.1046875 0.1296875
13 0.81796875 0.421875 0.1125 0.128125
3 0.34140625 0.3109375 0.078125 0.090625
3 0.2890625 0.2984375 0.065625 0.08125
2 0.2359375 0.28671875 0.0703125 0.0859375
0 0.3671875 0.4234375 0.0734375 0.0796875
1 0.440625 0.44765625 0.103125 0.078125
28 0.51953125 0.459375 0.0734375 0.0828125
29 0.59296875 0.48359375 0.109375 0.08125
4 0.67421875 0.49296875 0.0765625 0.0859375
5 0.746875 0.51953125 0.103125 0.0796875
15 0.35546875 0.5140625 0.084375 0.0875
23 0.421875 0.528125 0.08125 0.0875
24 0.37265625 0.60390625 0.065625 0.0765625
24 0.44609375 0.61875 0.0625 0.0703125
30 0.528125 0.646875 0.06875 0.0734375
26 0.484375 0.63671875 0.0453125 0.0625
12 0.584375 0.6578125 0.06875 0.0765625
16 0.6359375 0.67421875 0.0640625 0.0734375
6 0.69375 0.6875 0.078125 0.08125
25 0.228125 0.7671875 0.0953125 0.071875
25 0.240625 0.71640625 0.0953125 0.0734375
25 0.3109375 0.7890625 0.09375 0.06875
25 0.32421875 0.74140625 0.0984375 0.0734375
25 0.39453125 0.81171875 0.0953125 0.0703125
25 0.40703125 0.76171875 0.09375 0.0671875
25 0.33671875 0.690625 0.0953125 0.0703125
25 0.42265625 0.7140625 0.0984375 0.075
31 0.48203125 0.83203125 0.0953125 0.0703125
31 0.4953125 0.7859375 0.0953125 0.06875
31 0.509375 0.7390625 0.096875 0.075
7 0.64609375 0.88046875 0.09375 0.0640625
7 0.665625 0.83125 0.096875 0.078125
17 0.565625 0.85390625 0.09375 0.0703125
17 0.5796875 0.8046875 0.096875 0.075
34 0.475 0.54609375 0.0578125 0.0765625
34 0.51875 0.55703125 0.05625 0.078125
35 0.55625 0.56640625 0.046875 0.075
33 0.5890625 0.5703125 0.0453125 0.0765625
37 0.61953125 0.57734375 0.0453125 0.075
39 0.6558582125 0.623551446875 0.6805490921875 0.558534796875 0.65160845625 0.54972863125 0.6271025890625 0.6155866375 0.6558582125 0.623551446875
38 0.687015528125 0.6325126765625 0.7107083953125 0.5672471953125 0.682180765625 0.55894161875 0.6571685609375 0.6246733796874999 0.687015528125 0.6325126765625
41 0.7197631906249999 0.6414728125 0.7400563578125 0.5749620765625 0.7115357062500001 0.5666582390625 0.6922245796875 0.6350042796875 0.7197631906249999 0.6414728125
42 0.7496101578125 0.6493121109375 0.77258501875 0.5826747703125 0.74238801875 0.5747481984375 0.7217592109375001 0.6419704765625001 0.7496101578125 0.6493121109375