13 0.771875 0.30078125 0.0859375 0.1125
13 0.6921875 0.290625 0.084375 0.13125
13 0.60859375 0.28515625 0.0890625 0.1234375
14 0.51953125 0.2796875 0.096875 0.121875
21 0.425 0.278125 0.084375 0.1203125
19 0.346875 0.26953125 0.0859375 0.1203125
20 0.2390625 0.25703125 0.0984375 0.1296875
23 0.7609375 0.44140625 0.08125 0.0828125
15 0.68359375 0.43359375 0.0734375 0.090625
8 0.609375 0.41875 0.0890625 0.1234375
9 0.52578125 0.41640625 0.0828125 0.11875
10 0.440625 0.40703125 0.090625 0.1203125
11 0.35234375 0.403125 0.0890625 0.11875
3 0.2796875 0.4171875 0.0640625 0.0828125
2 0.22265625 0.41640625 0.0578125 0.075
5 0.74921875 0.53203125 0.0953125 0.0609375
4 0.675 0.528125 0.05625 0.0640625
29 0.6015625 0.525 0.0953125 0.0609375
28 0.5203125 0.51875 0.0609375 0.0640625
1 0.4296875 0.515625 0.096875 0.0671875
12 0.73359375 0.621875 0.05625 0.06875
6 0.72265625 0.71328125 0.065625 0.065625
16 0.66640625 0.7125 0.0640625 0.065625
30 0.60703125 0.70390625 0.0578125 0.0734375
26 0.5625 0.71171875 0.0375 0.059375
24 0.515625 0.70546875 0.059375 0.0671875
24 0.45703125 0.7015625 0.0578125 0.06875
24 0.3984375 0.70390625 0.0609375 0.065625
7 0.70234375 0.89921875 0.084375 0.053125
7 0.70546875 0.853125 0.0921875 0.0515625
17 0.61171875 0.903125 0.0875 0.053125
17 0.60859375 0.84921875 0.0875 0.059375
31 0.5234375 0.9015625 0.090625 0.0578125
31 0.52265625 0.84765625 0.0890625 0.0578125
25 0.434375 0.89921875 0.0890625 0.05625
25 0.346875 0.8953125 0.0921875 0.0546875
27 0.23671875 0.89375 0.0890625 0.053125
27 0.234375 0.84765625 0.096875 0.0515625
36 0.38828125 0.60390625 0.05 0.0734375
34 0.43203125 0.60625 0.0453125 0.075
33 0.46953125 0.60546875 0.034375 0.071875
35 0.5015625 0.6078125 0.034375 0.0734375
37 0.5328125 0.60859375 0.0328125 0.0703125
39 0.56484375 0.6109375 0.0328125 0.0703125
38 0.596875 0.61328125 0.034375 0.071875
41 0.628125 0.6140625 0.034375 0.071875
42 0.6698563015625 0.6497643546874999 0.6791366203125 0.5807109703125 0.6493131375 0.5791479875000001 0.639952571875 0.6489103953125 0.6698563015625 0.6497643546874999
40 0.7016190359375 0.65142896875 0.7090101546875001 0.5822765750000001 0.6825167234375 0.5805315 0.6707858046874999 0.65016968125 0.7016190359375 0.65142896875