19 0.43828125 0.2390625 0.15 0.19375
14 0.340625 0.2734375 0.11875 0.1640625
13 0.2421875 0.2875 0.1421875 0.1859375
9 0.1359375 0.3125 0.1453125 0.1765625
5 0.265625 0.61328125 0.128125 0.0859375
29 0.38203125 0.584375 0.1171875 0.084375
7 0.4890625 0.56015625 0.11875 0.0859375
31 0.5265625 0.65625 0.109375 0.0796875
24 0.4453125 0.678125 0.0828125 0.0828125
23 0.36640625 0.6890625 0.103125 0.0984375
15 0.284375 0.7046875 0.1015625 0.10625
25 0.340625 0.865625 0.1125 0.0765625
25 0.4421875 0.84453125 0.1140625 0.0796875
27 0.5421875 0.8203125 0.1125 0.078125
27 0.534375 0.7578125 0.1125 0.0765625
39 0.5015625 0.4171875 0.0578125 0.1015625
38 0.46171875 0.425 0.0578125 0.1
40 0.4518080875 0.4729706734375 0.42736272187499996 0.38764695625 0.39289029375 0.395565928125 0.41745907187500003 0.48204667968750003 0.4518080875 0.4729706734375
42 0.37444888593750003 0.4911887765625 0.3480131140625 0.403921603125 0.311651459375 0.41046724687499997 0.33747521875 0.49904777187500005 0.37444888593750003 0.4911887765625
35 0.3343366421875 0.4991232640625 0.3085351140625 0.411129646875 0.270774990625 0.4185641765625 0.29748329375 0.5075483171874999 0.3343366421875 0.4991232640625
33 0.2941040765625 0.5064916953124999 0.2676683046875 0.4192245234375 0.2293844171875 0.427953646875 0.2573710453125 0.51548280625 0.2941040765625 0.5064916953124999
37 0.2545934265625 0.517256471875 0.22251474531249998 0.429413840625 0.1862437171875 0.4365318546875 0.21988345156250003 0.5246343046875 0.2545934265625 0.517256471875
35 0.2159903109375 0.5248701859375 0.1824024984375 0.43734832968750004 0.1457282046875 0.4463269546875 0.1797712078125 0.53256879375 0.2159903109375 0.5248701859375