19 0.3235075 0.14948039375 0.42586140937500006 0.110734459375 0.3992082625 0.00995095 0.2863852078125 0.0278203671875 0.3235075 0.14948039375
20 0.2535023765625 0.176970878125 0.32768291562499996 0.147431246875 0.290515609375 0.029353778125 0.20791890156249998 0.04170660625 0.2535023765625 0.176970878125
20 0.1685273125 0.2112064390625 0.25571294375 0.177789375 0.20981505625 0.041406284375000005 0.10954265156250001 0.05874626875 0.1685273125 0.2112064390625
8 0.086227975 0.2439246875 0.167625434375 0.2107003046875 0.11222748281249999 0.063425446875 0.0124716375 0.0901632359375 0.086227975 0.2439246875
9 0 0.2077496390625 0.016765065625 0.2702357765625 0.090530246875 0.2455162046875 0.0301389453125 0.11580385156249999 0 0.1351486890625 0 0.2077496390625
13 0.4767913453125 0.2979783796875 0.5775057296874999 0.270475025 0.5269884640625 0.1049263328125 0.42908199375 0.137204796875 0.4767913453125 0.2979783796875
13 0.389033059375 0.320014590625 0.48120419375 0.294478103125 0.4375872453125 0.1540877453125 0.359590803125 0.1832127703125 0.389033059375 0.320014590625
13 0.317685490625 0.342861584375 0.391990003125 0.320275446875 0.3603135046875 0.18163992499999998 0.285161340625 0.21031446250000002 0.317685490625 0.342861584375
14 0.2247892625 0.36851007812500003 0.3158237453125 0.3425478234375 0.2729487796875 0.21297796562500002 0.1858560828125 0.2398977125 0.2247892625 0.36851007812500003
14 0.161482490625 0.38668150625000003 0.224078090625 0.36862271562500004 0.1891702265625 0.254686025 0.12727213125 0.2688649265625 0.161482490625 0.38668150625000003
14 0.10110836249999999 0.402314934375 0.1659975859375 0.384507971875 0.132031759375 0.28050747187499997 0.06584390625 0.29828262968749997 0.10110836249999999 0.402314934375
3 0.0498333359375 0.41918424062500004 0.10452629218750001 0.40299448125000004 0.0770101109375 0.321306903125 0.0307321953125 0.335928603125 0.0498333359375 0.41918424062500004
3 0 0.3997585703125 0.007117278124999999 0.4322773953125 0.058135709375 0.4169048359375 0.0305068625 0.3345059125 0 0.347481509375 0 0.3997585703125
5 0.46995911875 0.3478158765625 0.4935948953125 0.4270858140625 0.6105045 0.4006634046875 0.5896249484375 0.31792465625 0.46995911875 0.3478158765625
18 0.428264528125 0.44046539687499997 0.48932725312500003 0.4271479953125 0.46722751249999994 0.34897774375 0.40555475156250004 0.36457933593749997 0.428264528125 0.44046539687499997
29 0.3045127828125 0.3893332234375 0.3272790484375 0.46326931406250005 0.4220786078125 0.44436194218749997 0.39880540937500003 0.364919134375 0.3045127828125 0.3893332234375
28 0.274785978125 0.4770509875 0.3262745234375 0.46536943906249995 0.3004291625 0.3819588171875 0.24338416875000002 0.3960982515625 0.274785978125 0.4770509875
1 0.16561306250000002 0.426646 0.19032553125 0.491521725 0.274467415625 0.47576248281250005 0.247693125 0.4048953828125 0.16561306250000002 0.426646
45 0.6161233546875 0.5471026906249999 0.6618664265625 0.5408643421875 0.635935978125 0.43850795624999994 0.590652878125 0.44713850781250003 0.6161233546875 0.5471026906249999
44 0.5730798125 0.5561071531249999 0.616583328125 0.54949489375 0.592323740625 0.44541545625 0.54965958125 0.4521727953125 0.5730798125 0.5561071531249999
40 0.5250934078125 0.5615204171875 0.57096221875 0.5559913437499999 0.5467026374999999 0.45191194062499995 0.5021422796875 0.45896960781249996 0.5250934078125 0.5615204171875
41 0.4896193140625 0.567685721875 0.53008155 0.561737015625 0.5025929484375 0.46181502031250005 0.4666781359375 0.468232590625 0.4896193140625 0.567685721875
37 0.45531412656250003 0.5720256125 0.4920451578125 0.5670321984375 0.4674008328125 0.4666597140625 0.42970253124999996 0.47408895156249997 0.45531412656250003 0.5720256125
35 0.415861778125 0.576087215625 0.4537835140625 0.5709046437499999 0.42825695937499997 0.4772347015625 0.3923421421875 0.48365223906250004 0.415861778125 0.576087215625
33 0.38172554999999997 0.5814938625 0.4176432734375 0.575899471875 0.3932902625 0.483502071875 0.3564273296875 0.490069809375 0.38172554999999997 0.5814938625
34 0.3359571390625 0.587102590625 0.3843474015625 0.58044383125 0.358323484375 0.4897694890625 0.31281504843749997 0.49697731718749993 0.3359571390625 0.587102590625
36 0.29366010625 0.591614746875 0.3375528390625 0.5856677578125 0.3168327796875 0.49779935000000003 0.27701289687499997 0.5041062000000001 0.29366010625 0.591614746875
23 0.2259500203125 0.598968703125 0.2971229265625 0.5942588296875 0.27527610468749997 0.49927688437500006 0.20997039218750002 0.5103494828125 0.2259500203125 0.598968703125
4 0.65703125 0.6421875 0.0921875 0.1015625
16 0.6286152390625 0.686823421875 0.6081864046875001 0.6069301109375 0.5331276734375 0.623922675 0.5586158343750001 0.6928058421875 0.6286152390625 0.686823421875
12 0.491403784375 0.6986251875 0.55493614375 0.6941178375 0.52317689375 0.610185484375 0.46110024374999997 0.61710065 0.491403784375 0.6986251875
30 0.41961080624999997 0.7056220078125001 0.492859409375 0.7010330328125 0.452116740625 0.6156067046875 0.393945071875 0.6226325875 0.41961080624999997 0.7056220078125001
24 0.320779515625 0.7076063765625 0.3694755875 0.7074494921875 0.341058065625 0.6200710515625001 0.292818015625 0.628440715625 0.320779515625 0.7076063765625
24 0.268845984375 0.7102620359375 0.3207189828125 0.706421365625 0.2956622953125 0.627990225 0.24211847656250002 0.6335539390625 0.268845984375 0.7102620359375
7 0.5769974953125 0.7475013453125 0.6002018921875 0.8148023921875 0.7231379140625 0.8111299140625 0.6997712859375 0.743369109375 0.5769974953125 0.7475013453125
7 0.6157890890625 0.88559929375 0.73505696875 0.8909126281249999 0.711014340625 0.8188837187500001 0.5978341687500001 0.8222256640625 0.6157890890625 0.88559929375
7 0.6398965453125001 0.9457518203124999 0.76033035625 0.9523036734374999 0.735067528125 0.8848431968750001 0.6218214734374999 0.8816328015625 0.6398965453125001 0.9457518203124999
17 0.5366999484375 0.9385859296874999 0.6394336109375 0.943742184375 0.617850515625 0.8749697062499999 0.5174929406250001 0.873363959375 0.5366999484375 0.9385859296874999
17 0.498594675 0.809270659375 0.520823975 0.8705685593749999 0.6113732890625 0.870891203125 0.601458528125 0.8082918640625 0.498594675 0.809270659375
17 0.48270013437500003 0.7395972015625001 0.500054278125 0.8038730375 0.598163575 0.8058969078124999 0.5836677406249999 0.7389187265625 0.48270013437500003 0.7395972015625001
31 0.42126576718750003 0.873291625 0.44203740937499997 0.930068375 0.5360532046875 0.9353232078125 0.520900559375 0.8764702625 0.42126576718750003 0.873291625
31 0.40365362656250003 0.8111822249999999 0.42893543906250003 0.8703597875 0.51699549375 0.8763595734375 0.49798455781250006 0.8115548953125 0.40365362656250003 0.8111822249999999
31 0.4977164671875 0.8075238625000001 0.46615103125 0.7516979421875 0.3818643046875 0.7533804265625 0.41257115625 0.806123828125 0.4977164671875 0.8075238625000001
25 0.3625275671875 0.9251652187499999 0.4427170875 0.9289593546875 0.4183088234375 0.87303076875 0.33903464843750003 0.8695441515625 0.3625275671875 0.9251652187499999
25 0.420739296875 0.8738449640624999 0.39663216874999996 0.8159403140625001 0.3141290203125 0.8166111171875 0.33948531875 0.8723895671875 0.420739296875 0.8738449640624999
25 0.33374765 0.805482625 0.41268382187499997 0.806835171875 0.3817516359375 0.7526690640625 0.30421425625 0.7540117625 0.33374765 0.805482625
25 0.22349450625 0.7536708953125 0.25108907343750003 0.8061256578125 0.3348084359375 0.8060438031249999 0.3089546875 0.7532609531250001 0.22349450625 0.7536708953125
25 0.3183047015625 0.8162565796875001 0.2393231578125 0.8167919781249999 0.2629427484375 0.8677410828125 0.3380865265625 0.8696943203125 0.3183047015625 0.8162565796875001
25 0.2857268890625 0.9195517328125 0.3653390671875 0.9251724171875001 0.345783990625 0.8692043515625001 0.2630554203125 0.8684524609375 0.2857268890625 0.9195517328125
25 0.19633180781249998 0.8644364093749999 0.218442484375 0.9129934953125 0.284215428125 0.9161451078124999 0.2623794140625 0.8641843234375 0.19633180781249998 0.8644364093749999
25 0.2599240140625 0.866510078125 0.23413205625 0.8146973750000001 0.172327434375 0.81719425 0.1940975609375 0.8626026765624999 0.2599240140625 0.866510078125
27 0.21832726875000003 0.9112675453125 0.196073740625 0.8684215875 0.132743696875 0.86794496875 0.1484212875 0.9055679296875001 0.21832726875000003 0.9112675453125