21 0.0890625 0.184375 0.1234375 0.1640625
21 0.196875 0.17578125 0.115625 0.1484375
8 0.51953125 0.1390625 0.115625 0.1625
10 0.62734375 0.13046875 0.1265625 0.15625
9 0.7265625 0.11875 0.1125 0.1546875
11 0.83515625 0.096875 0.1453125 0.171875
35 0.61484375 0.30078125 0.10625 0.1359375
35 0.51640625 0.31328125 0.1125 0.1390625
35 0.4203125 0.32109375 0.10625 0.1390625
13 0.31953125 0.33203125 0.1171875 0.1421875
13 0.21875 0.340625 0.1125 0.146875
13 0.1171875 0.3515625 0.1109375 0.15
2 0.6984375 0.31328125 0.0890625 0.0890625
2 0.76953125 0.29921875 0.08125 0.1
2 0.84375 0.2921875 0.08125 0.103125
0 0.66796875 0.4484375 0.078125 0.0890625
1 0.57890625 0.465625 0.121875 0.084375
28 0.4796875 0.465625 0.078125 0.0984375
29 0.3875 0.4859375 0.1234375 0.084375
4 0.290625 0.4875 0.084375 0.0984375
5 0.19140625 0.5078125 0.125 0.084375
15 0.66953125 0.55703125 0.0875 0.0921875
23 0.58984375 0.56953125 0.09375 0.103125
24 0.68671875 0.66953125 0.0765625 0.0828125
24 0.61640625 0.675 0.078125 0.0828125
24 0.546875 0.6859375 0.075 0.0828125
36 0.5203125 0.5765625 0.0578125 0.0875
34 0.46796875 0.5828125 0.05625 0.0859375
33 0.4203125 0.58984375 0.04375 0.0875
26 0.490625 0.696875 0.0515625 0.071875
26 0.44921875 0.69609375 0.05 0.071875
12 0.38828125 0.7078125 0.071875 0.08125
16 0.29921875 0.7171875 0.0796875 0.0875
6 0.2171875 0.72890625 0.0828125 0.0890625
35 0.37578125 0.59140625 0.046875 0.090625
37 0.334375 0.59765625 0.04375 0.090625
39 0.32113588437499996 0.6440999828125 0.308113334375 0.560900496875 0.26981235 0.5641502375 0.2838393328125 0.6484079359375 0.32113588437499996 0.6440999828125
38 0.2839603140625 0.6495590046874999 0.2669975421875 0.5683253609375 0.22937915000000003 0.57305506875 0.245048715625 0.65326085 0.2839603140625 0.6495590046874999
41 0.2456811625 0.654358159375 0.23027170937500002 0.5683061265625 0.1911275328125 0.5731962 0.2062984265625 0.6584974515625001 0.2456811625 0.654358159375
42 0.20598860000000002 0.6604696546875 0.1884830203125 0.5742500046875 0.14973926875000002 0.5779342109375001 0.167117328125 0.6645551890625 0.20598860000000002 0.6604696546875
27 0.88203125 0.85390625 0.1078125 0.0671875
27 0.86875 0.79296875 0.109375 0.071875
25 0.67578125 0.88125 0.10625 0.0671875
25 0.67578125 0.8234375 0.1125 0.06875
25 0.56953125 0.83671875 0.1125 0.0703125
25 0.57265625 0.89296875 0.1046875 0.0640625
31 0.4703125 0.90703125 0.1078125 0.0734375
31 0.4609375 0.85 0.1109375 0.0703125
17 0.36640625 0.9203125 0.1109375 0.071875
17 0.35703125 0.85625 0.109375 0.0703125
7 0.253125 0.8578125 0.1125 0.065625