13 0.18027014375 0.25132995937499997 0.1600143515625 0.144478515625 0.0703028234375 0.15577988125 0.0903366296875 0.265574028125 0.18027014375 0.25132995937499997
13 0.2712871765625 0.236914278125 0.24610599687499998 0.1200037375 0.1592403453125 0.1385686703125 0.18027014375 0.25132995937499997 0.2712871765625 0.236914278125
14 0.3579700515625 0.223185059375 0.3325312171875 0.10464775 0.2515313375 0.12499284375 0.27237069687500004 0.23674266406250002 0.3579700515625 0.223185059375
14 0.4481611390625 0.210567771875 0.4227223859375 0.09203045 0.33679350625 0.102113965625 0.360265915625 0.223655203125 0.4481611390625 0.210567771875
23 0.212053465625 0.392962703125 0.19440891093749998 0.30410048437500004 0.11167238125000001 0.3178973734375 0.12863203750000002 0.4072473328125 0.212053465625 0.392962703125
15 0.29641988124999996 0.3801363328125 0.2815615765625 0.290832853125 0.199123784375 0.30069833125 0.211191275 0.39202720625 0.29641988124999996 0.3801363328125
8 0.38156572187500004 0.3677225703125 0.36284901718749996 0.249549940625 0.2780385453125 0.2634235296875 0.296867978125 0.37845735 0.38156572187500004 0.3677225703125
9 0.47342864687499997 0.3526369140625 0.45524285468750003 0.23330818281250001 0.36503281875 0.2489753703125 0.3829588203125 0.367501925 0.47342864687499997 0.3526369140625
10 0.557463803125 0.33771904375 0.5389275265625 0.22970191406249998 0.4567525484375 0.24181421093750002 0.47264928125 0.3522243375 0.557463803125 0.33771904375
11 0.637733696875 0.32607753437500003 0.6182036171874999 0.2117857671875 0.5387711656249999 0.2241363984375 0.5562363375 0.3389854484375 0.637733696875 0.32607753437500003
3 0.7027962015625 0.3130926234375 0.6903247515625 0.2298431640625 0.6291364015625 0.23660874375000002 0.6401887296875 0.3235446890625 0.7027962015625 0.3130926234375
2 0.7563484 0.30407483125 0.74412539375 0.22239399375 0.6902684609375 0.233622575 0.70304465625 0.3146613015625 0.7563484 0.30407483125
1 0.601713953125 0.436774571875 0.5932517921875 0.374330275 0.497097365625 0.3894367703125 0.5044441765625 0.45378864218750004 0.601713953125 0.436774571875
28 0.50333354375 0.451284525 0.489566603125 0.37788829375 0.423150853125 0.3904348328125 0.43515356875 0.46261912968749996 0.50333354375 0.451284525
29 0.4247880046875 0.4647968890625 0.41181528749999996 0.4009229875 0.3106047453125 0.41830467968749996 0.32386979375 0.481316759375 0.4247880046875 0.4647968890625
4 0.3245663953125 0.48120642968749994 0.309557203125 0.3999669203125 0.243565871875 0.4121821 0.257000159375 0.49190786875 0.3245663953125 0.48120642968749994
5 0.2563036109375 0.4920181921875 0.242799925 0.42930039999999997 0.142609575 0.4455821203125 0.1541579375 0.5098044890625 0.2563036109375 0.4920181921875
12 0.2416095125 0.6111296687500001 0.228125040625 0.535008715625 0.1618197 0.5443217453125 0.1761329734375 0.6215001328125 0.2416095125 0.6111296687500001
40 0.2760233671875 0.602999025 0.261710721875 0.5216491953125 0.23035980937499997 0.526100240625 0.241891975 0.60840490625 0.2760233671875 0.602999025
6 0.1923063328125 0.7191065453125 0.25970688124999997 0.70735933125 0.2517121375 0.6298328953125 0.1826683203125 0.6421322375 0.1923063328125 0.7191065453125
16 0.3284177625 0.6948685890624999 0.3162436203125 0.61800408125 0.2539850015625 0.6301671640625 0.263637825 0.7051287234375 0.3284177625 0.6948685890624999
30 0.394342403125 0.68281918125 0.382333890625 0.6070004140624999 0.318687534375 0.615901571875 0.3298109125 0.6946479359375 0.394342403125 0.68281918125
26 0.43937026875 0.6740794171875 0.43057689374999997 0.609543571875 0.3909955546875 0.6158326421875 0.39765955625 0.6812217406250001 0.43937026875 0.6740794171875
24 0.5020605625 0.6641502499999999 0.4923073890625 0.5890463265625 0.42755970468750004 0.5986579140625 0.440232453125 0.675014875 0.5020605625 0.6641502499999999
24 0.5704889828125 0.6543842671875 0.558032325 0.5802445296875 0.493857446875 0.5888270015625 0.5064055390625 0.6645340875 0.5704889828125 0.6543842671875
24 0.6357998328125001 0.64296803125 0.6239569609375 0.5681950828125 0.5603621125 0.58030255625 0.5704889828125 0.6543842671875 0.6357998328125001 0.64296803125
7 0.22086284374999998 0.8723559906249999 0.3201395 0.8544880453125 0.3107471359375 0.7996951515624999 0.211370559375 0.8177139718750001 0.22086284374999998 0.8723559906249999
7 0.2298899203125 0.9293507062499999 0.3273253375 0.9133824546874999 0.31944295 0.8545983671874999 0.21939731093749998 0.8740299625000001 0.2298899203125 0.9293507062499999
17 0.32096767187499997 0.8597169234375001 0.419879 0.8440509078125 0.408513821875 0.785818459375 0.31219701093749996 0.800405390625 0.32096767187499997 0.8597169234375001
17 0.327374146875 0.9181987749999999 0.42820954218749996 0.901156025 0.41639620781250003 0.844602528125 0.31868873125 0.858303746875 0.327374146875 0.9181987749999999
31 0.42094088281250003 0.8417387140624999 0.5175140625 0.824835015625 0.5097973125 0.76709670625 0.41323038749999996 0.7844032765625 0.42094088281250003 0.8417387140624999
31 0.5296586609375 0.8834800328125001 0.5204659406250001 0.825439478125 0.42397353125 0.8409586515624999 0.4344785796875 0.90016310625 0.5296586609375 0.8834800328125001
25 0.5267349828125 0.824446559375 0.6258459640625 0.8055329421874999 0.6179636234375 0.7467488062500001 0.5216887109375 0.7645466859375001 0.5267349828125 0.824446559375
25 0.6361006109375 0.8612612359374999 0.6278528390625 0.804679046875 0.5308968234375 0.8226844265625 0.540472321875 0.8796232890625 0.6361006109375 0.8612612359374999
25 0.7297160984375 0.789617484375 0.7207229734375 0.72832931875 0.6257921484375 0.74537984375 0.6330599968749999 0.805998321875 0.7297160984375 0.789617484375
25 0.7345150375 0.8424579015625 0.7277092203125 0.790471359375 0.6318267375 0.8060290796875 0.640362715625 0.8611221812500001 0.7345150375 0.8424579015625
27 0.8287443124999999 0.7701809390625 0.82295156875 0.711065884375 0.7265151375000001 0.7274180296874999 0.7330332609375 0.7880201046875001 0.8287443124999999 0.7701809390625
27 0.8291641562500001 0.8269309578125 0.82247521875 0.7711738671874999 0.7315752875 0.78755198125 0.7374668625 0.8430623718750001 0.8291641562500001 0.8269309578125
42 0.278104278125 0.601050375 0.31230811406250003 0.5961020171875 0.29565017656250003 0.5185406734375 0.2626311515625 0.5236506999999999 0.278104278125 0.601050375
41 0.31291759375 0.5960054859375 0.3470490125 0.5905996 0.331929653125 0.5109185625 0.2975069328125 0.5169550843749999 0.31291759375 0.5960054859375
38 0.38232688125 0.5845431375000001 0.36749737968749996 0.506692196875 0.3349406171875 0.5116120890625 0.3488049890625 0.5898524828125 0.38232688125 0.5845431375000001
39 0.41721271406250005 0.5799557953125001 0.40338477343749995 0.500539178125 0.3706690328125 0.5053673453124999 0.38315375937499996 0.5858192 0.41721271406250005 0.5799557953125001
37 0.45119915156249996 0.573634840625 0.43697913125000004 0.49568736874999997 0.4041111328125 0.4994847203125 0.41828673906249997 0.5788476546875 0.45119915156249996 0.573634840625
35 0.485330525 0.5682289625 0.4710380359375 0.48982395468749995 0.4393490296875 0.4950754203125 0.452635509375 0.574814371875 0.485330525 0.5682289625
33 0.52168246875 0.561064390625 0.5084342984375 0.48530799375000006 0.4759300796875 0.48928155156250003 0.4877684890625 0.5678428265625 0.52168246875 0.561064390625
34 0.568076084375 0.554185359375 0.5546829828125001 0.4775139078125 0.5103153421875 0.48442137812499997 0.5242653640625 0.56159329375 0.568076084375 0.554185359375
36 0.62110160625 0.5457869421875 0.60193328125 0.46815418906249995 0.5583279703125 0.47681692499999995 0.5730244796874999 0.5538706078125 0.62110160625 0.5457869421875