8 0.54765625 0.13125 0.1359375 0.16875
9 0.45 0.11328125 0.1234375 0.1609375
14 0.4421875 0.27734375 0.109375 0.1359375
14 0.53046875 0.29765625 0.11875 0.1390625
14 0.6234375 0.315625 0.121875 0.146875
13 0.71171875 0.32890625 0.1203125 0.15
13 0.8015625 0.3484375 0.1265625 0.1515625
13 0.89453125 0.3671875 0.13125 0.15
19 0.84140625 0.1921875 0.1359375 0.1671875
19 0.9359375 0.21640625 0.121875 0.153125
3 0.36171875 0.27265625 0.090625 0.1109375
2 0.29375 0.26015625 0.0890625 0.1015625
2 0.2234375 0.24296875 0.0859375 0.1
0 0.396875 0.40546875 0.09375 0.1015625
1 0.4859375 0.43046875 0.1234375 0.09375
28 0.5765625 0.44140625 0.0921875 0.1015625
29 0.66953125 0.4671875 0.125 0.09375
6 0.765625 0.4765625 0.096875 0.1078125
5 0.8578125 0.503125 0.134375 0.0921875
23 0.46015625 0.534375 0.109375 0.121875
36 0.53046875 0.55234375 0.06875 0.0984375
34 0.584375 0.5625 0.075 0.1015625
33 0.6328125 0.57265625 0.059375 0.0984375
36 0.67109375 0.58125 0.0578125 0.096875
37 0.71015625 0.5875 0.0578125 0.096875
41 0.74765625 0.59609375 0.0578125 0.0953125
18 0.78515625 0.603125 0.05625 0.09375
44 0.82578125 0.6109375 0.0546875 0.0984375
45 0.8625 0.61953125 0.0578125 0.0984375
6 0.8078125 0.71953125 0.090625 0.103125
16 0.72578125 0.7015625 0.09375 0.103125
12 0.65625 0.6890625 0.0828125 0.0921875
30 0.58828125 0.67578125 0.0859375 0.0953125
26 0.52890625 0.6703125 0.065625 0.0828125
24 0.475 0.65390625 0.0859375 0.1
24 0.40703125 0.63984375 0.0828125 0.0984375
24 0.340625 0.62734375 0.0890625 0.0984375
18 0.7890625 0.8265625 0.1046875 0.0828125
7 0.7154527359375 0.92222330625 0.8210396609374999 0.942747325 0.8421559562500001 0.8812938015625 0.732556421875 0.8604139875 0.7154527359375 0.92222330625
7 0.808156675 1 0.823233125 0.9422794124999999 0.717606590625 0.921323515625 0.696573690625 0.9829836593750001 0.7799072812500001 1 0.808156675 1
17 0.65234375 0.9421875 0.1171875 0.084375
17 0.67109375 0.87578125 0.121875 0.0921875
17 0.6859375 0.80859375 0.1203125 0.0921875
31 0.58046875 0.78515625 0.125 0.090625
31 0.56171875 0.85703125 0.1203125 0.090625
31 0.54296875 0.9203125 0.1265625 0.090625
25 0.4375 0.90390625 0.1265625 0.0890625
25 0.4515625 0.8359375 0.1265625 0.0921875
25 0.46640625 0.765625 0.1234375 0.090625
25 0.3296875 0.8765625 0.121875 0.0890625
25 0.33984375 0.81171875 0.128125 0.0890625
25 0.35546875 0.7453125 0.1234375 0.0890625
25 0.21875 0.8578125 0.128125 0.0890625
25 0.234375 0.784375 0.1203125 0.0828125
27 0.1046875 0.834375 0.1265625 0.0875
18 0.1203125 0.76328125 0.125 0.0875
10 0.35859375 0.09453125 0.125 0.15625
11 0.26328125 0.07578125 0.1328125 0.1515625
18 0.7 0.159375 0.2078125 0.1828125