8 0.19765625 0.16484375 0.1046875 0.134375
8 0.29375 0.16875 0.1046875 0.1390625
9 0.38984375 0.1765625 0.1015625 0.1453125
9 0.48046875 0.19296875 0.090625 0.1359375
10 0.57265625 0.19921875 0.1 0.1421875
10 0.665625 0.20859375 0.1015625 0.1359375
11 0.7625 0.215625 0.09375 0.1359375
11 0.86015625 0.2296875 0.103125 0.128125
22 0.1625 0.30625 0.1125 0.140625
19 0.25625 0.31875 0.096875 0.13125
21 0.34453125 0.32734375 0.0953125 0.13125
13 0.43046875 0.334375 0.09375 0.134375
13 0.50703125 0.3421875 0.078125 0.1328125
14 0.58984375 0.34921875 0.1 0.134375
14 0.6734375 0.36015625 0.084375 0.125
3 0.74296875 0.384375 0.0703125 0.090625
3 0.80546875 0.38828125 0.06875 0.09375
2 0.8640625 0.39375 0.0640625 0.09375
0 0.6484375 0.48828125 0.075 0.0828125
1 0.55 0.48515625 0.1109375 0.0765625
28 0.4640625 0.46875 0.075 0.0890625
29 0.37890625 0.465625 0.10625 0.0765625
4 0.29140625 0.4484375 0.078125 0.0953125
5 0.20078125 0.4515625 0.1140625 0.0734375
15 0.63359375 0.5828125 0.0875 0.0875
23 0.55 0.575 0.084375 0.084375
38 0.234375 0.54453125 0.04375 0.0859375
34 0.45105653593749995 0.6023616296875 0.4548714125 0.521489690625 0.408245528125 0.5188780265624999 0.4043345609375 0.5997415593750001 0.45105653593749995 0.6023616296875
35 0.3335576859375 0.5143004515625 0.3267619171875 0.5919764515625 0.3610182125 0.5954626796875 0.36798550625000004 0.5168233046874999 0.3335576859375 0.5143004515625
39 0.2590508828125 0.50876033125 0.25212769218750003 0.5878927578125 0.28634151406249997 0.591864459375 0.29531801406249997 0.5124224859375001 0.2590508828125 0.50876033125
41 0.21075278437499997 0.5837837312499999 0.215129859375 0.503939359375 0.18208298750000002 0.5020265140625 0.1777483078125 0.5808962125 0.21075278437499997 0.5837837312499999
42 0.172528659375 0.58092874375 0.175176665625 0.4984871421875 0.14030580312500002 0.49494714687499997 0.1394817109375 0.5785267015625 0.172528659375 0.58092874375
24 0.62109375 0.68359375 0.0734375 0.08125
24 0.55703125 0.67578125 0.065625 0.078125
24 0.4921875 0.67265625 0.075 0.08125
26 0.434375 0.6703125 0.053125 0.0703125
30 0.37109375 0.6609375 0.078125 0.0875
12 0.3015625 0.6546875 0.071875 0.0796875
16 0.234375 0.64921875 0.06875 0.0765625
6 0.1671875 0.640625 0.078125 0.084375
7 0.13046875 0.8890625 0.109375 0.065625
7 0.13203125 0.83125 0.1125 0.0671875
7 0.1375 0.76484375 0.1140625 0.0671875
17 0.2375 0.89765625 0.109375 0.065625
17 0.24140625 0.8390625 0.109375 0.0703125
17 0.2484375 0.77265625 0.109375 0.06875
31 0.35234375 0.79140625 0.1078125 0.06875
31 0.34765625 0.84921875 0.10625 0.0640625
31 0.340625 0.9046875 0.1046875 0.0671875
25 0.45625 0.859375 0.1046875 0.0671875
25 0.4453125 0.9125 0.1046875 0.0671875
25 0.55234375 0.92265625 0.1046875 0.0625
25 0.55859375 0.865625 0.10625 0.06875
25 0.5671875 0.80546875 0.1078125 0.0703125
25 0.6578125 0.93125 0.103125 0.0640625
25 0.665625 0.871875 0.109375 0.0671875
27 0.75859375 0.93984375 0.103125 0.0671875
27 0.771875 0.88125 0.109375 0.06875