9 0.6921875 0.14296875 0.1390625 0.171875
13 0.59375 0.178125 0.1234375 0.1578125
14 0.5078125 0.203125 0.1171875 0.15625
21 0.421875 0.23515625 0.11875 0.153125
5 0.75078125 0.46015625 0.1359375 0.103125
29 0.63984375 0.48671875 0.121875 0.09375
7 0.5421875 0.50859375 0.1125 0.090625
15 0.80234375 0.55390625 0.10625 0.1125
23 0.71953125 0.56953125 0.0984375 0.10625
24 0.64609375 0.5875 0.08125 0.0921875
31 0.5671875 0.60703125 0.1125 0.090625
27 0.603125 0.7703125 0.10625 0.0890625
25 0.6953125 0.69609375 0.1171875 0.090625
25 0.70859375 0.75546875 0.121875 0.1
25 0.8140625 0.6765625 0.125 0.096875
25 0.8296875 0.740625 0.1265625 0.096875
35 0.6359375 0.33828125 0.059375 0.0984375
33 0.67734375 0.3265625 0.0578125 0.096875
37 0.7456569390625 0.35589762812500003 0.72628694375 0.26453420156249996 0.68900253125 0.27377536406249997 0.7095736484375 0.36428725625 0.7456569390625 0.35589762812500003
32 0.790482365625 0.3451655515625 0.7711079953125 0.2506061328125 0.7347150703125 0.261526725 0.749790525 0.3554294546875 0.790482365625 0.3451655515625
42 0.62755940625 0.388820628125 0.6026308171875 0.3021437375 0.5711503703125 0.3109455234375 0.5948150265625001 0.3969550140625 0.62755940625 0.388820628125
41 0.5882971796875001 0.39806204843750004 0.5649580640625 0.310959284375 0.53259379375 0.3220755515625 0.557302128125 0.4063671484375 0.5882971796875001 0.39806204843750004
40 0.5538033546875 0.40602578125 0.5304688515625 0.32211891875 0.5005940609375 0.3298510296875 0.5196293078124999 0.4151826890625 0.5538033546875 0.40602578125
38 0.5199490234375 0.41637588281250004 0.49391503124999997 0.3351106265625 0.4596553484375 0.3440158203125 0.48577491406249995 0.4255328078125 0.5199490234375 0.41637588281250004
39 0.48275577187499996 0.42698120156249997 0.45497245781249995 0.34554525625 0.42427972968749994 0.3550923375 0.45080607187500005 0.4349026796875 0.48275577187499996 0.42698120156249997