10 0.334375 0.18515625 0.1234375 0.1453125
9 0.4328125 0.2046875 0.109375 0.14375
8 0.521875 0.21875 0.1171875 0.153125
22 0.60703125 0.2375 0.096875 0.1359375
22 0.6890625 0.25078125 0.103125 0.1390625
21 0.7765625 0.26171875 0.1015625 0.146875
19 0.8734375 0.275 0.1234375 0.1578125
13 0.675 0.39140625 0.1078125 0.134375
14 0.58984375 0.37890625 0.096875 0.128125
14 0.5046875 0.36484375 0.103125 0.13125
14 0.41953125 0.35234375 0.1015625 0.1265625
3 0.35 0.35625 0.065625 0.0828125
3 0.29296875 0.34453125 0.0765625 0.08125
2 0.22890625 0.33359375 0.071875 0.0890625
5 0.7875 0.54765625 0.1109375 0.08125
4 0.7078125 0.5265625 0.0734375 0.0875
29 0.62265625 0.51796875 0.1125 0.0828125
28 0.54375 0.49609375 0.0765625 0.0859375
1 0.4609375 0.48828125 0.10625 0.078125
0 0.37890625 0.465625 0.0796875 0.0921875
15 0.36796875 0.5609375 0.0859375 0.090625
24 0.334375 0.665625 0.0765625 0.084375
24 0.39921875 0.67578125 0.075 0.09375
24 0.4609375 0.684375 0.071875 0.0921875
26 0.51015625 0.7046875 0.0515625 0.0734375
12 0.5625 0.70625 0.075 0.0890625
30 0.625 0.7140625 0.0734375 0.0828125
16 0.69140625 0.73125 0.078125 0.0859375
6 0.7578125 0.73984375 0.0828125 0.090625
27 0.13671875 0.80625 0.115625 0.078125
27 0.13125 0.86640625 0.109375 0.0734375
25 0.23125 0.88046875 0.1109375 0.0765625
25 0.2375 0.821875 0.10625 0.075
25 0.33046875 0.89375 0.10625 0.0734375
25 0.340625 0.83671875 0.109375 0.078125
25 0.3484375 0.778125 0.1078125 0.0765625
25 0.4296875 0.91171875 0.109375 0.0734375
25 0.4421875 0.85390625 0.1078125 0.0734375
25 0.45 0.7953125 0.1109375 0.0796875
31 0.53984375 0.875 0.10625 0.0765625
31 0.52734375 0.93125 0.109375 0.075
31 0.5546875 0.81015625 0.1078125 0.078125
17 0.6546875 0.83203125 0.1171875 0.0796875
17 0.640625 0.8890625 0.1125 0.0828125
17 0.62578125 0.946875 0.1078125 0.0734375
7 0.72421875 0.96328125 0.109375 0.0734375
7 0.74296875 0.90703125 0.1140625 0.08125
7 0.76171875 0.84609375 0.1125 0.078125
36 0.51640625 0.584375 0.059375 0.0859375
34 0.56875 0.59375 0.0578125 0.084375
33 0.61171875 0.60234375 0.04375 0.0828125
41 0.7890625 0.63203125 0.0453125 0.0859375
35 0.6564612171875 0.6482142718749999 0.6763370937500001 0.575323253125 0.64522755 0.5667502765625 0.624710171875 0.6426645828125 0.6564612171875 0.6482142718749999
39 0.728010034375 0.661108934375 0.743064575 0.5879751093750001 0.712521075 0.5846999390625001 0.6963394593750001 0.655051178125 0.728010034375 0.661108934375
18 0.81015625 0.4125 0.190625 0.1421875
18 0.4484375 0.575 0.09375 0.0890625
18 0.75546875 0.62109375 0.0390625 0.0703125
18 0.6859375 0.61171875 0.040625 0.065625