9 0.045362320312499996 0.289859265625 0.16651728125 0.3016578296875 0.15814454375 0.1758906109375 0.0455550265625 0.16503350625 0.045362320312499996 0.289859265625
13 0.1596825828125 0.301371184375 0.2841761390625 0.31308385625 0.2812626859375 0.199246990625 0.1640491609375 0.179930978125 0.1596825828125 0.301371184375
14 0.278613790625 0.3112729140625 0.3767831734375 0.3196763078125 0.37331504843749996 0.20981751875 0.28121897812499996 0.1997465671875 0.278613790625 0.3112729140625
7 0.4046875 0.5125 0.1375 0.0703125
29 0.26953125 0.5015625 0.1375 0.0703125
5 0.06496418281250001 0.5153881609375001 0.19591470312499998 0.5250105656249999 0.20104399687500002 0.46638248437499996 0.067416246875 0.456705165625 0.06496418281250001 0.5153881609375001
31 0.40390625 0.6390625 0.13125 0.0734375
24 0.3046875 0.621875 0.0859375 0.0765625
23 0.21484375 0.61171875 0.1078125 0.0921875
15 0.059023103125 0.644589953125 0.16002671875000002 0.6516974328125 0.16730677968750002 0.5684859437500001 0.0504833390625 0.5582652171875 0.059023103125 0.644589953125
25 0.0598823390625 0.79083755 0.1852227265625 0.8001553484375 0.1859189609375 0.7478572984375 0.0600909140625 0.737164596875 0.0598823390625 0.79083755
27 0.38984375 0.78828125 0.128125 0.0609375
41 0.459375 0.39765625 0.0546875 0.0875
40 0.38811011562500003 0.4320507078125 0.43471834375 0.4361284 0.438933675 0.3545567265625 0.3921391703125 0.3504627375 0.38811011562500003 0.4320507078125
43 0.3428543609375 0.42813682656249996 0.3899888453125 0.43221507656249997 0.3899302859375 0.352020075 0.3425455671875 0.34874974375 0.3428543609375 0.42813682656249996
44 0.2979647796875 0.42596008750000003 0.3453241640625 0.4295199765625 0.3438020140625 0.34623378437499996 0.2979599703125 0.3430984203125 0.2979647796875 0.42596008750000003
45 0.25266260625000003 0.4211947359375 0.29821625625000003 0.42418601406249995 0.3019221109375 0.3438101859375 0.2567209453125 0.3392720703125 0.25266260625000003 0.4211947359375
35 0.23046875 0.37734375 0.0578125 0.0875
33 0.157313884375 0.4124896921875 0.2056724671875 0.41608948281249997 0.206598696875 0.334815596875 0.158210875 0.3311657421875 0.157313884375 0.4124896921875
37 0.11093229375 0.4095988828125 0.15862937500000002 0.41197374531250003 0.1611695640625 0.33288341875 0.1117786171875 0.3288540390625 0.11093229375 0.4095988828125
32 0.060777203125 0.4070345046875 0.11091580625 0.41108044218749995 0.11430248437499999 0.3282725734375 0.062391079687499996 0.32343915 0.060777203125 0.4070345046875
21 0.4359375 0.2609375 0.14375 0.146875