13 0.28046875 0.27890625 0.09375 0.1140625
13 0.35 0.29296875 0.0890625 0.109375
14 0.425 0.3046875 0.0875 0.1125
14 0.496875 0.3203125 0.0859375 0.10625
19 0.56640625 0.33203125 0.0859375 0.1109375
19 0.63828125 0.346875 0.09375 0.1078125
20 0.72265625 0.35859375 0.09375 0.1125
23 0.2671875 0.39609375 0.0765625 0.08125
15 0.33046875 0.409375 0.0796875 0.0828125
8 0.4 0.41171875 0.0890625 0.1015625
9 0.46328125 0.42578125 0.078125 0.0984375
10 0.53046875 0.43515625 0.08125 0.1015625
11 0.59765625 0.44921875 0.0859375 0.1046875
3 0.6578125 0.47578125 0.0609375 0.071875
2 0.70859375 0.48359375 0.0625 0.0734375
1 0.53125 0.540625 0.0875 0.0671875
28 0.46796875 0.5234375 0.059375 0.0671875
29 0.40234375 0.51484375 0.0890625 0.065625
4 0.3296875 0.49375 0.0671875 0.075
5 0.26015625 0.4875 0.0890625 0.065625
12 0.2296875 0.565625 0.059375 0.06875
30 0.34609375 0.665625 0.065625 0.0703125
24 0.46796875 0.69296875 0.065625 0.06875
24 0.521875 0.703125 0.0640625 0.06875
26 0.39140625 0.68125 0.046875 0.059375
27 0.60078125 0.925 0.0890625 0.0640625
27 0.6140625 0.87734375 0.090625 0.0671875
25 0.51875 0.90390625 0.0828125 0.0640625
25 0.53125 0.85859375 0.0875 0.065625
25 0.440625 0.88671875 0.0859375 0.0625
31 0.3625 0.86953125 0.0875 0.0640625
31 0.37109375 0.82265625 0.0875 0.0625
31 0.3796875 0.77578125 0.0890625 0.0640625
17 0.28359375 0.853125 0.0875 0.0625
17 0.29140625 0.80859375 0.0890625 0.0609375
36 0.5359375 0.625 0.053125 0.071875
34 0.4953125 0.6171875 0.0515625 0.071875
33 0.4625 0.6078125 0.0375 0.06875
35 0.43359375 0.60390625 0.040625 0.0703125
37 0.40625 0.59765625 0.0390625 0.06875
39 0.378125 0.5921875 0.040625 0.0703125
38 0.3515625 0.5859375 0.0390625 0.06875
41 0.32265625 0.58125 0.0375 0.06875
42 0.29609375 0.575 0.0375 0.06875
40 0.26875 0.5703125 0.0390625 0.06875