11 0.1859375 0.06875 0.15625 0.1375
9 0.40078125 0.1078125 0.1234375 0.1515625
8 0.4953125 0.12109375 0.1203125 0.165625
20 0.59453125 0.14296875 0.1265625 0.15625
20 0.68203125 0.1671875 0.109375 0.14375
19 0.78046875 0.1828125 0.1375 0.15625
19 0.8828125 0.20625 0.11875 0.1546875
13 0.825 0.36640625 0.1265625 0.153125
13 0.728125 0.3484375 0.1171875 0.15
13 0.63671875 0.32890625 0.1140625 0.15
14 0.5484375 0.31328125 0.1171875 0.15
14 0.45703125 0.29375 0.1140625 0.1453125
14 0.3703125 0.27734375 0.1140625 0.1375
3 0.28828125 0.27734375 0.0828125 0.0984375
3 0.22109375 0.2625 0.0828125 0.09375
0 0.3328125 0.40859375 0.0875 0.090625
1 0.41953125 0.43359375 0.1171875 0.084375
28 0.51328125 0.4453125 0.0828125 0.090625
29 0.596875 0.471875 0.1171875 0.08125
4 0.6890625 0.48203125 0.0890625 0.0953125
4 0.7859375 0.50546875 0.125 0.090625
15 0.3078125 0.51015625 0.0921875 0.1
23 0.38828125 0.5296875 0.096875 0.103125
36 0.45234375 0.54609375 0.065625 0.090625
34 0.5015625 0.55546875 0.0640625 0.0890625
33 0.54375 0.5671875 0.05 0.0828125
35 0.58125 0.57421875 0.0515625 0.0859375
37 0.61796875 0.58046875 0.05 0.0859375
39 0.65390625 0.5875 0.0515625 0.0875
38 0.6921875 0.596875 0.0515625 0.0890625
42 0.7625 0.61015625 0.0546875 0.0921875
24 0.2765625 0.63125 0.078125 0.084375
24 0.340625 0.64375 0.078125 0.084375
24 0.40703125 0.65703125 0.08125 0.084375
26 0.4625 0.6734375 0.0578125 0.0734375
30 0.51875 0.68046875 0.078125 0.084375
16 0.584375 0.6953125 0.078125 0.084375
12 0.65234375 0.70703125 0.08125 0.090625
6 0.72421875 0.728125 0.0828125 0.09375
25 0.1796875 0.84296875 0.1140625 0.0796875
25 0.19453125 0.78828125 0.115625 0.078125
25 0.29296875 0.86640625 0.1109375 0.075
25 0.29609375 0.8125 0.1140625 0.075
25 0.40390625 0.83125 0.1125 0.0828125
25 0.39296875 0.88828125 0.109375 0.078125
25 0.41875 0.76484375 0.1125 0.0828125
25 0.31796875 0.740625 0.1109375 0.0796875
31 0.49140625 0.91015625 0.1109375 0.0796875
31 0.503125 0.8453125 0.1078125 0.0765625
17 0.59140625 0.934375 0.1125 0.08125
17 0.60390625 0.875 0.1125 0.08125
17 0.61875 0.80546875 0.109375 0.078125
7 0.69296875 0.95625 0.1140625 0.0828125
7 0.70546875 0.89453125 0.1140625 0.08125
7 0.71796875 0.82734375 0.115625 0.0828125
18 0.3 0.0828125 0.1296875 0.153125
18 0.72890625 0.596875 0.0453125 0.075
27 0.078125 0.82109375 0.1140625 0.078125
27 0.09375 0.76171875 0.115625 0.078125