13 0.69765625 0.36640625 0.103125 0.1234375
13 0.61796875 0.35 0.1015625 0.128125
14 0.52578125 0.3265625 0.1015625 0.134375
14 0.4453125 0.3140625 0.0890625 0.1265625
19 0.365625 0.2953125 0.1046875 0.1328125
19 0.2765625 0.27734375 0.1046875 0.13125
20 0.18828125 0.259375 0.1015625 0.1296875
23 0.67109375 0.49296875 0.0921875 0.096875
15 0.5984375 0.475 0.0890625 0.096875
8 0.5234375 0.4609375 0.096875 0.1171875
9 0.4484375 0.44453125 0.0859375 0.109375
10 0.36953125 0.42890625 0.09375 0.1125
11 0.296875 0.4140625 0.0859375 0.1125
3 0.22421875 0.4140625 0.0734375 0.08125
2 0.15859375 0.40390625 0.0734375 0.0765625
5 0.63359375 0.5875 0.09375 0.0671875
4 0.56171875 0.5671875 0.06875 0.078125
29 0.48984375 0.559375 0.09375 0.065625
28 0.41875 0.54140625 0.06875 0.075
18 0.334375 0.525 0.1140625 0.084375
12 0.62734375 0.67265625 0.0671875 0.0734375
24 0.28515625 0.690625 0.065625 0.065625
24 0.34296875 0.7015625 0.0640625 0.06875
24 0.4 0.7125 0.065625 0.0734375
26 0.44765625 0.72265625 0.04375 0.0609375
30 0.490625 0.72734375 0.065625 0.06875
16 0.5453125 0.73828125 0.0609375 0.0671875
6 0.60078125 0.75234375 0.0703125 0.071875
25 0.22109375 0.85859375 0.0921875 0.0609375
25 0.2265625 0.815625 0.09375 0.059375
25 0.30703125 0.87421875 0.0875 0.0609375
25 0.31171875 0.83125 0.0890625 0.0578125
25 0.32265625 0.78125 0.0890625 0.059375
31 0.39140625 0.88515625 0.0890625 0.059375
31 0.4 0.84140625 0.090625 0.0578125
31 0.4109375 0.79296875 0.090625 0.0609375
17 0.471875 0.8984375 0.0890625 0.0578125
17 0.48359375 0.85546875 0.090625 0.0578125
17 0.49140625 0.80859375 0.090625 0.0625
7 0.5734375 0.8265625 0.0890625 0.0609375
7 0.5640625 0.87265625 0.0890625 0.059375
7 0.55390625 0.91328125 0.0875 0.05625
27 0.1421875 0.79921875 0.090625 0.0640625
27 0.13828125 0.84453125 0.090625 0.0546875
36 0.28984375 0.6109375 0.0546875 0.075
34 0.33515625 0.61953125 0.0546875 0.0734375
33 0.371875 0.625 0.0390625 0.071875
35 0.403125 0.63125 0.040625 0.0703125
37 0.43359375 0.63671875 0.040625 0.0703125
39 0.4640625 0.63984375 0.0390625 0.071875
38 0.49453125 0.64453125 0.040625 0.0734375
41 0.525 0.65 0.0390625 0.0734375
42 0.55625 0.6546875 0.04375 0.071875
40 0.5859375 0.6609375 0.0421875 0.071875