9 0.38203125 0.128125 0.140625 0.1984375
11 0.51015625 0.1515625 0.1296875 0.1796875
19 0.63359375 0.153125 0.13125 0.1890625
20 0.7640625 0.153125 0.1296875 0.1984375
20 0.9 0.16015625 0.14375 0.1984375
8 0.25625 0.34453125 0.121875 0.171875
10 0.36640625 0.35390625 0.115625 0.153125
13 0.5 0.3625 0.11875 0.1671875
13 0.621875 0.36640625 0.13125 0.171875
14 0.74453125 0.36796875 0.121875 0.1703125
14 0.85859375 0.37109375 0.1125 0.165625
12 0.23515625 0.5328125 0.090625 0.1078125
5 0.3421875 0.540625 0.128125 0.0875
4 0.44765625 0.53203125 0.084375 0.109375
29 0.55078125 0.546875 0.1296875 0.0875
28 0.65859375 0.5421875 0.0859375 0.103125
1 0.7625 0.55234375 0.1234375 0.08125
0 0.87421875 0.5421875 0.090625 0.1015625
30 0.2375 0.66328125 0.0921875 0.096875
24 0.31875 0.66328125 0.0859375 0.0953125
24 0.3984375 0.66328125 0.08125 0.1109375
2 0.4703125 0.66796875 0.0796875 0.11875
3 0.54609375 0.66796875 0.084375 0.115625
3 0.62421875 0.66796875 0.0859375 0.11875
6 0.78125 0.67421875 0.0828125 0.1125
6 0.86796875 0.67734375 0.0875 0.1046875
31 0.26640625 0.79140625 0.1296875 0.071875
31 0.27109375 0.85703125 0.1234375 0.0703125
24 0.371875 0.84921875 0.0828125 0.096875
25 0.46640625 0.79296875 0.1234375 0.0765625
25 0.46484375 0.85859375 0.11875 0.065625
27 0.58515625 0.79375 0.121875 0.0765625
27 0.5796875 0.86015625 0.1203125 0.06875
17 0.69765625 0.86328125 0.1171875 0.0671875
17 0.7046875 0.79453125 0.1171875 0.0734375
7 0.8140625 0.8640625 0.1140625 0.0765625
7 0.7691205859375 0.7592985859375 0.757826646875 0.8273456453125 0.8706719656249999 0.8254274328125 0.8810413734375 0.764411634375 0.7691205859375 0.7592985859375