19 0.8805091765625 0.104574796875 0.750569659375 0.1306823046875 0.7565767015625 0.2374853671875 0.8800666875 0.2149914328125 0.8805091765625 0.104574796875
19 0.7487071671875001 0.13302428125000001 0.6269143296874999 0.1607587515625 0.6448509453125 0.2614677703125 0.7600186546875001 0.23832640624999998 0.7487071671875001 0.13302428125000001
20 0.6246289015625 0.159029165625 0.5084459734375 0.1837866671875 0.5252272953125 0.286985365625 0.643412809375 0.26250234375 0.6246289015625 0.159029165625
20 0.49751548124999995 0.1799644859375 0.3797930640625 0.205019059375 0.40718319999999997 0.312195928125 0.5282449859375 0.2856437578125 0.49751548124999995 0.1799644859375
8 0.3892063765625 0.2132799734375 0.29173706093749996 0.23270598593749997 0.3151432390625 0.32782156875 0.41307715468749995 0.30878514375 0.3892063765625 0.2132799734375
9 0.2906594828125 0.2230029875 0.1738581921875 0.2503340578125 0.20341760312499998 0.3518039484375 0.3118427140625 0.3277080984375 0.2906594828125 0.2230029875
10 0.1841488078125 0.255025640625 0.0915547203125 0.2738826328125 0.1128160171875 0.36639496875 0.207449278125 0.34724506875 0.1841488078125 0.255025640625
11 0 0.34224095781249997 0.0161788109375 0.383669253125 0.11769597812499999 0.36620142968749997 0.08863706875 0.269818215625 0 0.2877480015625 0 0.34224095781249997
13 0.8821041218750001 0.2287745890625 0.7614089484375001 0.2539119890625 0.7806422703125 0.352858853125 0.9006901828125 0.329523903125 0.8821041218750001 0.2287745890625
13 0.7661029515625 0.25415270156249997 0.65270088125 0.276552784375 0.671651359375 0.37404454062500003 0.78250466875 0.3540069265625 0.7661029515625 0.25415270156249997
13 0.653875315625 0.27785405625 0.545289640625 0.2974314140625 0.5642401171875 0.3949231703125 0.66849225 0.374658609375 0.653875315625 0.27785405625
14 0.5455978921875 0.3007875671875 0.4447623015625 0.3199920921875 0.456404496875 0.413619178125 0.5702756171875001 0.39223993125 0.5455978921875 0.3007875671875
14 0.44575091093749997 0.324912134375 0.3336022328125 0.3468847078125 0.3489931375 0.43449783125 0.45798405156250005 0.41331214374999997 0.44575091093749997 0.324912134375
14 0.3367667875 0.344209990625 0.23510275625000002 0.36301092343749997 0.25839154999999997 0.449088853125 0.35130371875 0.4295184703125 0.3367667875 0.344209990625
3 0.24189838749999998 0.38340217656250003 0.16826438593749998 0.3986541890625 0.18042664375 0.46122358124999996 0.25336992343750003 0.448554871875 0.24189838749999998 0.38340217656250003
3 0.1707946078125 0.39722335000000003 0.09746621093749999 0.41392601874999996 0.1156638453125 0.47381219375 0.18014378749999999 0.45976841874999996 0.1707946078125 0.39722335000000003
2 0.100220853125 0.41377126718749996 0.02192925625 0.43011900000000003 0.039136940625 0.4849123171875 0.11495673749999999 0.47017444218750004 0.100220853125 0.41377126718749996
5 0.8874409203125 0.3616796 0.7430677734375 0.38725267812499997 0.7503737312500001 0.44170549374999996 0.8975573859375 0.4146059734375 0.8874409203125 0.3616796
4 0.744911690625 0.377122146875 0.6496137156249999 0.3956027890625 0.65732014375 0.460548334375 0.749077021875 0.44346763281249996 0.744911690625 0.377122146875
29 0.6567069859375 0.408416246875 0.527372609375 0.43295477031249996 0.5348440265625001 0.4798250234375 0.6647937703125 0.45683049374999996 0.6567069859375 0.408416246875
28 0.52299323125 0.41648569999999996 0.42804851250000003 0.4364055609375 0.4400693390625 0.49824735625 0.5347026078125 0.479097484375 0.52299323125 0.41648569999999996
1 0.432106721875 0.44452806562499997 0.3016582296875 0.4692788015625 0.310992046875 0.517297125 0.4409417859375 0.49430256874999995 0.432106721875 0.44452806562499997
0 0.30626170625000004 0.46144380937499996 0.226003890625 0.47643411249999995 0.2380487546875 0.529965778125 0.31443424062499997 0.518138115625 0.30626170625000004 0.46144380937499996
23 0.423807865625 0.517828671875 0.32916819375 0.5349051578124999 0.3390198671875 0.60245388125 0.43393585625000003 0.5847591390625 0.423807865625 0.517828671875
6 0.9057072156249999 0.52939529375 0.8062360890625 0.5439310515625 0.8146660890625 0.6067612265625 0.9078809203124999 0.59328849375 0.9057072156249999 0.52939529375
18 0.809311071875 0.5445048984375 0.7342211671875 0.5561869390624999 0.7416720953125 0.613980215625 0.8142309484375 0.6045226203125 0.809311071875 0.5445048984375
12 0.732665975 0.5557752875 0.6496205046875 0.5685660359375 0.6547501437500001 0.6273913828125 0.74288723125 0.6137440171875 0.732665975 0.5557752875
30 0.6434586765625 0.5673107765625 0.5549730562499999 0.5811556375 0.5675018140625 0.6391234890625 0.6535351015625 0.6276275640625 0.6434586765625 0.5673107765625
26 0.5583528609374999 0.5918350703125 0.5033597546874999 0.6010618531249999 0.509741315625 0.6468662000000001 0.5698231234375 0.6380915234375 0.5583528609374999 0.5918350703125
24 0.49942025624999997 0.5887787734375001 0.4204461609375 0.60265861875 0.431107165625 0.657504734375 0.51184504375 0.64471488125 0.49942025624999997 0.5887787734375001
24 0.42456628125 0.60115216875 0.34699862812500004 0.6140313734375 0.3610872796875 0.667049615625 0.431107165625 0.657504734375 0.42456628125 0.60115216875
24 0.3479211828125 0.6124225562500001 0.270903440625 0.6247571749999999 0.2837769546875 0.678011615625 0.3586570078125 0.6675220125 0.3479211828125 0.6124225562500001
7 0.9414461828125 0.6240297796875 0.8077699171875 0.6426417859375 0.8142602625 0.68900575625 0.9545176062499999 0.6710352828125 0.9414461828125 0.6240297796875
7 0.94624124375 0.68114425 0.8072777859375 0.6984942234375 0.8177396171875 0.7458286562499999 0.954460715625 0.72912635 0.94624124375 0.68114425
7 0.9619676625 0.72960364375 0.8175036499999999 0.7511017328125 0.8283287265625001 0.7873303468749999 0.9595183609375001 0.7746072500000001 0.9619676625 0.72960364375
17 0.800582290625 0.64560629375 0.67434926875 0.6633488796875 0.6824898046875 0.7117153390625 0.8153481203125 0.6946023 0.800582290625 0.64560629375
17 0.8071928390625001 0.6958376328125 0.6788445890625 0.7124238968750001 0.68709390625 0.76134998125 0.818954753125 0.7455924578124999 0.8071928390625001 0.6958376328125
17 0.8155945093750001 0.7471719765625 0.6873114828125 0.762469315625 0.6938018296874999 0.8088333078125001 0.8247738953124999 0.79499091875 0.8155945093750001 0.7471719765625
31 0.6685624609375 0.6640125328125001 0.547783921875 0.68040029375 0.558336146875 0.7346867828125 0.681038796875 0.7172245968750001 0.6685624609375 0.6640125328125001
31 0.678891153125 0.717149046875 0.5480717015625001 0.7337779890625 0.5578808109375 0.7777544609375 0.688526525 0.7622331359375 0.678891153125 0.717149046875
31 0.6845503749999999 0.7624862343750001 0.559095853125 0.77751828125 0.57055525 0.823497225 0.6949080859375 0.8080374828125001 0.6845503749999999 0.7624862343750001
25 0.5383337484374999 0.683521775 0.419223453125 0.7001627312500001 0.42990294999999995 0.7486164578125 0.5540382078125 0.7320373828125 0.5383337484374999 0.683521775
25 0.54673541875 0.73485611875 0.428470240625 0.747733321875 0.43684674843750004 0.790826725 0.558878284375 0.776398990625 0.54673541875 0.73485611875
25 0.555025553125 0.7775051640624999 0.4406007484375 0.7906778125 0.4478709078125 0.8345670609375 0.5650422796875 0.8210840453125 0.555025553125 0.7775051640624999
25 0.426598271875 0.7495014359375001 0.3112989609375 0.7612163171875 0.322431903125 0.8055162984375001 0.436737965625 0.7902670796875 0.426598271875 0.7495014359375001
25 0.436135909375 0.7904568265624999 0.31735416875 0.805341728125 0.328051971875 0.847403084375 0.44522325 0.8339200859375 0.436135909375 0.7904568265624999
25 0.31531924375 0.8016063171875001 0.21079199843750002 0.8150201062500001 0.2230312921875 0.8585242421875 0.332694753125 0.8453390359374999 0.31531924375 0.8016063171875001
18 0.419987721875 0.6992700968750001 0.30105479218750003 0.71500118125 0.3109726140625 0.7595374031250001 0.42593137031249995 0.7476460359375 0.419987721875 0.6992700968750001
18 0.308548421875 0.7586619484375 0.21202722812500002 0.7694776 0.2154347828125 0.8129560578125 0.318913965625 0.8003921171874999 0.308548421875 0.7586619484375
27 0.194624425 0.772825134375 0.08468198593750001 0.7890038421875001 0.0931672671875 0.832656828125 0.202612975 0.8183523656249999 0.194624425 0.772825134375
27 0.203322271875 0.8175716718749999 0.09327605156249999 0.8332164734375 0.10475385156250001 0.8728030484374999 0.21519711562500002 0.8571430531249999 0.203322271875 0.8175716718749999
42 0.890922753125 0.4435062765625 0.8395806374999999 0.451887546875 0.8473575999999999 0.5200073609375 0.8932255921875001 0.512349890625 0.890922753125 0.4435062765625
35 0.8383514375000001 0.4542491359375 0.7888402937500001 0.4625893921875 0.7966571171875 0.5168590421875 0.8444373093750001 0.5096688453125 0.8383514375000001 0.4542491359375
38 0.786190334375 0.4612440390625 0.7365152484374999 0.46982409531249997 0.746374821875 0.5346027875 0.7931989203125 0.527178978125 0.786190334375 0.4612440390625
39 0.7343236921875 0.4697538 0.6895340156249999 0.4764395140625 0.69875183125 0.5426013640625 0.7430218390625 0.536093478125 0.7343236921875 0.4697538
37 0.6889425765625 0.4764788703125 0.6435089484375001 0.483288546875 0.6526481328125 0.54904621875 0.69404984375 0.5418374625 0.6889425765625 0.4764788703125
35 0.64056408125 0.4853586671875 0.5989113859375 0.4927963703125 0.60670163125 0.5562994421874999 0.6509716390625 0.5497915578125 0.64056408125 0.4853586671875
33 0.5974756796875 0.492162109375 0.5545628125000001 0.498900065625 0.5605193609375 0.5623400968750001 0.6039118375 0.5560027859375001 0.5974756796875 0.492162109375
36 0.4361930390625 0.5177479359375 0.4395887703125 0.5820714296875 0.4958301953125 0.5715586640625 0.48938888281250004 0.51031018125 0.4361930390625 0.5177479359375
34 0.5545835859375 0.49997545624999995 0.4937766 0.5094572953125 0.50133114375 0.5717477859375 0.5605193609375 0.5623400968750001 0.5545835859375 0.49997545624999995
15 0.325188996875 0.5325125296875 0.25033078125 0.5454527796875001 0.25716499531250003 0.608722209375 0.3374142 0.5952206765625 0.325188996875 0.5325125296875