11 0.9375 0.31953125 0.125 0.1515625
10 0.84375 0.29765625 0.109375 0.1421875
9 0.7515625 0.28046875 0.1171875 0.14375
8 0.66328125 0.26015625 0.1171875 0.14375
20 0.57734375 0.2390625 0.1140625 0.1453125
20 0.478125 0.2 0.1390625 0.1890625
19 0.37890625 0.1890625 0.1234375 0.1625
19 0.28125 0.1765625 0.121875 0.1484375
13 0.25 0.31953125 0.134375 0.1515625
13 0.340625 0.34296875 0.0984375 0.13125
13 0.42734375 0.359375 0.1203125 0.14375
14 0.5171875 0.38515625 0.1109375 0.1328125
14 0.60859375 0.40703125 0.1140625 0.13125
14 0.70390625 0.42890625 0.1140625 0.13125
3 0.77421875 0.459375 0.0796875 0.0921875
3 0.83359375 0.4703125 0.0734375 0.0921875
2 0.89375 0.484375 0.0765625 0.0890625
0 0.6859375 0.55 0.084375 0.0890625
1 0.60078125 0.53671875 0.1125 0.084375
28 0.52109375 0.51484375 0.078125 0.084375
29 0.4375 0.50078125 0.115625 0.0875
5 0.353125 0.475 0.084375 0.09375
5 0.2625 0.4625 0.11875 0.0890625
15 0.64609375 0.64375 0.0859375 0.0921875
23 0.5703125 0.62578125 0.090625 0.096875
34 0.459375 0.6046875 0.0609375 0.0859375
42 0.2195193609375 0.5922342890625 0.2206591421875 0.51438109375 0.19222001093750002 0.5079417484375 0.18690177187499998 0.5849067828125001 0.2195193609375 0.5922342890625
41 0.2548928046875 0.5989643015625 0.2624799453125 0.520509428125 0.228016284375 0.5151560578125001 0.2226178328125 0.5924984671875 0.2548928046875 0.5989643015625
33 0.42337790937499997 0.6345402625000001 0.43998367812500006 0.56391868125 0.41115655 0.5574757484374999 0.3927287203125 0.6283411140624999 0.42337790937499997 0.6345402625000001
33 0.35691205 0.6207280468749999 0.3725336609375 0.546741903125 0.340631521875 0.5390142828125 0.326455371875 0.6136232046875 0.35691205 0.6207280468749999
39 0.3234795578125 0.61362175 0.33651599062500004 0.5400327234375 0.30512268593749997 0.5317821828125 0.2924921015625 0.6070351640625 0.3234795578125 0.61362175
38 0.2900774953125 0.6065219234375 0.3024292921875 0.532156296875 0.2705774890625 0.5241238390625 0.2582210015625 0.600066153125 0.2900774953125 0.6065219234375
24 0.63046875 0.7390625 0.075 0.0796875
24 0.571875 0.7265625 0.0734375 0.0796875
24 0.5140625 0.7125 0.0703125 0.08125
26 0.4625 0.709375 0.0515625 0.065625
30 0.4140625 0.69296875 0.0734375 0.0828125
12 0.35390625 0.6796875 0.06875 0.075
16 0.2890625 0.665625 0.075 0.078125
6 0.21953125 0.65 0.08125 0.08125
27 0.721875 0.9671875 0.109375 0.065625
25 0.6265625 0.95 0.1078125 0.071875
25 0.64296875 0.9 0.10625 0.071875
25 0.53125 0.928125 0.1 0.0640625
25 0.546875 0.88203125 0.10625 0.071875
25 0.55703125 0.82890625 0.1078125 0.075
25 0.4390625 0.90625 0.1015625 0.0671875
25 0.4515625 0.859375 0.103125 0.0703125
31 0.34609375 0.8875 0.1 0.065625
31 0.35234375 0.840625 0.103125 0.065625
31 0.35859375 0.79453125 0.1078125 0.0671875
17 0.25078125 0.86875 0.0984375 0.065625
17 0.253125 0.81875 0.103125 0.0734375
7 0.15625 0.8484375 0.1046875 0.0671875