19 0.15859375 0.1859375 0.090625 0.134375
19 0.26015625 0.17578125 0.1296875 0.16875
8 0.38203125 0.18359375 0.1203125 0.165625
20 0.50234375 0.19375 0.1234375 0.1609375
9 0.61484375 0.2078125 0.1125 0.1484375
9 0.71953125 0.225 0.11875 0.1296875
11 0.80625 0.22578125 0.1078125 0.1421875
11 0.89921875 0.2296875 0.115625 0.1421875
13 0.56796875 0.37421875 0.1125 0.1515625
13 0.46484375 0.3671875 0.10625 0.1515625
14 0.66640625 0.3765625 0.1015625 0.1421875
3 0.74921875 0.39921875 0.071875 0.0984375
3 0.8421875 0.4 0.084375 0.1015625
2 0.89609375 0.40078125 0.0609375 0.09375
5 0.278459465625 0.5605636609375 0.27172268125 0.483212240625 0.139979825 0.480710115625 0.1461010390625 0.5661678359375 0.278459465625 0.5605636609375
4 0.3645671546875 0.5558530015625001 0.3649843734375 0.46704471875 0.27970877656250004 0.46406395624999996 0.28727190468749997 0.5603543671875 0.3645671546875 0.5558530015625001
29 0.492953084375 0.5598774484375 0.49556140624999995 0.4875200609375 0.3740572453125 0.4830444046875 0.3709609375 0.5587766843749999 0.492953084375 0.5598774484375
28 0.5560215765625001 0.5543812499999999 0.562751721875 0.4705607703125 0.49570184062499995 0.47338890781250004 0.490821825 0.558902865625 0.5560215765625001 0.5543812499999999
29 0.66367190625 0.556130171875 0.6677597390625001 0.4830602421875 0.564417315625 0.48149609687500006 0.5591322984375 0.5570753609375 0.66367190625 0.556130171875
0 0.7266255046875 0.552277009375 0.7260937562499999 0.4747635265625 0.6650964390625 0.4728511859375 0.6648237046875 0.555385196875 0.7266255046875 0.552277009375
15 0.755247603125 0.6776703484375 0.7535626234375 0.5932233640625 0.666589153125 0.5930453171875001 0.6614219109375 0.6826668609375 0.755247603125 0.6776703484375
23 0.6560649515625 0.680641196875 0.660726678125 0.5836376875 0.5847411890624999 0.5840198125 0.5810159390625 0.6844740875 0.6560649515625 0.680641196875
24 0.7332183984375 0.776038496875 0.7404302171875 0.7000872499999999 0.67632434375 0.7018149234375 0.6754901828125 0.778080665625 0.7332183984375 0.776038496875
24 0.67685793125 0.7842552281249999 0.6782062953125 0.7050179984375 0.6128477671875 0.7088585968750001 0.6126739828125001 0.788547690625 0.67685793125 0.7842552281249999
16 0.5001636859375 0.7891026953125 0.500902359375 0.7145586640625 0.4285203359375 0.71992664375 0.43249215156250004 0.7918004078124999 0.5001636859375 0.7891026953125
30 0.4326801546875 0.7891118328125 0.42706744375000005 0.7085518171875 0.353448259375 0.7126507953125001 0.35487729843750004 0.7951536890625001 0.4326801546875 0.7891118328125
12 0.3173200828125 0.8046852718749999 0.317115690625 0.7202707875 0.2339402953125 0.723206140625 0.23409787343750002 0.8110236203125 0.3173200828125 0.8046852718749999
6 0.225519946875 0.8050203234375 0.22006671875 0.72445394375 0.13559028906249998 0.7271357765625 0.1423917390625 0.8100144234375 0.225519946875 0.8050203234375
36 0.5728567828125 0.6888589953124999 0.5800686734375 0.596054984375 0.528211459375 0.5938780343750001 0.517955709375 0.6890725609375 0.5728567828125 0.6888589953124999
34 0.5058432640625 0.6821466578125001 0.5092989718750001 0.594481509375 0.46077493281250004 0.5932150078125 0.4569279796875 0.6868313828125 0.5058432640625 0.6821466578125001
35 0.45504314843750004 0.6880504578125 0.459860396875 0.593555846875 0.422980421875 0.5932739078125 0.4163532609375 0.68804671875 0.45504314843750004 0.6880504578125
33 0.4108868421875 0.6890153437500001 0.4135457546875 0.59622385625 0.374253075 0.5952700281250001 0.3711135671875 0.69163759375 0.4108868421875 0.6890153437500001
37 0.3692758046875 0.6921845359375001 0.37312270000000003 0.5950848140625 0.33094528125 0.596969696875 0.3269101890625 0.6932746375 0.3692758046875 0.6921845359375001
38 0.32332866875 0.69302419375 0.32138620625000003 0.5948422703125 0.2805681765625 0.596824159375 0.283602396875 0.6949743078124999 0.32332866875 0.69302419375
38 0.280822184375 0.6961307703124999 0.27636731718749996 0.59506946875 0.231086521875 0.5967412375000001 0.237467253125 0.6985025671875 0.280822184375 0.6961307703124999
41 0.23633679999999999 0.7018006890625 0.228933071875 0.5976591875 0.186742275 0.6003947265625 0.1930760078125 0.7028281953125 0.23633679999999999 0.7018006890625
42 0.1837967453125 0.599565784375 0.14079513906250002 0.6012343859375 0.14364135312499998 0.7020731359375 0.189588353125 0.7012334671875 0.1837967453125 0.599565784375
26 0.5453125 0.74375 0.0875 0.075
25 0.7985817 0.9241599671875 0.7985673578125 0.8605942843750001 0.7104472875 0.870234153125 0.710384653125 0.931790778125 0.7985817 0.9241599671875
25 0.7133938718749999 0.9494179031250001 0.71254889375 0.877120971875 0.6134084609375 0.8829880187500001 0.61357110625 0.961542790625 0.7133938718749999 0.9494179031250001
25 0.60985124375 0.8934174703125001 0.608548925 0.82211325625 0.5011281375000001 0.8306221687500001 0.5017339390625 0.9028395234375 0.60985124375 0.8934174703125001
25 0.6130194015625 0.9694325312500001 0.610050184375 0.901777115625 0.50407471875 0.909805940625 0.50342110625 0.9798124265625001 0.6130194015625 0.9694325312500001
31 0.49967732031249995 0.91262283125 0.39010315625 0.922067075 0.3934895671875 0.9937730140625 0.39700290312500003 0.994018690625 0.5034166375 0.9798763218750001 0.49967732031249995 0.91262283125
27 0.9008515031250001 0.978141259375 0.9066459265625 0.9331249609375 0.8215324609374999 0.9396914484375 0.8181349499999999 0.9882781062499999 0.9008515031250001 0.978141259375
25 0.6387501265625 1 0.70043793125 0.9931548171875001 0.700713340625 0.9452443796875001 0.596386575 0.9646509 0.6002298421875001 1 0.6387501265625 1