31 0.28562471718750004 0.7719802359375 0.3730099203125 0.7747256078125 0.3688364109375 0.7182287484375001 0.2787907078125 0.7147735125 0.28562471718750004 0.7719802359375
31 0.29461610625 0.8227028671875001 0.3850998390625 0.8281773875 0.37981589531250004 0.7738899390625 0.2911326765625 0.7702674093749999 0.29461610625 0.8227028671875001
31 0.3022462984375 0.8735926359375 0.3902584046875 0.881443696875 0.3863356546875 0.8269891156250001 0.29480401875 0.8226797953125 0.3022462984375 0.8735926359375
25 0.3783293203125 0.7730359328125 0.46881305468749995 0.7785104515625 0.46562459843750004 0.7187830453124999 0.37028079062499997 0.71701486875 0.3783293203125 0.7730359328125
25 0.38484907968750004 0.8261351093749999 0.4783059625 0.8333176375000001 0.4717862046875 0.7802184609375 0.37878896875 0.7750525625 0.38484907968750004 0.8261351093749999
25 0.390133025 0.8804225593749999 0.48099289843750004 0.8889604921875 0.47707014843750006 0.834505909375 0.386544865625 0.8269634281249999 0.390133025 0.8804225593749999
25 0.46918919375 0.781573865625 0.57527296875 0.7903156046875 0.57158299375 0.7265036453125 0.46461929218750003 0.7199430140625 0.46918919375 0.781573865625
25 0.47459851875 0.8368824531250001 0.5791957203125 0.8447701859375 0.576508784375 0.7891273328125 0.47189133125 0.7791690203125 0.47459851875 0.8368824531250001
25 0.4797570828125 0.8901487625 0.5820080328125 0.9014341781249999 0.5806822921875 0.8456241906249999 0.47878722968750004 0.8353316109375 0.4797570828125 0.8901487625
27 0.5745206890625 0.784188775 0.6846880484375 0.7924291125 0.6789025859375 0.7340571125 0.57171296875 0.7254511531250001 0.5745206890625 0.784188775
27 0.5806822921875 0.8456241906249999 0.69097503125 0.8548856656250001 0.6918701625 0.7946568593750001 0.5846818359375 0.7860507421875 0.5806822921875 0.8456241906249999
27 0.5847304234374999 0.9010999109375 0.6911903390624999 0.9129050624999999 0.69097503125 0.8548856656250001 0.583784771875 0.8462797859375 0.5847304234374999 0.9010999109375
17 0.693195903125 0.8504668453124999 0.8076976046875 0.8602480578125 0.8124255578125 0.7974755734375 0.6941224078125 0.7881611203125 0.693195903125 0.8504668453124999
17 0.6925515328125 0.9127379281250001 0.8061935625000001 0.9267708265625 0.80671255 0.86347860625 0.694963 0.8512864062500001 0.6925515328125 0.9127379281250001
7 0.8069633109375 0.8655208812499999 0.9327307109375 0.8770284374999999 0.9357213296875001 0.8113596734374999 0.8120005046875001 0.802710428125 0.8069633109375 0.8655208812499999
7 0.8071786171875001 0.9235402781250001 0.9249042281250001 0.937071775 0.9342172859375 0.8778824421874999 0.8056573703125001 0.8636081656249999 0.8071786171875001 0.9235402781250001
6 0.667278215625 0.66189058125 0.7425380484375 0.66716129375 0.7443822609375 0.580902634375 0.6618626843750001 0.5817059703125 0.667278215625 0.66189058125
16 0.5886870796875 0.6632480968750001 0.6619588171874999 0.663580253125 0.662334440625 0.58786724375 0.5866030890625 0.5878370890625 0.5886870796875 0.6632480968750001
26 0.5414034203125 0.6607615375 0.595493053125 0.662412428125 0.5914269375 0.59553705625 0.5404368796875 0.59454211875 0.5414034203125 0.6607615375
24 0.46404809843750006 0.66093078125 0.535224346875 0.6667028953125 0.5350984515625 0.5869053328125 0.46899341562499997 0.5867297484375 0.46404809843750006 0.66093078125
24 0.408471890625 0.6584258890625 0.4670212484375 0.6626387921875 0.4701192625 0.5865915125 0.40276292187499996 0.587606103125 0.408471890625 0.6584258890625
30 0.3489374796875 0.6574435328125 0.40884803124999997 0.6614893015625001 0.4078624609375 0.5859434234374999 0.3463138109375 0.58935451875 0.3489374796875 0.6574435328125
12 0.29237621874999997 0.6581691843749999 0.347701665625 0.6586318046875 0.3449967453125 0.5915892984375 0.29160235624999997 0.5939991734375 0.29237621874999997 0.6581691843749999
5 0.25381365625 0.4566340578125 0.352571953125 0.45072725937499997 0.3493655109375 0.3796002015625 0.2495612515625 0.3866719625 0.25381365625 0.4566340578125
29 0.3526973328125 0.45174839687499996 0.45281682500000003 0.4456744671875 0.4462610953125 0.3697759859375 0.3468558828125 0.3799083453125 0.3526973328125 0.45174839687499996
28 0.45826160156249995 0.44500593281249995 0.5213780765625 0.4414023328125 0.5185297921875 0.3619390390625 0.45194347968750004 0.3690782765625 0.45826160156249995 0.44500593281249995
1 0.519766121875 0.43952719218749997 0.6349841359374999 0.432635928125 0.6292880796875 0.3524857625 0.5231185218750001 0.3634486796875 0.519766121875 0.43952719218749997
0 0.6404289140625 0.43196739375000004 0.7270618390625 0.42858593593750005 0.7301418671875 0.34113900625000004 0.6403343953125 0.35009291249999996 0.6404289140625 0.43196739375000004
12 0.2773543875 0.5658964609375 0.33497593124999997 0.5625529421875 0.3277969 0.48382870312500004 0.2736878078125 0.48798478593750005 0.2773543875 0.5658964609375
40 0.33193474843750004 0.5647921140625 0.36416284375 0.5639446 0.356306759375 0.4797062125 0.3267117578125 0.48085234374999997 0.33193474843750004 0.5647921140625
42 0.3617879203125 0.5648581218750001 0.3980996015625 0.56350920625 0.38631038906250004 0.4809975890625 0.355905446875 0.482243165625 0.3617879203125 0.5648581218750001
41 0.39564944999999996 0.5638100484375 0.4343360515625 0.5615476078125 0.42543756874999994 0.47557145468749995 0.389474 0.4787433859375 0.39564944999999996 0.5638100484375
38 0.43188590156249995 0.5618484484375 0.46812235312499995 0.5598868515625 0.46330745156250003 0.473409296875 0.42400992187500003 0.47636866875 0.43188590156249995 0.5618484484375
18 0.46723040937500004 0.5593744484375 0.5042083500000001 0.5566998875 0.4992429921875 0.46899696718749995 0.46314639375000005 0.47094139375 0.46723040937500004 0.5593744484375
37 0.503466859375 0.55741285 0.540670484375 0.5565763375 0.5356298984375 0.468260734375 0.50035873125 0.47010381093750003 0.503466859375 0.55741285
35 0.5408209390625001 0.5578017015625 0.5789917359375 0.5580902765625 0.5735750140625 0.46671125937499996 0.53504510625 0.46895445625 0.5408209390625001 0.5578017015625
33 0.5796579984375 0.5567646296875 0.619462228125 0.5568526421875 0.6124872984375 0.46628686874999997 0.5738160375 0.467303584375 0.5796579984375 0.5567646296875
34 0.619462228125 0.5568526421875 0.6756007953125 0.55493505 0.6681744953125001 0.460693178125 0.6116196 0.46452764999999996 0.619462228125 0.5568526421875
36 0.6775351406250001 0.557185221875 0.7364247703125 0.55741751875 0.7350056109375 0.45808462656250004 0.67438184375 0.462418690625 0.6775351406250001 0.557185221875
23 0.2314341796875 0.36070399375 0.3167488671875 0.3533382671875 0.308634725 0.246742459375 0.22601132031249999 0.255021578125 0.2314341796875 0.36070399375
15 0.31853275625 0.3543630703125 0.39917282656249997 0.34943707343749997 0.3886193265625 0.249981896875 0.3092821515625 0.25785751874999996 0.31853275625 0.3543630703125
8 0.39583073125 0.3492255125 0.48872155624999997 0.34279530937499997 0.47417017968749997 0.20402815312499997 0.384610603125 0.2162685265625 0.39583073125 0.3492255125
9 0.4858200375 0.339420053125 0.5833102484375 0.3299374390625 0.57314336875 0.1931196140625 0.472686471875 0.20421032968750003 0.4858200375 0.339420053125
10 0.581827271875 0.3313633640625 0.6852601843749999 0.3230168390625 0.6790908703125 0.17824513749999998 0.56834021875 0.1930874453125 0.581827271875 0.3313633640625
11 0.6822082109375 0.318416215625 0.798482909375 0.30662715625 0.7968485453125 0.1650301515625 0.6800312640625 0.1775077515625 0.6822082109375 0.318416215625
3 0.7910572296875 0.3069169953125 0.8814226734374999 0.30017495156249996 0.8885144484374999 0.1823832984375 0.798084890625 0.1934866515625 0.7910572296875 0.3069169953125
13 0.2041698921875 0.2129251546875 0.303583659375 0.1988529203125 0.283164809375 0.059562359375 0.1866639453125 0.07638653437500001 0.2041698921875 0.2129251546875
14 0.367728146875 0.18786736875 0.4768672875 0.1719790875 0.450913940625 0.007869375000000001 0.3453172640625 0.024566534374999997 0.367728146875 0.18786736875
14 0.5118400671875001 0 0.45128993125 0.0096889671875 0.4719669859375 0.17258076875 0.5872637203125 0.152826834375 0.5692817640625 0 0.5118400671875001 0
19 0.57663905 0 0.590605815625 0.153038396875 0.7053115171875 0.13522278906250002 0.694934765625 0 0.57663905 0
19 0.6969394546875 0 0.7001103046875 0.1333737390625 0.8326977578125 0.10589949375 0.8273254609375 0 0.6969394546875 0
18 0.30284216875 0.1995658828125 0.38161233125 0.1861626046875 0.3521988078125 0.0411353375 0.28267263593749997 0.054647434375000005 0.30284216875 0.1995658828125
20 0.8274825796874999 0 0.8326225296875001 0.1052868109375 0.951411815625 0.0869698015625 0.942251778125 0 0.8274825796874999 0
2 0.8852805734375 0.297835503125 0.9731206406249999 0.290781615625 0.96393139375 0.1756634625 0.9638498125 0.1749990375 0.8963398249999999 0.183288221875 0.8852805734375 0.297835503125