13 0.190625 0.28203125 0.1140625 0.1453125
13 0.29375 0.275 0.1140625 0.1375
14 0.3890625 0.2640625 0.10625 0.1421875
14 0.478125 0.25546875 0.1046875 0.1359375
19 0.57421875 0.2453125 0.1125 0.13125
19 0.66484375 0.2328125 0.0984375 0.13125
22 0.77734375 0.2203125 0.1296875 0.1359375
23 0.228125 0.44375 0.1 0.1015625
15 0.3078125 0.43828125 0.0875 0.0921875
8 0.38515625 0.41328125 0.096875 0.128125
9 0.4859375 0.4046875 0.1015625 0.1265625
10 0.5796875 0.3953125 0.103125 0.1203125
11 0.66484375 0.38671875 0.0984375 0.121875
3 0.73984375 0.38984375 0.0703125 0.090625
2 0.803125 0.3828125 0.071875 0.0875
1 0.621875 0.515625 0.10625 0.075
28 0.53671875 0.52109375 0.0765625 0.084375
29 0.446875 0.53828125 0.109375 0.0765625
4 0.3578125 0.53984375 0.075 0.0875
5 0.26328125 0.559375 0.1109375 0.0796875
24 0.64609375 0.6875 0.0703125 0.0734375
24 0.5828125 0.690625 0.0609375 0.0734375
24 0.521875 0.696875 0.065625 0.0765625
26 0.47265625 0.71171875 0.046875 0.0609375
30 0.41015625 0.715625 0.06875 0.075
16 0.3484375 0.7265625 0.065625 0.0734375
6 0.2859375 0.7328125 0.065625 0.071875
27 0.8362936578125 0.8992347468749999 0.8408782562500001 0.8582470515624999 0.7515858796875 0.8676559765625 0.74905181875 0.9089101656249999 0.8362936578125 0.8992347468749999
27 0.8430366828125001 0.8585002953125 0.8417302937500001 0.808907128125 0.75145125 0.8215468015624999 0.7515858796875 0.8676559765625 0.8430366828125001 0.8585002953125
25 0.7499831765625 0.9108688734375001 0.7450705203125 0.8658646296875 0.6574753796875 0.8776564953125 0.66243688125 0.9236912734375 0.7499831765625 0.9108688734375001
25 0.748675421875 0.8664585375 0.7476602171875 0.8194209499999999 0.6564720796875 0.830099178125 0.6561768734375 0.8783341984374999 0.748675421875 0.8664585375
25 0.6125 0.90703125 0.0953125 0.0546875
25 0.60625 0.86015625 0.1 0.0609375
25 0.60703125 0.81171875 0.1046875 0.0625
31 0.51953125 0.91796875 0.096875 0.0578125
31 0.51171875 0.87265625 0.096875 0.0609375
31 0.50703125 0.82734375 0.1 0.0578125
17 0.428125 0.93125 0.096875 0.0578125
17 0.41640625 0.884375 0.103125 0.0640625
17 0.40546875 0.83359375 0.103125 0.065625
7 0.303125 0.853125 0.1109375 0.0703125
7 0.31875 0.903125 0.103125 0.0625
12 0.2671875 0.646875 0.0734375 0.0765625
40 0.31796875 0.6359375 0.040625 0.0796875
42 0.3515625 0.63203125 0.0390625 0.078125
38 0.4203125 0.62421875 0.040625 0.078125
36 0.65 0.5984375 0.05625 0.0734375
41 0.38515625 0.63046875 0.0390625 0.071875
39 0.4546875 0.621875 0.040625 0.071875
35 0.52265625 0.6125 0.0390625 0.075
37 0.4890625 0.6171875 0.0390625 0.075
33 0.55703125 0.61015625 0.040625 0.0734375
34 0.59921875 0.60234375 0.0578125 0.078125