11 0.12390770468750001 0.2049056140625 0.21085197187500002 0.2254676484375 0.23548075468750002 0.10959833593749999 0.140205696875 0.087633440625 0.12390770468750001 0.2049056140625
10 0.26015625 0.17578125 0.11875 0.140625
9 0.340625 0.2 0.10625 0.134375
8 0.41796875 0.21796875 0.1125 0.134375
13 0.7265625 0.409375 0.103125 0.11875
13 0.653125 0.3953125 0.096875 0.1125
13 0.5796875 0.38046875 0.096875 0.1125
2 0.159375 0.290625 0.090625 0.0921875
18 0.2421875 0.3078125 0.0984375 0.0953125
5 0.68046875 0.5265625 0.10625 0.078125
4 0.60625 0.503125 0.0796875 0.084375
29 0.53046875 0.4953125 0.10625 0.08125
28 0.4578125 0.47109375 0.075 0.0859375
1 0.38046875 0.4609375 0.10625 0.075
0 0.3015625 0.440625 0.08125 0.0859375
15 0.27578125 0.53203125 0.0984375 0.0984375
23 0.35 0.54609375 0.0890625 0.09375
45 0.678125 0.61875 0.05 0.0828125
44 0.64921875 0.6140625 0.046875 0.0765625
40 0.61875 0.60703125 0.046875 0.0796875
41 0.5875 0.6 0.0484375 0.08125
37 0.55625 0.59296875 0.0515625 0.084375
6 0.6375 0.70078125 0.0765625 0.0828125
16 0.57578125 0.68828125 0.0796875 0.0828125
12 0.5140625 0.68125 0.0703125 0.071875
30 0.45546875 0.6671875 0.0765625 0.0796875
26 0.40703125 0.66484375 0.053125 0.0625
24 0.3609375 0.65078125 0.0765625 0.0796875
24 0.30234375 0.63984375 0.075 0.0828125
24 0.2453125 0.62578125 0.075 0.0828125
7 0.6328125 0.8109375 0.1 0.0734375
7 0.61875 0.86484375 0.0984375 0.06875
7 0.60703125 0.9140625 0.096875 0.071875
17 0.521875 0.89921875 0.1 0.071875
17 0.53203125 0.846875 0.103125 0.071875
17 0.54296875 0.78984375 0.0984375 0.071875
31 0.4546875 0.7796875 0.103125 0.075
31 0.44296875 0.8328125 0.1078125 0.0734375
31 0.4328125 0.884375 0.1046875 0.0734375
25 0.3296875 0.86953125 0.1078125 0.0765625
25 0.3421875 0.8171875 0.10625 0.0703125
25 0.35703125 0.76171875 0.1046875 0.0765625
25 0.26171875 0.74375 0.1125 0.0796875
25 0.24921875 0.80078125 0.10625 0.0734375
25 0.23203125 0.85234375 0.109375 0.075
25 0.14140625 0.8359375 0.10625 0.071875
25 0.14921875 0.78203125 0.1125 0.0765625
27 0 0.7883544640625 0.09586540625 0.8046286281249999 0.10494386250000001 0.749203521875 0.00387418125 0.731243546875 0 0.7570661734375 0 0.7883544640625
27 0 0.8452548203125 0.08693328593750001 0.8590771500000001 0.09493624218749999 0.80365065625 0 0.7865522921875 0 0.8452548203125
21 0.71875 0.284375 0.109375 0.1296875
18 0.51484375 0.2375 0.103125 0.128125
21 0.63359375 0.26875 0.1125 0.128125
14 0.50390625 0.36328125 0.1015625 0.1140625
14 0.42734375 0.3484375 0.0984375 0.1109375
14 0.34921875 0.32890625 0.1015625 0.1125
35 0.52421875 0.5859375 0.05 0.0828125
33 0.49296875 0.5796875 0.05 0.0828125
34 0.453125 0.57109375 0.0625 0.0859375
36 0.40859375 0.56171875 0.0625 0.0859375