15 0.74921875 0.065625 0.1109375 0.13125
23 0.6765625 0.07421875 0.115625 0.1484375
14 0.5859375 0.0828125 0.128125 0.165625
14 0.50859375 0.0921875 0.1265625 0.184375
14 0.45234375 0.190625 0.1203125 0.1984375
19 0.37578125 0.20546875 0.125 0.2015625
13 0.29375 0.20859375 0.125 0.1984375
13 0.496875 0.41171875 0.1328125 0.2234375
13 0.41640625 0.43046875 0.128125 0.2046875
8 0.32890625 0.43828125 0.125 0.21875
9 0.2546875 0.446875 0.125 0.215625
10 0.15546875 0.48515625 0.1234375 0.1953125
11 0.084375 0.5 0.1234375 0.1984375
1 0.1390625 0.7046875 0.1125 0.1203125
0 0.21171875 0.68125 0.0859375 0.1265625
29 0.28359375 0.67734375 0.10625 0.1140625
28 0.35 0.6515625 0.0890625 0.13125
5 0.4234375 0.65 0.10625 0.1171875
4 0.490625 0.621875 0.090625 0.1421875
12 0.54765625 0.6109375 0.0953125 0.1421875
16 0.1546875 0.86171875 0.090625 0.1421875
6 0.21171875 0.85234375 0.084375 0.13125
6 0.26328125 0.83828125 0.084375 0.134375
30 0.3203125 0.83515625 0.0875 0.1296875
24 0.37421875 0.821875 0.0890625 0.140625
24 0.43125 0.81171875 0.0921875 0.1390625
24 0.48515625 0.79609375 0.0890625 0.1421875
3 0.53828125 0.78359375 0.090625 0.146875
2 0.590625 0.775 0.090625 0.1390625
17 0.2363376578125 1 0.24211734062499998 0.9802023500000001 0.1637109046875 0.9956282078124999 0.161444640625 1 0.2363376578125 1
7 0.31900561875 1 0.3276185375 0.9631385390625 0.2423258765625 0.9797719656250001 0.23617609375 1 0.31900561875 1
31 0.3810505046875 1 0.4033726171875 0.9957230499999999 0.40970767812500003 0.9499203984375001 0.327324309375 0.96549991875 0.318838778125 1 0.3810505046875 1
18 0.404513046875 0.9960199812500001 0.4961656125 0.978343784375 0.4959921953125 0.9365822312500001 0.40898751874999995 0.95144364375 0.404513046875 0.9960199812500001
31 0.4973612015625 0.9780677609374999 0.58457649375 0.9596742578124999 0.5785374453125 0.917960590625 0.49541955 0.9341018359375 0.4973612015625 0.9780677609374999
18 0.5862024453125 0.959734309375 0.6730964875 0.944027571875 0.6655076296875 0.9026717078125 0.5797191609375 0.9185586375 0.5862024453125 0.959734309375
18 0.67428069375 0.9437541749999999 0.7567870250000001 0.9303667203125 0.7416872859375 0.8890031468749999 0.6653403890625 0.9005331515625 0.67428069375 0.9437541749999999
40 0.760416953125 0.7260884125 0.7833188296875 0.8511748750000001 0.8144723687500001 0.8461773578124999 0.79091980625 0.7199242109374999 0.760416953125 0.7260884125
41 0.8146478109374999 0.845697884375 0.8453839140625 0.840357771875 0.8218313531250001 0.7141046249999999 0.7915447624999999 0.719779928125 0.8146478109374999 0.845697884375
45 0.8458566578125 0.8411265671875 0.8756228421875001 0.8373272859374999 0.852237990625 0.7075236671875 0.8206052703125 0.71307078125 0.8458566578125 0.8411265671875
44 0.8749014562499999 0.8357379546875 0.9077119203124999 0.82947996875 0.8850482421875 0.6999488234375 0.85156448125 0.7046063765625 0.8749014562499999 0.8357379546875
43 0.90650966875 0.8271237171875001 0.9380461734375001 0.8211598484374999 0.9170419921875 0.69739114375 0.88711554375 0.7003494890625 0.90650966875 0.8271237171875001
33 0.8612535421875 0.6590965125 0.8938065296875 0.653523609375 0.8677254546875 0.5266747328125 0.8355594515625 0.5337123296875 0.8612535421875 0.6590965125
33 0.86183193125 0.660128509375 0.83628288125 0.5343223312500001 0.8023723703125001 0.541374171875 0.829751084375 0.66753495625 0.86183193125 0.660128509375
37 0.7729078953124999 0.5462340343750001 0.7984780781249999 0.6724238421875001 0.8290487484375 0.66575455625 0.804031725 0.5409910796874999 0.7729078953124999 0.5462340343750001
34 0.7276394765624999 0.5559080546875 0.7526626375000001 0.6822241531250001 0.7975020328125 0.6730376890625 0.7690170828125 0.5471323 0.7276394765624999 0.5559080546875
35 0.8018567687499999 0.3550087609375 0.8256620937499999 0.48587961875 0.85793434375 0.4780404734375 0.8334274687500001 0.3504396546875 0.8018567687499999 0.3550087609375
35 0.7938861359375 0.49476971406250003 0.8255988171875 0.48939081250000005 0.8005380375 0.35686724999999997 0.7670103328125 0.36305369375 0.7938861359375 0.49476971406250003
35 0.7339505890625 0.368743590625 0.762221528125 0.49897199062500003 0.793751559375 0.494023765625 0.766372059375 0.36281254218750003 0.7339505890625 0.368743590625
36 0.6929557921875 0.3766539484375 0.714873759375 0.5071835203124999 0.7582449703125 0.4979475046875 0.7346529281249999 0.3705239890625 0.6929557921875 0.3766539484375
38 0.7798987828125 0.1728166953125 0.8061681078125 0.3031186953125 0.83833805 0.2972457171875 0.8134264874999999 0.1666302515625 0.7798987828125 0.1728166953125
32 0.7480304328125 0.178620046875 0.7738867171875 0.31095995 0.8072782843749999 0.3040279203125 0.779345665625 0.17294439374999998 0.7480304328125 0.178620046875
39 0.7163323921875 0.1851610984375 0.7428182015625 0.3177441734375 0.7746654125 0.310391665625 0.7482858984375 0.179726596875 0.7163323921875 0.1851610984375
42 0.6879497796875 0.1998441421875 0.7125756890625 0.33324512031250003 0.7436664265624999 0.32762129375 0.7193501671875 0.19453733906249998 0.6879497796875 0.1998441421875
46 0.6846047859375 0.190543446875 0.6543402015625001 0.19675355781249998 0.6787845890625 0.33291600625 0.7110568374999999 0.3250768625 0.6846047859375 0.190543446875