19 0.8390625 0.3484375 0.11875 0.140625
19 0.75390625 0.32734375 0.1078125 0.1390625
20 0.671875 0.30703125 0.1140625 0.1421875
20 0.58203125 0.29453125 0.109375 0.128125
8 0.49296875 0.2640625 0.1171875 0.146875
9 0.40625 0.2546875 0.10625 0.125
9 0.3234375 0.23671875 0.1 0.1203125
11 0.23671875 0.20703125 0.128125 0.14375
13 0.784375 0.47890625 0.11875 0.1328125
13 0.7 0.45625 0.103125 0.1328125
13 0.61953125 0.4359375 0.1015625 0.125
14 0.53515625 0.4171875 0.1078125 0.1265625
14 0.4625 0.40546875 0.0859375 0.1078125
14 0.3921875 0.38359375 0.1015625 0.11875
3 0.328125 0.38203125 0.06875 0.078125
3 0.2671875 0.36640625 0.075 0.0859375
2 0.21171875 0.35625 0.0703125 0.0828125
0 0.36484375 0.4875 0.071875 0.078125
1 0.43515625 0.509375 0.1 0.078125
28 0.51015625 0.5265625 0.078125 0.08125
29 0.58203125 0.54765625 0.0984375 0.0796875
4 0.6546875 0.5609375 0.0765625 0.084375
5 0.73203125 0.590625 0.1109375 0.0828125
23 0.4125 0.59296875 0.0859375 0.0921875
24 0.31796875 0.65234375 0.06875 0.06875
24 0.37109375 0.66875 0.0640625 0.075
24 0.4234375 0.68203125 0.0640625 0.0734375
26 0.46328125 0.6984375 0.0453125 0.0609375
30 0.50546875 0.7109375 0.0671875 0.071875
12 0.5578125 0.72734375 0.065625 0.071875
16 0.6140625 0.7390625 0.075 0.08125
6 0.690625 0.759375 0.0671875 0.0765625
27 0.18510685468750002 0.8299166859374999 0.19002314843749998 0.7897906734375 0.118636765625 0.7669025984375 0.11145224375 0.809007803125 0.18510685468750002 0.8299166859374999
27 0.1890754046875 0.79019055625 0.19169407656249998 0.74567459375 0.1165138828125 0.7243853421875001 0.11127942187499999 0.7688852953125 0.1890754046875 0.79019055625
25 0.25851453125 0.8552172671875 0.26542390781249997 0.8104987390625 0.19101045 0.7862197484375 0.18675540625 0.8335086203125 0.25851453125 0.8552172671875
25 0.26542390781249997 0.8104987390625 0.2719828828125 0.7637842984375001 0.197120284375 0.7413018703125 0.1906204875 0.78739488125 0.26542390781249997 0.8104987390625
25 0.33671265625 0.8817122453125 0.3463159265625 0.8363930140625 0.26703296875000004 0.814717009375 0.2598126765625 0.8568132953125 0.33671265625 0.8817122453125
25 0.3504514296875 0.8266090296874999 0.3620019203125 0.783683840625 0.282219603125 0.76061096875 0.2756997421875 0.8066989781249999 0.3504514296875 0.8266090296874999
25 0.4177998703125 0.9000210140625 0.4292527640625 0.8608885796875001 0.34848989375 0.8350265015625 0.3413996328125 0.876519025 0.4177998703125 0.9000210140625
25 0.4306426375 0.8485114875 0.44064804999999996 0.8083819734375 0.36482571875 0.78311553125 0.35394373125 0.8262073953125 0.4306426375 0.8485114875
31 0.4994902953125 0.9261143562499999 0.51198853125 0.882789284375 0.430797340625 0.858728959375 0.4190980171875 0.9016170406249999 0.4994902953125 0.9261143562499999
31 0.5082434234375001 0.8774022562500001 0.5210920640625 0.8360730937499999 0.440348309375 0.8102157828125 0.426903403125 0.853304821875 0.5082434234375001 0.8774022562500001
17 0.5809796515625 0.949612840625 0.5974699265625001 0.9072830953125001 0.51250745 0.8848272093749999 0.49869188906249995 0.925915290625 0.5809796515625 0.949612840625
17 0.59976168125 0.90149268125 0.61155910625 0.8541757921875 0.5328298218749999 0.8237312953125 0.5200643390625 0.870806821875 0.59976168125 0.90149268125
7 0.66331915 0.9765041953125 0.679809425 0.9341744515625001 0.5964120921875 0.908927890625 0.580531646875 0.951409684375 0.66331915 0.9765041953125
7 0.6823481124999999 0.9239923375 0.7036746984375 0.8758704249999999 0.6156371984375 0.8488307609374999 0.6010080906249999 0.899894903125 0.6823481124999999 0.9239923375
42 0.739304003125 0.7210238890625 0.7594368953124999 0.65187063125 0.7272730890625 0.644718815625 0.710111709375 0.7128779125 0.739304003125 0.7210238890625
41 0.7061993078125 0.7123362015625 0.7275227546874999 0.643046021875 0.695417753125 0.6333063078125 0.6769051937499999 0.7045985984375001 0.7061993078125 0.7123362015625
38 0.6742875125000001 0.7020107 0.6954916890625 0.6346260203125 0.6650162953125001 0.6259265703125 0.6444333656250001 0.6942001984374999 0.6742875125000001 0.7020107
39 0.6425908859375 0.693740815625 0.66114734375 0.627164096875 0.6314130203125 0.6193834703125 0.6133696671875 0.685354065625 0.6425908859375 0.693740815625
37 0.6125345828125 0.6847788265625 0.6294507171875 0.6188942140625 0.599592746875 0.609614646875 0.5830549015625001 0.6774287171875 0.6125345828125 0.6847788265625
35 0.5829388984375 0.675931684375 0.5984731734375 0.6097025328125001 0.56881004375 0.601572628125 0.5519912031249999 0.6685825859375 0.5829388984375 0.675931684375
33 0.551586890625 0.6662796125 0.5694242625 0.6006246890625 0.5405894499999999 0.5930683343750001 0.5198902624999999 0.6580097281249999 0.551586890625 0.6662796125
36 0.47849076718749994 0.645485509375 0.4932761109375 0.5783355734375 0.45546694062500004 0.567440578125 0.43674665625 0.6343434765625 0.47849076718749994 0.645485509375