11 0.05625 0.20390625 0.1125 0.1484375
10 0.15078125 0.20546875 0.096875 0.1375
9 0.23984375 0.19375 0.1265625 0.15
8 0.33984375 0.1984375 0.1078125 0.128125
20 0.42890625 0.18671875 0.096875 0.1359375
20 0.51953125 0.18046875 0.096875 0.1359375
19 0.67421875 0.16953125 0.09375 0.134375
19 0.759375 0.16640625 0.09375 0.128125
13 0.746875 0.30390625 0.0953125 0.1171875
13 0.6546875 0.3109375 0.090625 0.1171875
13 0.5671875 0.31875 0.0953125 0.11875
14 0.47734375 0.325 0.0890625 0.1140625
14 0.3921875 0.33125 0.0953125 0.1140625
14 0.3 0.33671875 0.0984375 0.1140625
3 0.21796875 0.3515625 0.078125 0.0890625
3 0.1484375 0.35625 0.075 0.0875
2 0.08125 0.36171875 0.071875 0.0890625
5 0.725 0.43125 0.10625 0.0734375
29 0.53359375 0.446875 0.1078125 0.0734375
28 0.4453125 0.44453125 0.0734375 0.0859375
1 0.3578125 0.459375 0.1078125 0.075
0 0.26875 0.459375 0.0765625 0.08125
15 0.290625 0.56640625 0.0921875 0.0953125
23 0.375 0.5609375 0.0859375 0.0921875
24 0.30546875 0.66875 0.0765625 0.08125
24 0.371875 0.66328125 0.06875 0.078125
24 0.4359375 0.659375 0.071875 0.078125
26 0.490625 0.6578125 0.0515625 0.06875
30 0.54375 0.6515625 0.0703125 0.078125
12 0.60859375 0.64765625 0.06875 0.0734375
16 0.67734375 0.64296875 0.071875 0.0765625
6 0.74140625 0.63671875 0.06875 0.08125
27 0.15078125 0.90078125 0.10625 0.0640625
27 0.14140625 0.84453125 0.109375 0.065625
25 0.2578125 0.88984375 0.1 0.065625
25 0.2515625 0.83125 0.103125 0.0640625
25 0.35703125 0.88515625 0.1 0.0625
25 0.35 0.82734375 0.1046875 0.0671875
25 0.45390625 0.8765625 0.1046875 0.0640625
25 0.45 0.81953125 0.103125 0.0671875
25 0.4484375 0.75859375 0.103125 0.0640625
25 0.346875 0.76171875 0.1046875 0.0671875
31 0.5515625 0.8734375 0.1046875 0.06875
31 0.55 0.8140625 0.1046875 0.06875
17 0.653125 0.8703125 0.103125 0.06875
17 0.6515625 0.80859375 0.10625 0.0671875
7 0.75234375 0.859375 0.1015625 0.0640625
7 0.753125 0.80234375 0.1078125 0.06875
7 0.746875 0.73984375 0.109375 0.06875
36 0.44140625 0.55625 0.0546875 0.0875
33 0.49453125 0.5546875 0.0546875 0.084375
35 0.58046875 0.5453125 0.040625 0.084375
37 0.61640625 0.5421875 0.040625 0.084375
39 0.653125 0.53828125 0.0390625 0.0859375
38 0.68984375 0.53828125 0.0421875 0.084375
41 0.7265625 0.53515625 0.040625 0.0859375
42 0.7640625 0.5328125 0.040625 0.084375
33 0.5604570718749999 0.5898287078125 0.5505828625 0.5076011453125 0.5155675171875 0.5119060296875 0.5261107265625 0.5940868109374999 0.5604570718749999 0.5898287078125