19 0.34609375 0.20546875 0.1078125 0.1359375
19 0.43046875 0.21796875 0.1015625 0.1328125
20 0.51484375 0.23125 0.10625 0.1390625
20 0.6015625 0.24453125 0.10625 0.1421875
8 0.6875 0.259375 0.10625 0.15
9 0.76875 0.275 0.09375 0.1375
10 0.85625 0.29140625 0.1015625 0.1421875
11 0.94140625 0.31015625 0.1046875 0.1375
13 0.3171875 0.3375 0.1015625 0.1328125
13 0.4 0.3484375 0.1 0.1328125
13 0.48046875 0.3640625 0.0953125 0.13125
14 0.56171875 0.3828125 0.0953125 0.1171875
14 0.6453125 0.39765625 0.1046875 0.125
14 0.728125 0.4109375 0.09375 0.121875
3 0.79375 0.43671875 0.0734375 0.0875
3 0.85390625 0.44609375 0.0734375 0.0875
2 0.9125 0.45625 0.065625 0.0875
5 0.3140625 0.46484375 0.1109375 0.0796875
4 0.39765625 0.471875 0.078125 0.0828125
29 0.47890625 0.49140625 0.1046875 0.075
28 0.56015625 0.50078125 0.0734375 0.0796875
1 0.6359375 0.51875 0.1078125 0.078125
0 0.72109375 0.5265625 0.08125 0.0859375
45 0.2671875 0.55546875 0.0453125 0.084375
44 0.30390625 0.5609375 0.0453125 0.084375
18 0.3375 0.5671875 0.046875 0.0859375
41 0.3734375 0.57265625 0.046875 0.0859375
37 0.40859375 0.578125 0.046875 0.0875
14 0.44140625 0.5828125 0.046875 0.0859375
34 0.515625 0.59453125 0.0578125 0.0859375
18 0.5625 0.6 0.0578125 0.0859375
23 0.62265625 0.609375 0.090625 0.0953125
15 0.69609375 0.61953125 0.084375 0.0953125
18 0.27734375 0.65625 0.06875 0.0796875
16 0.3359375 0.66484375 0.0734375 0.0875
12 0.396875 0.67578125 0.075 0.0828125
30 0.4609375 0.684375 0.075 0.0828125
26 0.509375 0.69453125 0.0515625 0.0703125
24 0.5625 0.70078125 0.0734375 0.0859375
24 0.62109375 0.70859375 0.071875 0.084375
24 0.68125 0.71953125 0.071875 0.084375
7 0.2390625 0.7625 0.109375 0.075
7 0.22890625 0.82265625 0.1078125 0.0734375
7 0.21875 0.87890625 0.10625 0.0734375
17 0.328125 0.834375 0.1078125 0.0734375
17 0.315625 0.8890625 0.1046875 0.0703125
31 0.41171875 0.90234375 0.10625 0.06875
31 0.42421875 0.84765625 0.1046875 0.071875
31 0.43515625 0.76171875 0.1 0.065625
25 0.50859375 0.91640625 0.1046875 0.071875
25 0.521875 0.8609375 0.1046875 0.0703125
25 0.53515625 0.80234375 0.10625 0.0765625
25 0.61875 0.87265625 0.109375 0.075
25 0.60234375 0.92734375 0.10625 0.0703125
25 0.6520800703125 0.9055435484375 0.6420181203124999 0.9620789703125 0.73209765625 0.9736851640624999 0.7469226359375 0.9196666390624999 0.6520800703125 0.9055435484375
27 0.755115059375 0.921611834375 0.7403832953125 0.9774909453125 0.8332576875000001 0.9879022796875001 0.84695385 0.934518934375 0.755115059375 0.921611834375