15 0.8152510359375 0 0.8401793828124999 0.1307624484375 0.9560017078125 0.1110813546875 0.955999928125 0.1110668625 0.9551581406249999 0.1110852359375 0.9415448796874999 0 0.8152510359375 0
23 0.72809840625 0 0.6947539593750001 0.0065407546875 0.7144769906249999 0.15234435468750002 0.8440143765625001 0.1323407671875 0.8279865515625 0 0.72809840625 0
14 0.5755707671875 0.177596684375 0.5461121421875 0.011813424999999999 0.42537730937499996 0.029370060937499998 0.45336644374999996 0.1980264890625 0.5755707671875 0.177596684375
14 0.6203125 0.0875 0.15 0.175
14 0.4 0.21015625 0.128125 0.1765625
19 0.28828125 0.22734375 0.1421875 0.1765625
13 0.171875 0.2421875 0.140625 0.171875
13 0.425 0.40546875 0.1484375 0.1828125
13 0.3046875 0.42890625 0.1421875 0.171875
8 0.17421875 0.43515625 0.1421875 0.1796875
9 0.07421875 0.45234375 0.1265625 0.1765625
38 0.9602492781249999 0.15968693125 0.9110089890624999 0.16641594375 0.9274391375000001 0.29281495 0.9757000203124999 0.2855231265625 0.9602492781249999 0.15968693125
32 0.911208603125 0.16837594375 0.859408859375 0.1761669734375 0.8729834171874999 0.30155046875 0.925480328125 0.29168932812500004 0.9120710187500001 0.167651675 0.911208603125 0.16837594375
39 0.8212318734374999 0.31052529375 0.8749422250000001 0.30267608749999997 0.8563880203125 0.1738056203125 0.8020149249999999 0.1832140625 0.8212318734374999 0.31052529375
42 0.7532703828125 0.1939806 0.766819578125 0.3172062828125 0.819176603125 0.3081571140625 0.8043042312500001 0.1870313640625 0.7532703828125 0.1939806
46 0.697670009375 0.20080746718750003 0.715562159375 0.3248655453125 0.7678243453125 0.31992690625 0.7516420703125 0.1955466625 0.697670009375 0.20080746718750003
35 0.90511574375 0.340833284375 0.919817125 0.4609319015625 0.972319778125 0.450752053125 0.9578605281250001 0.33299090625 0.90511574375 0.340833284375
35 0.8504947749999999 0.3482229609375 0.8654048296875001 0.46761289218749996 0.9181119296875 0.461506334375 0.9033221812500001 0.34105350625 0.8504947749999999 0.3482229609375
35 0.795956428125 0.356285559375 0.8158789859375 0.4740589609375 0.8678922375000001 0.4676725359375 0.8487838390625001 0.34911610312499997 0.795956428125 0.356285559375
36 0.7296773171875001 0.3651066765625 0.7401133109375 0.485272825 0.8123744890625 0.47517232500000006 0.7988946421875001 0.3579739890625 0.7296773171875001 0.3651066765625
33 0.922709371875 0.49894950312499997 0.9386487062500001 0.6143028187499999 0.9379001562499999 0.6152546953125 0.9899134078125 0.608868271875 0.9766814343749999 0.49368869843749996 0.922709371875 0.49894950312499997
33 0.8725723046875 0.505788625 0.8896178453125 0.6203230515625 0.9398589640624999 0.6163803156250001 0.9218952171874999 0.4997325328125 0.8725723046875 0.505788625
37 0.8720886453125001 0.509263340625 0.82627023125 0.5142060703125 0.838440175 0.6281499109375 0.8867836828125 0.621531009375 0.8720886453125001 0.509263340625
34 0.758114934375 0.5225744875 0.76660795 0.636792409375 0.8356672109375 0.6278073234375 0.825456075 0.5149891 0.758114934375 0.5225744875
40 0.76633914375 0.6711070953125 0.7788479546875 0.7806314249999999 0.8273362546874999 0.7749573203125 0.8123228078125001 0.6675102093749999 0.76633914375 0.6711070953125
41 0.8749280578124999 0.7692638890625 0.8615429234375 0.6602507156249999 0.8113232312499999 0.66641691875 0.824708365625 0.7754300921875 0.8749280578124999 0.7692638890625
45 0.8751920140625 0.7692655312500001 0.9232102109375001 0.7636174312499999 0.9102019859375 0.6532214046875 0.861580653125 0.657960659375 0.8751920140625 0.7692655312500001
44 0.9716826765625 0.7576657609375 0.96004935 0.649562309375 0.9130437671875 0.6541031734375 0.9232598328125 0.7640215687499999 0.9716826765625 0.7576657609375
43 1 0.6421399562500001 0.9613177453124999 0.6465349484375 0.974134740625 0.759826075 1 0.7552828265625 1 0.6421399562500001
27 0.5853659343750001 0.88843478125 0.59788331875 0.9629743187500001 0.7321472890625 0.9573814031250001 0.7244268390624999 0.8766932593749999 0.5853659343750001 0.88843478125
27 0.596317878125 0.9687261453125 0.5862518703124999 0.8911976234375001 0.452867265625 0.9001910234375 0.46734118125 0.9779987859375 0.596317878125 0.9687261453125
25 0.323970884375 0.9061684187499999 0.33995603124999996 0.9790605984375 0.4642819828125 0.9713969406249999 0.45583898281249996 0.898181684375 0.323970884375 0.9061684187499999
25 0.31901655624999997 0.8886791578125001 0.44278471093749994 0.8809138937500001 0.46166176875 0.834291065625 0.3456606859375 0.8423807328124999 0.31901655624999997 0.8886791578125001
25 0.199253228125 0.914507884375 0.21598912343749999 0.9877204687500001 0.33843754062500003 0.9794645265625 0.3219157953125 0.9072412156249999 0.199253228125 0.914507884375
25 0.197596459375 0.8972997093749999 0.322815059375 0.8878499140624999 0.3460504015625 0.8411021875 0.23073676562499998 0.8503381421875 0.197596459375 0.8972997093749999
31 0.076729228125 0.9044854296875 0.1887006421875 0.8998045453125 0.233280815625 0.848795078125 0.128540353125 0.8550918828125 0.0760230421875 0.9037940546875 0.076729228125 0.9044854296875
31 0.198084078125 0.918343521875 0.07982941875 0.9258894312500001 0.0984982359375 0.9933365656250001 0.214109603125 0.9865254453125001 0.198084078125 0.918343521875
29 0.02301248125 0.6064009125000001 0.0394020546875 0.6797046828125 0.152384303125 0.6688541328125 0.1400682609375 0.5922581671875 0.02301248125 0.6064009125000001
28 0.149483340625 0.5684899406249999 0.1483368296875 0.6678639703125 0.22892567968750002 0.6591469156249999 0.2264522 0.562264284375 0.149483340625 0.5684899406249999
5 0.229821959375 0.662506265625 0.35617701875 0.646776584375 0.3392407375 0.566394953125 0.21182325781250003 0.5838068765625 0.229821959375 0.662506265625
4 0.4483890796875 0.6347864265625 0.4338648703125 0.5376953265625 0.3441362765625 0.5487126124999999 0.355892028125 0.6444555265624999 0.4483890796875 0.6347864265625
12 0.45354095 0.623997371875 0.5382194171875 0.6138224296875 0.529201509375 0.5147983140625 0.44861265625 0.52351535625 0.45354095 0.623997371875
18 0.44548889531249997 0.6351425234375 0.5256497046875 0.6265569531249999 0.5159905734375 0.5223104859375 0.4385670828125 0.531227896875 0.44548889531249997 0.6351425234375
18 0.47341725468750007 0.8578055125 0.5928263453125 0.8475313640625 0.5971823671875 0.7998758546875 0.48621239843749997 0.81055623125 0.47341725468750007 0.8578055125
18 0.44098529218750004 0.8829858343750001 0.590329703125 0.8719614390625001 0.59481803125 0.8189886124999999 0.46197567968750003 0.8305875281249999 0.44098529218750004 0.8829858343750001
2 0.503125 0.7140625 0.0921875 0.1125
3 0.43203125 0.71953125 0.090625 0.1125
24 0.3546875 0.73359375 0.096875 0.115625
24 0.27421875 0.74375 0.0984375 0.1109375
24 0.20078125 0.74921875 0.0921875 0.1109375
30 0.1265625 0.75859375 0.090625 0.10625
43 0.059375 0.7640625 0.06875 0.1