21 0.20234375 0.0828125 0.1375 0.15625
21 0.31328125 0.10234375 0.125 0.1546875
20 0.4140625 0.11875 0.115625 0.153125
22 0.50234375 0.1421875 0.1078125 0.1421875
8 0.603125 0.1453125 0.128125 0.1640625
9 0.7 0.16953125 0.1140625 0.15
10 0.79296875 0.18359375 0.109375 0.153125
13 0.17421875 0.23984375 0.1203125 0.1515625
13 0.27421875 0.25546875 0.1234375 0.1515625
13 0.36953125 0.27421875 0.1125 0.1390625
14 0.4640625 0.2890625 0.1140625 0.1375
14 0.5578125 0.30546875 0.1140625 0.1421875
14 0.65234375 0.3203125 0.109375 0.14375
2 0.86171875 0.371875 0.078125 0.096875
0 0.6484375 0.45703125 0.0859375 0.090625
1 0.55625 0.4453125 0.11875 0.0875
28 0.46484375 0.425 0.0875 0.0921875
29 0.3671875 0.415625 0.1234375 0.090625
4 0.27890625 0.39453125 0.084375 0.096875
5 0.1859375 0.384375 0.1265625 0.090625
23 0.53671875 0.55078125 0.096875 0.10625
15 0.61953125 0.5640625 0.096875 0.109375
26 0.42265625 0.6515625 0.0609375 0.075
30 0.3609375 0.63671875 0.0796875 0.0890625
12 0.290625 0.628125 0.08125 0.0875
16 0.21796875 0.6171875 0.08125 0.0859375
6 0.1484375 0.603125 0.0875 0.0921875
18 0.553125 0.6609375 0.2109375 0.11875
7 0.1296875 0.73046875 0.1203125 0.0828125
7 0.1234375 0.79296875 0.1203125 0.078125
7 0.11328125 0.85390625 0.11875 0.078125
17 0.2390625 0.74765625 0.11875 0.0796875
17 0.23203125 0.81015625 0.1140625 0.0765625
17 0.22421875 0.8703125 0.1171875 0.078125
31 0.34765625 0.7625 0.1140625 0.0796875
31 0.3390625 0.82578125 0.1140625 0.0796875
31 0.3296875 0.88828125 0.1140625 0.075
25 0.4546875 0.78125 0.1125 0.0765625
25 0.44453125 0.83984375 0.115625 0.075
25 0.43359375 0.90234375 0.1140625 0.0796875
25 0.553125 0.85546875 0.1125 0.08125
25 0.5375 0.91796875 0.1109375 0.0765625
25 0.65703125 0.8734375 0.1109375 0.078125
25 0.6421875 0.93359375 0.1109375 0.078125
27 0.76015625 0.88671875 0.1078125 0.0765625
27 0.74453125 0.946875 0.10625 0.071875
34 0.41328125 0.53359375 0.0625 0.090625
33 0.36796875 0.528125 0.05 0.090625
35 0.33046875 0.52109375 0.05 0.090625
37 0.2921875 0.51484375 0.0515625 0.0921875
39 0.25234375 0.50859375 0.0515625 0.09375
38 0.21328125 0.50390625 0.053125 0.0921875
41 0.17421875 0.496875 0.0546875 0.09375
42 0.1375 0.48984375 0.053125 0.0953125
36 0.48739990000000005 0.588035646875 0.4984047828125 0.50370259375 0.44738844999999994 0.49729195624999994 0.43850438125 0.5811741765625 0.48739990000000005 0.588035646875