19 0.25078125 0.28515625 0.0890625 0.115625
21 0.32421875 0.296875 0.0875 0.1140625
20 0.3984375 0.3078125 0.0875 0.125
20 0.471875 0.321875 0.0921875 0.1203125
8 0.5484375 0.34296875 0.0859375 0.1078125
9 0.62890625 0.3484375 0.0859375 0.11875
10 0.70390625 0.35859375 0.0828125 0.11875
11 0.78203125 0.36953125 0.0921875 0.1234375
13 0.23359375 0.4046875 0.0984375 0.1140625
13 0.315625 0.41484375 0.09375 0.1140625
13 0.39375 0.428125 0.08125 0.10625
14 0.4609375 0.4390625 0.08125 0.1046875
14 0.53046875 0.45234375 0.084375 0.1046875
14 0.6015625 0.46171875 0.08125 0.1046875
3 0.659375 0.484375 0.0609375 0.0796875
3 0.71015625 0.4921875 0.059375 0.0796875
2 0.7625 0.49921875 0.059375 0.0828125
5 0.23359375 0.51015625 0.09375 0.0671875
4 0.30703125 0.51640625 0.065625 0.071875
29 0.375 0.53046875 0.090625 0.065625
28 0.44609375 0.53828125 0.0640625 0.0703125
5 0.52265625 0.55390625 0.090625 0.0671875
0 0.596875 0.5609375 0.06875 0.075
15 0.58125 0.64453125 0.075 0.0828125
23 0.5140625 0.6328125 0.0765625 0.08125
24 0.5625 0.7265625 0.0625 0.06875
24 0.51015625 0.71640625 0.05625 0.0671875
24 0.45859375 0.70859375 0.059375 0.0671875
26 0.41015625 0.70625 0.0421875 0.05625
30 0.36328125 0.69296875 0.065625 0.071875
12 0.30625 0.684375 0.0625 0.06875
16 0.2484375 0.67734375 0.0640625 0.0734375
6 0.19296875 0.6734375 0.0640625 0.065625
7 0.18046875 0.75703125 0.090625 0.0609375
7 0.1765625 0.8046875 0.090625 0.0578125
7 0.1703125 0.84921875 0.0890625 0.05625
17 0.2578125 0.81875 0.0859375 0.0578125
17 0.25078125 0.8625 0.0859375 0.053125
17 0.26328125 0.771875 0.0890625 0.0578125
31 0.34765625 0.78359375 0.0890625 0.0578125
31 0.33984375 0.83203125 0.0890625 0.05625
31 0.33125 0.87421875 0.0859375 0.053125
25 0.421875 0.8421875 0.0875 0.059375
25 0.4125 0.8859375 0.0859375 0.0578125
25 0.43046875 0.7890625 0.0875 0.0578125
25 0.50625 0.85546875 0.0859375 0.059375
25 0.4953125 0.89921875 0.0875 0.05625
25 0.5125 0.80078125 0.0859375 0.0578125
25 0.58984375 0.86796875 0.0859375 0.05625
25 0.57734375 0.91171875 0.0875 0.0578125
27 0.66171875 0.92265625 0.0859375 0.059375
27 0.67109375 0.878125 0.0875 0.05625
36 0.45859375 0.62578125 0.0484375 0.0703125
18 0.4203125 0.6140625 0.0453125 0.0609375
33 0.3828125 0.61484375 0.0375 0.0703125
35 0.353125 0.60859375 0.0375 0.0703125
37 0.32265625 0.60625 0.0390625 0.0703125
39 0.2921875 0.60078125 0.040625 0.06875
38 0.2640625 0.59609375 0.0390625 0.0734375
18 0.234375 0.58671875 0.034375 0.0609375
42 0.20078125 0.5875 0.040625 0.0703125