11 0 0.1257088046875 0.025327678125000003 0.251607240625 0.131922325 0.238496390625 0.105321634375 0.0935658140625 0 0.1092751796875 0 0.1257088046875
10 0.1296066625 0.23975686093749998 0.2310545265625 0.22549929375 0.20297384531249998 0.0789066671875 0.109007434375 0.092112784375 0.1296066625 0.23975686093749998
9 0.225458665625 0.23002584218750002 0.328386521875 0.217430328125 0.30982621875 0.067629646875 0.20147210468750001 0.084727875 0.225458665625 0.23002584218750002
8 0.32922219375 0.21450780468750003 0.42944779375 0.200422015625 0.4150697375 0.0537736609375 0.30931451249999997 0.0714416640625 0.32922219375 0.21450780468750003
20 0.42468760312500003 0.20202604218750003 0.519059615625 0.190632971875 0.5052633921874999 0.056993203125 0.41284824999999997 0.07185135468750001 0.42468760312500003 0.20202604218750003
20 0.5151350984375 0.189314475 0.610729371875 0.177749628125 0.598092925 0.0523620921875 0.5077742953125 0.065990575 0.5151350984375 0.189314475
19 0.6070625828125 0.17826496249999998 0.7023991296875 0.164866284375 0.6930428796875 0.0362126703125 0.5934656140625 0.05301241875 0.6070625828125 0.17826496249999998
19 0.6975100750000001 0.1655533953125 0.8005667953125 0.15387479375 0.7905662265625 0.02063660625 0.693906615625 0.0314161515625 0.6975100750000001 0.1655533953125
13 0.7269418859375001 0.31289116093749997 0.8164248437499999 0.3021852015625 0.80816199375 0.1724428953125 0.71774314375 0.1832803859375 0.7269418859375001 0.31289116093749997
13 0.6364943921874999 0.3256027265625 0.72559075625 0.31214602343750003 0.7239546812500001 0.1852124859375 0.622512859375 0.197599153125 0.6364943921874999 0.3256027265625
13 0.543086915625 0.3349901890625 0.6341787296875 0.326863196875 0.6207690968749999 0.195974171875 0.529212225 0.20790662499999998 0.543086915625 0.3349901890625
14 0.445305840625 0.348732421875 0.5459180328125 0.33739737812500004 0.53167273125 0.2094308765625 0.42027613124999996 0.2222815703125 0.445305840625 0.348732421875
14 0.35009815781250003 0.363048015625 0.44299017812499997 0.34999289375 0.43035373125 0.22460535781250002 0.3372713765625 0.234882153125 0.35009815781250003 0.363048015625
14 0.2641531265625 0.372321725 0.35228495625 0.3608706296875 0.3395196453125 0.2345661796875 0.2491186859375 0.24633618125 0.2641531265625 0.372321725
3 0.1991154375 0.379592125 0.2701355796875 0.3705459203125 0.2588580359375 0.2814334 0.1952041015625 0.2885093265625 0.1991154375 0.379592125
3 0.1257601875 0.301074109375 0.1245379234375 0.30124588750000003 0.13407774687500001 0.3868625265625 0.2026533625 0.3781598765625 0.1993537203125 0.29260126249999996 0.1257601875 0.301074109375
2 0.0729645734375 0.395451421875 0.1401890640625 0.3860036359375 0.1318715046875 0.30021521875 0.060851359375000004 0.3092614234375 0.0729645734375 0.395451421875
5 0.698297653125 0.4381301546875 0.8032142125 0.426785184375 0.799866628125 0.3626538953125 0.6918656296875 0.374432353125 0.698297653125 0.4381301546875
4 0.6239678468750001 0.44942655 0.6974208015625 0.4399534328125 0.6906794281249999 0.3677988765625 0.617692396875 0.3789065578125 0.6239678468750001 0.44942655
29 0.5212474734375 0.46335294375 0.627842121875 0.45024209375 0.62235956875 0.384625803125 0.5172147375 0.3975328953125 0.5212474734375 0.46335294375
28 0.45498752187499997 0.4707951203125 0.527358790625 0.4624940546875 0.51884988125 0.3842127328125 0.44817021874999996 0.3941461109375 0.45498752187499997 0.4707951203125
1 0.3509662671875 0.4844793296875 0.45498752187499997 0.4707951203125 0.44828270625 0.40535060781250004 0.3445770140625 0.4199254921875 0.3509662671875 0.4844793296875
0 0.2728702703125 0.49639003125 0.3509662671875 0.4844793296875 0.3402041796875 0.39903446875 0.26092463125 0.41017648281249997 0.2728702703125 0.49639003125
15 0.293442290625 0.5938137046875 0.3790007296875 0.58178925 0.368688834375 0.49574681875 0.2885690265625 0.5076747984375001 0.293442290625 0.5938137046875
23 0.3771625953125 0.5813797078125 0.4574827609375 0.5700914453125 0.4478151859375 0.48863358593750006 0.369184371875 0.498348678125 0.3771625953125 0.5813797078125
36 0.46069880625000004 0.5676358328125 0.509773434375 0.56207459375 0.49941690625 0.48204931406249996 0.44612261562500005 0.4882035875 0.46069880625000004 0.5676358328125
34 0.5019439953125 0.481026278125 0.5114274796875 0.5611742578125 0.5585719265625 0.5545485390625 0.5504998640625 0.4768736984375 0.5019439953125 0.481026278125
41 0.7459558953125 0.532220690625 0.781474615625 0.525225234375 0.7759435406249999 0.4478611578125 0.7358134359374999 0.452165325 0.7459558953125 0.532220690625
33 0.5617230875 0.5555021390625 0.59672426875 0.55058304375 0.58746595625 0.4685819390625 0.551408759375 0.4732244375 0.5617230875 0.5555021390625
38 0.710675571875 0.53499324375 0.7452383265625 0.5309857874999999 0.7370041859375001 0.4522408390625 0.7015379890625 0.4568002765625 0.710675571875 0.53499324375
39 0.6712297984375 0.5405369859375 0.7074592734375 0.5362952875 0.7005404093750001 0.45481541875 0.6624042718750001 0.46060011406249995 0.6712297984375 0.5405369859375
35 0.6006132890625 0.5500364765625 0.63456189375 0.5456903234375 0.6236954328125 0.464340240625 0.5881439281249999 0.46848665624999997 0.6006132890625 0.5500364765625
37 0.661036059375 0.45994238125000003 0.62436815625 0.4650957203125 0.63635970625 0.5454376562500001 0.67061565 0.5401982875 0.661036059375 0.45994238125000003
37 0.740877053125 0.6450768234375001 0.813394584375 0.6370102078125 0.810219184375 0.5579793109375 0.741687028125 0.5650608078125 0.740877053125 0.6450768234375001
16 0.6776001593750001 0.6543948234375 0.7397659046875 0.645232984375 0.7334629546875 0.5721667874999999 0.6735995296875 0.5805800421875 0.6776001593750001 0.6543948234375
12 0.614147540625 0.6624624828125001 0.67932545625 0.654577359375 0.6708587859375 0.5822402656250001 0.60363915 0.5908373453125 0.614147540625 0.6624624828125001
30 0.5520101984375 0.667795225 0.6132405203125 0.6600398859375 0.6018486578125 0.5830137625 0.5402871640625 0.591665665625 0.5520101984375 0.667795225
26 0.5066288328125 0.6754481953125 0.5521859234375001 0.6690455625 0.5455332937499999 0.601553659375 0.5022964015625 0.607630209375 0.5066288328125 0.6754481953125
24 0.4455742359375 0.6844538703125 0.5089682796874999 0.67596943125 0.50342503125 0.60024639375 0.4384472828125 0.6089534078125001 0.4455742359375 0.6844538703125
24 0.3803093421875 0.6957513093750001 0.448703553125 0.68656414375 0.4382169453125 0.6038856406249999 0.3716739515625 0.613662659375 0.3803093421875 0.6957513093750001
24 0.3119737046875 0.7053552578125 0.381976065625 0.6955170671875 0.3734490515625 0.6146882234375 0.3047263984375 0.625196584375 0.3119737046875 0.7053552578125
7 0.762977453125 0.7499237625 0.8623968453125 0.73977638125 0.8615945999999999 0.6816625421875 0.763003646875 0.6925435140625 0.762977453125 0.7499237625
7 0.7633998453124999 0.8093660234375 0.8593384734375 0.79460769375 0.8563441031249999 0.74105205 0.7598271296875 0.7546166265625 0.7633998453124999 0.8093660234375
7 0.767681090625 0.8640158437500001 0.8642338671875001 0.8495962109375 0.8637244953125001 0.79356626875 0.765101846875 0.8082768 0.767681090625 0.8640158437500001
17 0.6701983140625 0.771038240625 0.7669552171875 0.7540398515625 0.7614740796875 0.6948835390625 0.6633865921875 0.7095188609374999 0.6701983140625 0.771038240625
17 0.6672286875 0.8305322078125 0.7640743390625 0.8181964734375 0.76049421875 0.7604730359375 0.6642171640625001 0.7718788359375 0.6672286875 0.8305322078125
17 0.672649484375 0.88119676875 0.7688809859375 0.8685223359375 0.7607408921875 0.8186649578124999 0.668966215625 0.8298630015624999 0.672649484375 0.88119676875
31 0.567299921875 0.78464964375 0.6634728484375 0.77155843125 0.6586058578125 0.7127408171875 0.5635352375 0.7248270875 0.567299921875 0.78464964375
31 0.5672537203125 0.84075766875 0.6680469640625 0.8282921484375001 0.6624202734375 0.7721313734375 0.5652429234375 0.785363746875 0.5672537203125 0.84075766875
31 0.575423984375 0.8948609218750001 0.67443335625 0.8817960859375 0.6687196875 0.829047625 0.5702548078125 0.8411859156249999 0.575423984375 0.8948609218750001
25 0.46798164687500005 0.8559844828125 0.5672537203125 0.84075766875 0.56101288125 0.78425819375 0.46331443125 0.797988815625 0.46798164687500005 0.8559844828125
25 0.47910550625 0.9109476687500001 0.575044134375 0.8961893406250001 0.5695931671875 0.841278903125 0.471514865625 0.85633794375 0.47910550625 0.9109476687500001
25 0.367101425 0.8718623203125 0.46815737031250004 0.8572348203125 0.460571084375 0.799224390625 0.361181678125 0.8131926609375 0.367101425 0.8718623203125
25 0.3787808578125 0.9267474265625 0.47811150781249995 0.9119373906250001 0.4709352421875 0.8568444156250001 0.374997746875 0.8711775749999999 0.3787808578125 0.9267474265625
25 0.26394033281249996 0.8876357015625 0.3664002984375 0.8749359390624999 0.3582584375 0.8170035890625 0.25711897499999997 0.8307928015625 0.26394033281249996 0.8876357015625
25 0.2767894890625 0.9427814250000001 0.38012630625 0.9282583828125001 0.3714288703125 0.8704041140625 0.2716950078125 0.8861208421875 0.2767894890625 0.9427814250000001
27 0.1626500890625 0.90059608125 0.26279901250000004 0.8835459875 0.2552127265625 0.82553555625 0.15311334062499998 0.8407347125 0.1626500890625 0.90059608125
27 0.1773700953125 0.9529288046875 0.27702201875 0.936373571875 0.2706942015625 0.8832864125000001 0.169327959375 0.89965756875 0.1773700953125 0.9529288046875