11 0.17578125 0.12109375 0.14375 0.1546875
10 0.2640625 0.1390625 0.11875 0.1515625
9 0.3484375 0.159375 0.125 0.146875
8 0.43515625 0.17578125 0.1203125 0.1515625
20 0.5171875 0.19609375 0.1140625 0.14375
20 0.6 0.2078125 0.121875 0.15
19 0.696875 0.2203125 0.134375 0.1625
21 0.79453125 0.23984375 0.1234375 0.159375
13 0.75390625 0.384375 0.125 0.146875
13 0.66640625 0.371875 0.1109375 0.1375
13 0.58203125 0.353125 0.1109375 0.140625
14 0.49609375 0.3421875 0.109375 0.1296875
14 0.41328125 0.33203125 0.1015625 0.121875
14 0.32734375 0.3125 0.1171875 0.128125
3 0.25 0.30625 0.084375 0.1
3 0.18125 0.29296875 0.0890625 0.096875
2 0.090269178125 0.2293920828125 0.09038396562499999 0.31785414218749997 0.1511207421875 0.3279054140625 0.1527527734375 0.2376772015625 0.090269178125 0.2293920828125
0 0.29765625 0.42734375 0.0921875 0.0921875
1 0.38671875 0.45078125 0.1171875 0.084375
28 0.471875 0.46328125 0.078125 0.0828125
29 0.553125 0.48359375 0.1125 0.08125
4 0.640625 0.49375 0.0828125 0.0875
5 0.72734375 0.5171875 0.115625 0.084375
45 0.73984375 0.60859375 0.0515625 0.0875
44 0.7046875 0.6015625 0.0515625 0.084375
40 0.6703125 0.5953125 0.0484375 0.0828125
41 0.63515625 0.58828125 0.053125 0.0828125
37 0.6 0.58203125 0.0484375 0.08125
35 0.56484375 0.57578125 0.05 0.084375
33 0.53046875 0.56796875 0.0515625 0.0828125
34 0.4875 0.55703125 0.06875 0.090625
36 0.4375 0.5484375 0.0640625 0.0828125
23 0.375 0.5375 0.0875 0.0890625
15 0.29765625 0.5234375 0.0953125 0.0890625
24 0.2625 0.62578125 0.08125 0.090625
24 0.3234375 0.6375 0.0765625 0.0890625
24 0.38671875 0.65078125 0.08125 0.090625
26 0.4359375 0.66484375 0.05625 0.06875
30 0.48671875 0.66640625 0.0828125 0.0921875
12 0.54765625 0.67421875 0.071875 0.0828125
16 0.615625 0.6921875 0.0796875 0.0890625
6 0.67890625 0.7 0.0828125 0.09375
25 0.28125 0.74921875 0.115625 0.078125
25 0.2671875 0.80703125 0.1125 0.078125
25 0.25625 0.86171875 0.1125 0.0734375
25 0.16171875 0.79453125 0.1125 0.0765625
25 0.1578125 0.84765625 0.109375 0.075
25 0.35078125 0.8859375 0.109375 0.0765625
25 0.3640625 0.828125 0.1125 0.0796875
31 0.46171875 0.85 0.1109375 0.0796875
31 0.44921875 0.90390625 0.1109375 0.0765625
27 0.0625 0.828125 0.1125 0.075
27 0.065625 0.771875 0.115625 0.075
17 0.5484375 0.9140625 0.109375 0.0734375
17 0.5609375 0.86484375 0.10625 0.0703125
17 0.57578125 0.8109375 0.1109375 0.0765625
7 0.653125 0.93671875 0.109375 0.0734375
7 0.6609375 0.88359375 0.1125 0.0734375
7 0.67265625 0.83203125 0.1140625 0.071875