19 0.63671875 0.32265625 0.1359375 0.184375
14 0.74921875 0.35234375 0.15625 0.1875
13 0.86484375 0.38125 0.1609375 0.1890625
5 0.803125 0.68359375 0.134375 0.09375
29 0.6875 0.6546875 0.1265625 0.090625
7 0.57890625 0.62265625 0.125 0.0859375
31 0.53046875 0.73203125 0.1125 0.0796875
24 0.61640625 0.74375 0.0875 0.090625
23 0.690625 0.75625 0.1 0.1046875
15 0.77265625 0.77734375 0.1046875 0.1109375
27 0.5125 0.871875 0.103125 0.0703125
27 0.528125 0.828125 0.109375 0.06875
25 0.609375 0.8984375 0.109375 0.0703125
25 0.62578125 0.853125 0.109375 0.0703125
25 0.70859375 0.92734375 0.115625 0.0734375
25 0.72578125 0.87421875 0.115625 0.075
39 0.56484375 0.4828125 0.0609375 0.0984375
38 0.60390625 0.49296875 0.0625 0.0984375
40 0.6516700390625 0.551599515625 0.6803113203125 0.46755460781249997 0.6427179015625 0.45712121406249995 0.6122905328125 0.5423112531250001 0.6516700390625 0.551599515625
41 0.6918393328125 0.5605545421875 0.7246886828125 0.47384776874999995 0.6844667640625001 0.465409771875 0.65391495 0.55109893125 0.6918393328125 0.5605545421875
42 0.7330904140625 0.5708395921875 0.7670316484375 0.4854653578125 0.7278383125000001 0.47569336250000005 0.693835353125 0.5610522062500001 0.7330904140625 0.5708395921875
35 0.7764619625 0.581123184375 0.8110789468749999 0.49591743125 0.769213840625 0.4854792875 0.73521088125 0.570838134375 0.7764619625 0.581123184375
33 0.8167988125000001 0.5922405921875 0.854211853125 0.507201825 0.813791621875 0.49659377656250003 0.7750068359375 0.5812905296875 0.8167988125000001 0.5922405921875
37 0.8585907890625 0.603190653125 0.8989246484375 0.517819825 0.857038725 0.507376490625 0.8194601734375 0.59290414375 0.8585907890625 0.603190653125
32 0.9002152078125001 0.6119783328125 0.9468404859374999 0.529766584375 0.9059818828124999 0.5179889375 0.8609601453125 0.602190946875 0.9002152078125001 0.6119783328125