19 0.4875 0.2515625 0.1125 0.1625
14 0.38515625 0.24609375 0.1171875 0.153125
13 0.28125 0.23203125 0.13125 0.1625
9 0.16953125 0.221875 0.1265625 0.15625
29 0.334375 0.55078125 0.11875 0.0765625
7 0.44296875 0.5546875 0.109375 0.071875
15 0.184375 0.6515625 0.109375 0.1046875
24 0.353125 0.6609375 0.08125 0.0859375
23 0.2734375 0.653125 0.1015625 0.103125
31 0.43671875 0.66484375 0.1046875 0.071875
38 0.48828125 0.4234375 0.0421875 0.090625
39 0.44765625 0.421875 0.0453125 0.0921875
40 0.4109375 0.41875 0.0453125 0.090625
41 0.37265625 0.415625 0.04375 0.09375
42 0.334375 0.4125 0.04375 0.09375
35 0.29296875 0.40859375 0.0484375 0.0953125
33 0.2515625 0.40703125 0.0484375 0.096875
37 0.2286691109375 0.45088385000000003 0.22574718906250002 0.3558923078125 0.18634029531250001 0.3537110203125 0.1885409203125 0.44886104531250004 0.2286691109375 0.45088385000000003
18 0.18519977031249998 0.4341847625 0.183694928125 0.35320519687499996 0.1435972015625 0.3512107671875 0.1445020421875 0.43112020156249997 0.18519977031249998 0.4341847625
25 0.2527175078125 0.8255061859374999 0.256875253125 0.7628780203125001 0.14143675625000002 0.7630836015625 0.1394265421875 0.8289864781249999 0.2527175078125 0.8255061859374999
25 0.24860277812499998 0.887642125 0.25193260624999997 0.8269255093749999 0.139013625 0.8285536421874999 0.138504284375 0.8923937046875 0.24860277812499998 0.887642125
25 0.3617548140625 0.8781976609375001 0.3649554453125 0.818957740625 0.26083208125 0.8243399703125001 0.25878310625 0.8845647765625 0.3617548140625 0.8781976609375001
25 0.3620741640625 0.8216816687499999 0.36531781093750004 0.7619495171875 0.25713921875 0.7626723421875 0.25337321875 0.8255635546875 0.3620741640625 0.8216816687499999
27 0.4810846296875 0.8132457625 0.4836295 0.7539484875 0.3881381203125 0.7574029296875 0.382004171875 0.8204493109375001 0.4810846296875 0.8132457625
27 0.4800665046875 0.8701966140625 0.485588525 0.8146317875 0.386091590625 0.818568428125 0.381201371875 0.874939003125 0.4800665046875 0.8701966140625
18 0.21171875 0.534375 0.1359375 0.09375