10 0.5967662 0.16699030312500002 0.5182373984375 0.15532086875 0.490598934375 0.27637599062499996 0.5647678296875001 0.2900942640625 0.5967662 0.16699030312500002
9 0.5214350578125 0.15655801875 0.44960771250000003 0.14489331875 0.4249597875 0.25905550625 0.48812701406250003 0.2709855625 0.5214350578125 0.15655801875
8 0.457145509375 0.14649303125 0.39677003593750004 0.13744836093749999 0.3716736609375 0.25340838906249996 0.4285523609375 0.25995123593749997 0.457145509375 0.14649303125
20 0.3965080640625 0.14091713749999998 0.331060528125 0.1306133640625 0.31157391875 0.2393786296875 0.37616276718749997 0.250708328125 0.3965080640625 0.14091713749999998
20 0.33272166875 0.13405245 0.2875889921875 0.1277844953125 0.26248633125 0.22846576718749997 0.3092540890625 0.23588262499999998 0.33272166875 0.13405245
19 0.2838102671875 0.1260986765625 0.2351005078125 0.1206387515625 0.2129237078125 0.21865463593749998 0.259292934375 0.2276695640625 0.2838102671875 0.1260986765625
19 0.2339033015625 0.1221378890625 0.18327808125 0.11535655781250001 0.1620973453125 0.2093771046875 0.209531084375 0.2186574765625 0.2339033015625 0.1221378890625
2 0.6415877578125 0.32981525 0.583223328125 0.316073071875 0.5552516609375 0.39651821875 0.6097381000000001 0.40925449687500004 0.6415877578125 0.32981525
3 0.5787820781249999 0.3152163375 0.525344259375 0.3033396671875 0.50369100625 0.3811165171875 0.5558493421875 0.3941210515625 0.5787820781249999 0.3152163375
3 0.525044475 0.3039386515625 0.471723028125 0.29166786093749997 0.45625735 0.3718361640625 0.5064859484374999 0.38351084375 0.525044475 0.3039386515625
14 0.47222662812499994 0.3003124015625 0.41591029687500003 0.288785678125 0.3991183265625 0.37880807656250004 0.46005978281250004 0.3973974234375 0.47222662812499994 0.3003124015625
14 0.41898680937500005 0.287038225 0.3592949 0.27551859218749997 0.33970805937500004 0.3631467140625 0.4004502921875 0.3825351078125 0.41898680937500005 0.287038225
14 0.3585942296875 0.2741012671875 0.30587289218749997 0.26304774062499997 0.2847547828125 0.34774785625 0.3418369390625 0.363677503125 0.3585942296875 0.2741012671875
13 0.30709664375 0.2538393625 0.25763656875 0.24338248281250002 0.2311335515625 0.3360760484375 0.2758407296875 0.3472228 0.30709664375 0.2538393625
13 0.25585868437500003 0.2495467203125 0.20368518125 0.23756948281249998 0.18469595156250002 0.3228003875 0.23219799062500002 0.33634144374999997 0.25585868437500003 0.2495467203125
13 0.20370096875 0.2376026421875 0.15412256562499999 0.22775832031249998 0.141650971875 0.30952188281250004 0.18469595156250002 0.3228003875 0.20370096875 0.2376026421875
0 0.45991156093749996 0.42341785937500004 0.40467537656249997 0.406401559375 0.39006915000000003 0.47405318750000003 0.4422957875 0.4913184046875 0.45991156093749996 0.42341785937500004
1 0.4027652953125 0.41447120625 0.3374838046875 0.394741190625 0.3248015453125 0.4501415875 0.389203934375 0.47298874687500003 0.4027652953125 0.41447120625
28 0.339786534375 0.38922611875 0.29496812499999997 0.3748048171875 0.28235425625 0.4344658859375 0.32353788125 0.45067523906250007 0.339786534375 0.38922611875
29 0.29087513125000003 0.38127234374999996 0.23463003124999998 0.367399396875 0.22567054843749998 0.416938146875 0.2791608578125 0.43366968124999994 0.29087513125000003 0.38127234374999996
4 0.2323005953125 0.3497032390625 0.18858520625 0.33894451718749996 0.1811626015625 0.40499231875 0.2210142625 0.4174746390625 0.2323005953125 0.3497032390625
5 0.1899683640625 0.35505315937500004 0.13576655937499998 0.33765759375000004 0.13292626875 0.3853270921875 0.1821587390625 0.4009970296875 0.1899683640625 0.35505315937500004
15 0.4316030796875 0.50860604375 0.3735786921875 0.49031120625 0.353986084375 0.56435824375 0.41399980000000003 0.5912035234374999 0.4316030796875 0.50860604375
23 0.37827672031250004 0.4900087796875 0.326207575 0.47171042031250005 0.3044860203125 0.5452265875 0.3569802734375 0.5659534328125 0.37827672031250004 0.4900087796875
42 0.1536984421875 0.4147622703125 0.13656200624999998 0.40828377031249996 0.121524671875 0.466447240625 0.13810179218750002 0.47299255625000003 0.1536984421875 0.4147622703125
41 0.17013169687500002 0.4213707828125 0.1525405453125 0.41508188125 0.1389214671875 0.4740009734375 0.155309840625 0.481303309375 0.17013169687500002 0.4213707828125
38 0.190188890625 0.4268738515625 0.1720161859375 0.42074176718749995 0.1570112125 0.4809234296875 0.1742812796875 0.48683746875 0.190188890625 0.4268738515625
39 0.20863145468750002 0.43348109218750003 0.19020033593750002 0.427285740625 0.17371505468749998 0.48910847031250004 0.190292165625 0.495653815625 0.20863145468750002 0.43348109218750003
34 0.2983223890625 0.465888521875 0.271131034375 0.4571127625 0.252440171875 0.5191896609375 0.281433909375 0.5296348359375 0.2983223890625 0.465888521875
33 0.2625313609375 0.45483384843749997 0.24454043906249998 0.44775304687500006 0.23280702031249997 0.5108467 0.25023635 0.5181932078125 0.2625313609375 0.45483384843749997
35 0.24442728906250002 0.44725269375 0.228009459375 0.44117614843749997 0.21319670937500002 0.5035020625 0.23049797187499999 0.5113622203125 0.24442728906250002 0.44725269375
37 0.2277144921875 0.44138166874999996 0.2096396671875 0.4346863984375 0.1947409328125 0.4958996328125 0.2137529203125 0.50418634375 0.2277144921875 0.44138166874999996
24 0.38278009218750003 0.59500264375 0.332134653125 0.5732719609375 0.3168681984375 0.6382128 0.362649640625 0.6586547984375 0.38278009218750003 0.59500264375
24 0.3308447390625 0.5759810671875 0.2891848828125 0.556313625 0.2759862421875 0.6203812156249999 0.3168681984375 0.6382128 0.3308447390625 0.5759810671875
6 0.155153515625 0.49660800937499994 0.111177490625 0.47998826718750004 0.10450838437500001 0.5401285031249999 0.1394569421875 0.5557863203125 0.155153515625 0.49660800937499994
27 0.4752020609375 0.8227807203124999 0.40145468281249996 0.784991884375 0.3904821578125 0.836420578125 0.465553521875 0.8766649140625 0.4752020609375 0.8227807203124999
27 0.46155831718749996 0.8775027874999999 0.38993725625 0.8348959078125 0.3776606984375 0.8915547937499999 0.4534399640625 0.9326700359375 0.46155831718749996 0.8775027874999999
25 0.3896669953125 0.8318176312500001 0.3231931734375 0.79464458125 0.3123837109375 0.8454195515625 0.380869615625 0.8861051109375 0.3896669953125 0.8318176312500001
25 0.32090983125 0.792119028125 0.2650512015625 0.7607045671875 0.2564725859375 0.8099524 0.31532244062500003 0.8447633953125001 0.32090983125 0.792119028125
25 0.26372435312500003 0.757040609375 0.2069092546875 0.7267644515625 0.19745965468749999 0.7757951796875 0.25630957187500003 0.8106062140624999 0.26372435312500003 0.757040609375
17 0.1538509921875 0.6966803484375 0.10853729375000001 0.6723776796875 0.10055479375000001 0.7155244671875 0.149223790625 0.7429361437499999 0.1538509921875 0.6966803484375
7 0.1086181265625 0.6229410953125 0.059630696875 0.5976864453124999 0.053064003125 0.6425750421875 0.10205900625 0.6686791921874999 0.1086181265625 0.6229410953125
7 0.1039520171875 0.6694912984375 0.0551318171875 0.641701796875 0.050469921875000004 0.6863709609375 0.09636320937500001 0.7137849562499999 0.1039520171875 0.6694912984375