19 0.880270278125 0.213177828125 0.795322403125 0.2024307640625 0.76932835 0.319870303125 0.8556345328124999 0.32521520000000004 0.880270278125 0.213177828125
19 0.7929101671875001 0.2028321265625 0.712989015625 0.1947087265625 0.690677140625 0.31253529375 0.7719769125 0.31828554531250003 0.7929101671875001 0.2028321265625
20 0.714274665625 0.19805855 0.63404728125 0.1901378828125 0.6141249906249999 0.2970368234375 0.6924856765625 0.307135996875 0.714274665625 0.19805855
18 0.634709315625 0.1873683296875 0.5520044203125 0.1796516875 0.54199820625 0.286661309375 0.61932518125 0.294788703125 0.634709315625 0.1873683296875
8 0.5577295515625 0.18160499531250002 0.47919974375 0.17572585624999998 0.4668355875 0.2815560828125 0.5502995281249999 0.290328496875 0.5577295515625 0.18160499531250002
9 0.4786481328125 0.1663105078125 0.390373478125 0.158937334375 0.3799798046875 0.269632490625 0.4671261125 0.2787919359375 0.4786481328125 0.1663105078125
10 0.3925808140625 0.15842825 0.32031401718749997 0.152505371875 0.30672246875 0.258206584375 0.3827251171875 0.267126334375 0.3925808140625 0.15842825
11 0.3218610546875 0.1521590875 0.25138539375 0.1471237890625 0.2395053515625 0.2483470828125 0.31040474218749997 0.2585936078125 0.3218610546875 0.1521590875
13 0.8324717328125001 0.3431527953125 0.7470097671875 0.3314979703125 0.7250199625 0.43445336875 0.8130062 0.4474273609375 0.8324717328125001 0.3431527953125
13 0.74240505625 0.329031275 0.667421690625 0.32126979375000003 0.6492109984375001 0.42369084375000005 0.73002646875 0.43404802499999995 0.74240505625 0.329031275
13 0.66647611875 0.3280335171875 0.5930990984375 0.3199791234375 0.5801853453125 0.41923063593750004 0.6511815765625 0.42855577343749995 0.66647611875 0.3280335171875
14 0.5936547046875 0.3122332 0.51409206875 0.30422263437499997 0.5045700640625 0.406625334375 0.580669553125 0.41462371249999996 0.5936547046875 0.3122332
14 0.51796773125 0.308933309375 0.445260190625 0.29791967812500003 0.43735294375 0.39676584843749996 0.5082523359375 0.40701235625 0.51796773125 0.308933309375
14 0.4495086203125 0.295919053125 0.3730365640625 0.28846555625 0.364095515625 0.3853399171875 0.4423594484375 0.3963605046875 0.4495086203125 0.295919053125
1 0.3704721625 0.3097238578125 0.311990253125 0.3025437046875 0.3069882484375 0.3737483359375 0.362868215625 0.385210921875 0.3704721625 0.3097238578125
2 0.2795586109375 0.30365980625 0.231821128125 0.2978438390625 0.2249453859375 0.36326215156249997 0.2703595828125 0.368035375 0.2795586109375 0.30365980625
0 0.40818893125000005 0.41524748906250003 0.3545080359375 0.406612128125 0.3524015546875 0.4660107765625 0.40438370625 0.47520056562499996 0.40818893125000005 0.41524748906250003
1 0.4898559359375 0.435468865625 0.4066629 0.4220305125 0.4028763046875 0.47380004218750005 0.483304440625 0.48784276875000004 0.4898559359375 0.435468865625
28 0.55307589375 0.4343549984375 0.49398103125 0.42561862968749997 0.483304440625 0.48784276875000004 0.544416784375 0.49675008906249996 0.55307589375 0.4343549984375
29 0.6469402921875 0.456634228125 0.5548140984375001 0.4450543171875 0.547560771875 0.49832262343749995 0.6378727375000001 0.512783125 0.6469402921875 0.456634228125
4 0.705286359375 0.45268052968749994 0.6450390015624999 0.44460067187499996 0.6371190359375001 0.512082875 0.69489370625 0.5212604468750001 0.705286359375 0.45268052968749994
5 0.797885621875 0.47715435156249997 0.7008978734375 0.46413460625 0.6933863031249999 0.5198599234375 0.79037355 0.5337799624999999 0.797885621875 0.47715435156249997
17 0.6678879281250001 0.7986604703125 0.5798564140625 0.7814025359375 0.570858409375 0.82765599375 0.6573162171875 0.8473007703125001 0.6678879281250001 0.7986604703125
17 0.64627464375 0.8468194078125 0.5624819796875 0.828638740625 0.55417311875 0.8762066953125001 0.637293315625 0.8961217546875 0.64627464375 0.8468194078125
17 0.674043025 0.7302562859374999 0.5902957859375 0.713564125 0.5851309125 0.7627046140625 0.6687675359374999 0.7777055984375 0.674043025 0.7302562859374999
31 0.5809898078125 0.7297862609375 0.49869254218750003 0.7113886984375 0.4903837390625 0.75895670625 0.5767124265625 0.779829978125 0.5809898078125 0.7297862609375
31 0.5725970859375 0.7801105921875 0.4868523890625 0.7610696765625 0.482441209375 0.8109104859375 0.5640539437500001 0.8294249921875 0.5725970859375 0.7801105921875
31 0.557364790625 0.8266126328125001 0.4769069984375 0.8084656718750001 0.47156940625 0.8513776109375 0.5490262734375 0.8700763515625001 0.557364790625 0.8266126328125001
25 0.49318377812499997 0.70891965 0.41115822968750004 0.6941149296875 0.40788811875000003 0.7409704374999999 0.48868259218750004 0.759398940625 0.49318377812499997 0.70891965
25 0.479755859375 0.757938903125 0.3995762546875 0.7413388890625 0.3968016671875 0.7913516640625 0.4752704109375 0.8082936593750001 0.479755859375 0.757938903125
25 0.47435199531250005 0.8093532296875001 0.3944113796875 0.790479403125 0.3912058328125 0.8367206390625 0.4680381140625 0.8534906343750001 0.47435199531250005 0.8093532296875001
25 0.40828595312499993 0.6899104109375 0.32777978281250003 0.6766569515625 0.3261462046875 0.7236843937499999 0.4032366703125 0.7379973484375 0.40828595312499993 0.6899104109375
25 0.3977662359375 0.740787040625 0.3218611484375 0.7250971609375 0.3162008796875 0.771080371875 0.396370709375 0.7875801250000001 0.3977662359375 0.740787040625
25 0.392765646875 0.7883644765625 0.3153825546875 0.7709943625 0.3126079625 0.8210071843750001 0.3894401875 0.837777128125 0.392765646875 0.7883644765625
25 0.318684815625 0.72549255 0.24162675781249998 0.7092116765625 0.23734476718750003 0.7578239531250001 0.3158135109375 0.7747659484375 0.318684815625 0.72549255
25 0.311637884375 0.7728549078125 0.2382275265625 0.7572957015624999 0.2361421421875 0.8086229796875 0.31405080625 0.8230219312499999 0.311637884375 0.7728549078125
27 0.233660290625 0.7569005828125001 0.163031828125 0.7406977171875 0.1582543171875 0.7861527015625 0.23263182031250002 0.8026646421875 0.233660290625 0.7569005828125001
18 0.2403292875 0.7032916593749999 0.1676367515625 0.6890141734374999 0.161588990625 0.7386829234375 0.2343943984375 0.7544086453125 0.2403292875 0.7032916593749999
24 0.386513528125 0.5821057359374999 0.3371186265625 0.572061309375 0.33236361406250003 0.6330447078125 0.380318953125 0.6411902281249999 0.386513528125 0.5821057359374999
24 0.4411195078125 0.594051896875 0.38645224375 0.5828358687499999 0.3808790359375 0.6437332484375 0.4327321265625 0.6541515609374999 0.4411195078125 0.594051896875
24 0.4962900671875 0.6006264125 0.440135603125 0.5915834281250001 0.431289221875 0.6521367828125 0.4847143375 0.6633413765625 0.4962900671875 0.6006264125
26 0.534741940625 0.6186332609375 0.4951116546875 0.6116456046875001 0.48749192968750005 0.660528103125 0.5279537265625 0.6691281078125 0.534741940625 0.6186332609375
30 0.5896152234375001 0.6181938328125 0.5367355500000001 0.6091889765625 0.5285138093749999 0.6716711296875 0.5828862453125 0.6817332015625001 0.5896152234375001 0.6181938328125
12 0.6488531281250001 0.6352819609375 0.5920344 0.6261798953125 0.5801731515624999 0.6839322218749999 0.637065 0.6936380390625 0.6488531281250001 0.6352819609375
16 0.702839209375 0.643283690625 0.6491844921875 0.633428678125 0.6363758609375 0.6923235203125 0.6930094640625 0.7044863703125 0.702839209375 0.643283690625
6 0.76390683125 0.652805578125 0.70273866875 0.6434047484375001 0.69193295625 0.706857403125 0.7519687921875 0.7181357546875 0.76390683125 0.652805578125
15 0.41759801875 0.49304608437499997 0.3536125609375 0.48597380625 0.3358087015625 0.5530382234375 0.4004959265625 0.5672896359374999 0.41759801875 0.49304608437499997
18 0.47244596093749996 0.5026901109375 0.41868715156249997 0.4965396875 0.4046518625 0.567105384375 0.46141465000000004 0.5780397265625 0.47244596093749996 0.5026901109375
42 0.7773056296874999 0.5641525796875 0.74416743125 0.558509625 0.73132940625 0.6287043375 0.7630484265625 0.6339012687500001 0.7773056296874999 0.5641525796875
41 0.74336263125 0.5563954109375 0.7121124 0.5517868703125 0.6993518484375 0.6212444765625 0.73107086875 0.6264414046875 0.74336263125 0.5563954109375
38 0.712005215625 0.553565125 0.68023843125 0.5480641625 0.668123784375 0.616099146875 0.698822153125 0.6215614359375 0.712005215625 0.553565125
39 0.678434153125 0.5481746125 0.649501325 0.5429704375 0.6372704671875 0.6121110796875 0.6664959265625 0.617418559375 0.678434153125 0.5481746125
37 0.6478842125 0.5435671453124999 0.61868678125 0.538613825 0.60615865 0.6058600968750001 0.6373866765625 0.6110054203125 0.6478842125 0.5435671453124999
35 0.6180449578125 0.5381033484375 0.5873812453125 0.53420559375 0.575460278125 0.6003978234375 0.6037425625 0.6052335375 0.6180449578125 0.5381033484375
37 0.5876553984374999 0.526064528125 0.5574576062500001 0.5213722421875 0.5464672328125 0.5928790546875 0.5743747359375 0.596557475 0.5876553984374999 0.526064528125
34 0.5580912984374999 0.5238882421875 0.5157643453125 0.5166174828125001 0.5066342500000001 0.5845935375 0.5451105375 0.5916185578125 0.5580912984374999 0.5238882421875
36 0.51393871875 0.5187821046875001 0.47652590781250004 0.5121207234375 0.46562563125 0.5780476 0.5026290453125 0.5849178125 0.51393871875 0.5187821046875001