11 0.24609375 0.06484375 0.1234375 0.1296875
10 0.35 0.0734375 0.1140625 0.1453125
9 0.4453125 0.09375 0.1140625 0.14375
8 0.53828125 0.11015625 0.1171875 0.14375
20 0.6627780249999999 0.196730340625 0.691109303125 0.0718470296875 0.61185511875 0.0527321265625 0.57866155 0.1834076 0.6627780249999999 0.196730340625
20 0.7560677453125 0.2152558515625 0.78865876875 0.087297346875 0.701777296875 0.0688493359375 0.6615589453124999 0.1965372578125 0.7560677453125 0.2152558515625
19 0.8140625 0.1609375 0.1046875 0.140625
19 0.903125 0.17265625 0.11875 0.1421875
13 0.8734375 0.32265625 0.0984375 0.1296875
13 0.7921875 0.30859375 0.1015625 0.1296875
13 0.70703125 0.296875 0.103125 0.1328125
14 0.6203125 0.28515625 0.1015625 0.1265625
14 0.528125 0.26796875 0.103125 0.128125
14 0.4421875 0.2546875 0.09375 0.1296875
2 0.2265625 0.2296875 0.08125 0.0984375
0 0.40546875 0.384375 0.071875 0.075
1 0.4921875 0.3984375 0.109375 0.0765625
28 0.58671875 0.40703125 0.0796875 0.0859375
29 0.66875 0.4265625 0.1125 0.0765625
4 0.746875 0.43046875 0.065625 0.08125
5 0.828125 0.45078125 0.1140625 0.0765625
15 0.39921875 0.47890625 0.0921875 0.0890625
23 0.4796875 0.49140625 0.0890625 0.0875
24 0.371875 0.58671875 0.078125 0.084375
24 0.43515625 0.59453125 0.075 0.08125
24 0.5046875 0.60390625 0.0765625 0.08125
26 0.553125 0.61484375 0.05 0.0640625
30 0.60625 0.61875 0.0703125 0.0765625
12 0.66953125 0.628125 0.0703125 0.078125
16 0.73125 0.63671875 0.06875 0.078125
6 0.79609375 0.64609375 0.0796875 0.0796875
27 0.25078125 0.803125 0.1078125 0.075
25 0.3546875 0.815625 0.103125 0.06875
25 0.359375 0.7625 0.10625 0.0734375
25 0.45078125 0.82734375 0.103125 0.06875
25 0.46171875 0.778125 0.103125 0.0734375
25 0.47265625 0.72109375 0.10625 0.075
31 0.54765625 0.8390625 0.1015625 0.06875
31 0.5546875 0.7875 0.1015625 0.065625
31 0.57109375 0.7359375 0.10625 0.06875
7 0.73984375 0.8625 0.1015625 0.06875
7 0.75234375 0.80859375 0.1 0.0703125
17 0.6453125 0.85234375 0.1015625 0.065625
17 0.66015625 0.8015625 0.1046875 0.071875
33 0.6417631796875 0.5510458468749999 0.6584421734375 0.4768151875 0.626138903125 0.4721675875 0.60953 0.5454718796875 0.6417631796875 0.5510458468749999
35 0.6752878609375 0.556355634375 0.692656909375 0.48176553593750004 0.659663584375 0.477477375 0.6447384546875 0.5519858171875 0.6752878609375 0.556355634375
37 0.7101040453125 0.56140124375 0.726044690625 0.48799110937499995 0.6933331125 0.48187263593749996 0.677653596875 0.5571990640625 0.7101040453125 0.56140124375
39 0.7435042265625 0.5663007 0.75891658125 0.491791303125 0.728532746875 0.48658836406250006 0.71201134375 0.5613127171875 0.7435042265625 0.5663007
38 0.7770892609375 0.5712294359375 0.7922077984375 0.498626559375 0.7613684203125 0.492960859375 0.74514878125 0.5657799484375 0.7770892609375 0.5712294359375
42 0.8449483390625 0.5800242 0.8631313125 0.5079066828125 0.8331703890625001 0.5031613390625 0.8119316062499999 0.5747948640625 0.8449483390625 0.5800242
41 0.8096456203125 0.57616265 0.8228969515625 0.50092036875 0.7922177265625 0.4974004953125 0.77922036875 0.571008953125 0.8096456203125 0.57616265