13 0.13887969218750001 0.196571240625 0.24203844062500002 0.21570112031250002 0.26443909374999996 0.06733696875 0.154520215625 0.051716145312499996 0.13887969218750001 0.196571240625
13 0.24187765468750003 0.21661297968749998 0.336849303125 0.232418834375 0.361841790625 0.0835714828125 0.25850737968750004 0.06629104687500001 0.24187765468750003 0.21661297968749998
14 0.33726090000000003 0.23719245781249998 0.43085623906250003 0.2536958421875 0.46231867656250003 0.0965872203125 0.3614395171875 0.0797397125 0.33726090000000003 0.23719245781249998
14 0.42720966875000005 0.253052853125 0.5308507703124999 0.26944715625 0.5587566625 0.1182928875 0.4570063125 0.0994113453125 0.42720966875000005 0.253052853125
14 0.5296352453125001 0.2692328265625 0.624928465625 0.2832149625 0.65203043125 0.1366199890625 0.5572755703125 0.1208523609375 0.5296352453125001 0.2692328265625
19 0.6211211078125001 0.2834838328125 0.7160927578125 0.2992896875 0.7355992765625 0.1673389984375 0.648159746875 0.15286126093750002 0.6211211078125001 0.2834838328125
19 0.7191669468749999 0.29607091093750004 0.822486478125 0.31428893125 0.853807396875 0.17219871250000002 0.7460480078125 0.1522576140625 0.7191669468749999 0.29607091093750004
20 0.8158364765625 0.30935551875 0.9147762671875 0.32398064375 0.9540527390625 0.19363550937500001 0.8504470578125 0.17160619375 0.8158364765625 0.30935551875
8 0.14322056249999998 0.3496506453125 0.241678 0.3670113484375 0.25820035625000004 0.244876778125 0.15711949375 0.22893391406250002 0.14322056249999998 0.3496506453125
9 0.23908616562499999 0.367494546875 0.33178755312499997 0.38195988281250004 0.3479175796875 0.2691582328125 0.2543139859375 0.2535936046875 0.23908616562499999 0.367494546875
10 0.3314659828125 0.3837836 0.4252221078125 0.39937512656249996 0.44378318125 0.2870021359375 0.345339103125 0.2705839984375 0.3314659828125 0.3837836
11 0.424328153125 0.39733707812499997 0.50682299375 0.412823353125 0.5252232828125 0.3013622234375 0.44260406718749995 0.2877344359375 0.424328153125 0.39733707812499997
3 0.5054466859375 0.413520884375 0.5698694515625 0.42488035625 0.577368559375 0.33970334687500003 0.5187575578125 0.332189275 0.5054466859375 0.413520884375
3 0.5689754984375 0.4228423078125 0.6320219546875 0.43489930781249997 0.64681420625 0.351008278125 0.5824621390625 0.34060148125 0.5689754984375 0.4228423078125
2 0.632182740625 0.43398744999999994 0.6908494578125 0.44245155625 0.7001364734375 0.3613506421875 0.6444685546875 0.3515348859375 0.632182740625 0.43398744999999994
0 0.5875333984375 0.514389821875 0.6562344343750001 0.527548346875 0.6730703890624999 0.46365761406250006 0.6029263578124999 0.45233400625 0.5875333984375 0.514389821875
1 0.485882440625 0.4985553703125 0.58888398125 0.5146279671875 0.5994243531250001 0.454850540625 0.49296732343749994 0.43607929375000004 0.485882440625 0.4985553703125
28 0.41565217031249996 0.48617187968750003 0.484710509375 0.49730405 0.497494715625 0.432698884375 0.42713041250000006 0.422381115625 0.41565217031249996 0.48617187968750003
29 0.3145371625 0.46729789843749997 0.417181403125 0.48539684687499995 0.4262711640625 0.41805089687499997 0.3248191421875 0.40225152187499996 0.3145371625 0.46729789843749997
4 0.24800134062499998 0.45765519218749995 0.3158877453125 0.4675360421875 0.3257921375 0.40346776718750005 0.2582676296875 0.3926060515625 0.24800134062499998 0.45765519218749995
5 0.1409480515625 0.44086816406249996 0.245121525 0.4581920796875 0.2590776640625 0.3948382359375 0.1483085953125 0.3763513375 0.1409480515625 0.44086816406249996
15 0.55651191875 0.6221181765625 0.6365040515625 0.6355513703125 0.653400275 0.5498822734375 0.5734685234375 0.5371313062499999 0.55651191875 0.6221181765625
23 0.4818440234375 0.6089522125 0.5592314593750001 0.6219261281249999 0.5743912203125 0.5359508453124999 0.4979144890625 0.5238090921875 0.4818440234375 0.6089522125
36 0.4349595296875 0.6006852109375 0.4808609453125 0.609450446875 0.49354462187500003 0.5324406640625 0.4442004046875 0.5237399484374999 0.4349595296875 0.6006852109375
34 0.386223728125 0.592763353125 0.43125691093749996 0.601375496875 0.444923665625 0.523867478125 0.394699484375 0.5150116 0.386223728125 0.592763353125
33 0.3480215484375 0.5860272765625 0.382750803125 0.59215098125 0.39554932656249997 0.5144898718750001 0.359962 0.50888644375 0.3480215484375 0.5860272765625
35 0.31502875625 0.5802097578125001 0.3471533171875 0.5858741843749999 0.36047553125 0.5103201515625 0.32673169375 0.5043702015625 0.31502875625 0.5802097578125001
39 0.245570246875 0.5679623484375 0.2806440421875 0.5721320703125 0.29309802500000004 0.49642494375 0.254242359375 0.48890206249999996 0.245570246875 0.5679623484375
38 0.20962822343749998 0.5636395359375 0.2434892453125 0.569610146875 0.2530445359375 0.4900340109375 0.217538303125 0.4837733046875 0.20962822343749998 0.5636395359375
41 0.173047659375 0.5578609734375 0.2077769140625 0.563984678125 0.2185449765625 0.48260765 0.1829156625 0.4769968203125 0.173047659375 0.5578609734375
42 0.1375650203125 0.5509328484375 0.173047659375 0.5578609734375 0.18283264375 0.4769821828125 0.148063328125 0.471522990625 0.1375650203125 0.5509328484375
24 0.5504433171875001 0.7123827875 0.6123174359375 0.72194970625 0.631960725 0.65624076875 0.5625644484375 0.6446759109375 0.5504433171875001 0.7123827875
24 0.49314004687499996 0.7022786734375 0.5513115484375 0.7125358796875 0.5652217578125 0.6438013109375 0.503510721875 0.6342631453124999 0.49314004687499996 0.7022786734375
24 0.4296443109375 0.6917542421875 0.4932548921875 0.701627346875 0.5032327921874999 0.63488571875 0.4415071421875 0.6253449765625 0.4296443109375 0.6917542421875
26 0.389475975 0.6860146375 0.4312659265625 0.6927117546875 0.43860235156250005 0.6409506656249999 0.40053958593749994 0.6342391734375 0.389475975 0.6860146375
30 0.330959934375 0.6777114156249999 0.3910975921875 0.68697215 0.40050125625 0.6234871609375 0.3396199625 0.6140953015624999 0.330959934375 0.6777114156249999
12 0.2647446578125 0.6673790328125 0.32933831874999997 0.6767539015625 0.34029929375 0.6095140390625 0.276913128125 0.5990089249999999 0.2647446578125 0.6673790328125
16 0.1997421546875 0.655245759375 0.26595742968749997 0.665578140625 0.2748374046875 0.5999860765625 0.2115506484375 0.5888269140625 0.1997421546875 0.655245759375
18 0.1347396484375 0.6431124859375 0.201708309375 0.6542492875 0.2122099 0.5896147359375 0.1398794125 0.578875653125 0.1347396484375 0.6431124859375
7 0.0985859625 0.8227648453124999 0.1965169546875 0.8360032500000001 0.200150759375 0.7849324484375 0.1024110484375 0.7710561921875 0.0985859625 0.8227648453124999
17 0.1952859109375 0.782059909375 0.2910210546875 0.7975974406249999 0.301012715625 0.7409319140624999 0.20491643593750003 0.7280170187499999 0.1952859109375 0.782059909375
17 0.1946656453125 0.8363483921875 0.2886000203125 0.8468673515624999 0.2961155953125 0.7991673234375 0.20025024375 0.7849499890625 0.1946656453125 0.8363483921875
31 0.2927575171875 0.797903625 0.386985890625 0.811832315625 0.39519054531250003 0.7602243203125 0.3005593703125 0.7442098703125 0.2927575171875 0.797903625
31 0.2870427078125 0.8506222265625001 0.38173046718750003 0.8619456046874999 0.389590584375 0.81229159375 0.2971061578125 0.7993419859374999 0.2870427078125 0.8506222265625001
25 0.38005830937499996 0.8663518078125 0.4725502203125 0.8799743125000001 0.4841129546875 0.8296300171875 0.39251939999999996 0.8168374937499999 0.38005830937499996 0.8663518078125
25 0.474810375 0.8823875749999999 0.5697921312500001 0.897120684375 0.5804866359374999 0.846623296875 0.48427953593749995 0.8296593906249999 0.474810375 0.8823875749999999
25 0.567825975 0.8981171578125 0.6631522734375 0.9108962843749999 0.6747150078125 0.8605519875000001 0.5825277843750001 0.846311628125 0.567825975 0.8981171578125
27 0.6625137343749999 0.9094405359375 0.7544314109375 0.9263196812500001 0.7695819187499999 0.8759364265625 0.67515635625 0.8592866515625 0.6625137343749999 0.9094405359375