9 0.8671875 0.28125 0.128125 0.1515625
13 0.7625 0.2734375 0.1375 0.1671875
14 0.64921875 0.26796875 0.125 0.15625
19 0.55 0.25859375 0.1125 0.1578125
18 0.840647109375 0.5654994531249999 0.717631840625 0.5523405296874999 0.713563984375 0.6105135875000001 0.8317525421875 0.6244421734375 0.840647109375 0.5654994531249999
29 0.71517680625 0.5479374828125 0.6032102609375001 0.5368531234375 0.5986724046874999 0.6017475125 0.7066248796875 0.6143904390625 0.71517680625 0.5479374828125
7 0.6036157359375001 0.5362304906250001 0.5010769328125 0.5258053859375 0.49420861718750003 0.5880980765625 0.596994815625 0.599889065625 0.6036157359375001 0.5362304906250001
31 0.5890368765625 0.6454376859375001 0.4926109890625 0.6344635578125 0.4860046109375 0.6961149546875001 0.584188378125 0.7085692140625001 0.5890368765625 0.6454376859375001
24 0.621875 0.68046875 0.0796875 0.0859375
23 0.750748859375 0.641122165625 0.656474796875 0.6312749765625 0.6499106890624999 0.7251460921875 0.7326595203124999 0.7384807328125 0.750748859375 0.641122165625
15 0.730932378125 0.738359959375 0.8219049843749999 0.7528586328125 0.8456981484374999 0.6545969578124999 0.7536354656250001 0.64327695625 0.730932378125 0.738359959375
25 0.6921617421875 0.8618566031249999 0.8060295328124999 0.8827800124999999 0.8126162421875 0.81471329375 0.6982308296874999 0.795750315625 0.6921617421875 0.8618566031249999
25 0.693922290625 0.8570721921875 0.6862124953125 0.9232870734375 0.79997059375 0.9463622546874999 0.8083918796875 0.8784600015624999 0.693922290625 0.8570721921875
25 0.5771065078125 0.8967708 0.6811848734375 0.9191618437500001 0.6870518125 0.8577726421874999 0.580827446875 0.8385358953125 0.5771065078125 0.8967708
25 0.59089921875 0.777047084375 0.584737653125 0.8382830468750001 0.692713559375 0.8593494312500001 0.6999535781249999 0.7933327078125 0.59089921875 0.777047084375
27 0.47680681406250003 0.7525733984375 0.47146962812500004 0.8150170156250001 0.5671607062499999 0.83368073125 0.5734676640624999 0.7735031625000001 0.47680681406250003 0.7525733984375
27 0.46591065625 0.8108437343749999 0.4612618390625 0.8709637390625 0.5602484921875 0.8875061265624999 0.56501805 0.834306340625 0.46591065625 0.8108437343749999
40 0.52421875 0.4265625 0.0421875 0.0921875
41 0.56328125 0.43046875 0.046875 0.090625
43 0.6233345875 0.39048344375 0.5865369968749999 0.3872791265625 0.576518421875 0.477017003125 0.6170852109375 0.47985370937500005 0.6233345875 0.39048344375
44 0.6390625 0.43671875 0.046875 0.09375
45 0.67890625 0.43984375 0.046875 0.0953125
45 0.7444554703125 0.3979891859375 0.7023190890625 0.3950427234375 0.6937222359375 0.48852300625 0.7346315953125 0.491496790625 0.7444554703125 0.3979891859375
33 0.78766253125 0.4012843390625 0.7444554703125 0.3979891859375 0.73346564375 0.492510540625 0.7756384546875 0.49527757968749997 0.78766253125 0.4012843390625
37 0.833068109375 0.40445940625 0.7895549625 0.40032138437500003 0.7761975078125001 0.4951113875 0.8191342203125 0.4993225359375 0.833068109375 0.40445940625
18 0.8735322218749999 0.4050983640625 0.8332692234374999 0.40146143749999996 0.8188475453124999 0.4997360640625 0.8619669078125 0.5027512640625 0.8735322218749999 0.4050983640625