11 0.0953125 0.2109375 0.10625 0.1375
10 0.1828125 0.20625 0.0921875 0.134375
9 0.27109375 0.2015625 0.096875 0.134375
8 0.35703125 0.2 0.09375 0.1328125
20 0.4421875 0.2 0.0875 0.125
20 0.52890625 0.190625 0.0921875 0.1359375
19 0.62734375 0.18046875 0.1109375 0.1421875
21 0.7265625 0.17578125 0.0984375 0.1390625
3 0.209375 0.371875 0.06875 0.090625
3 0.13984375 0.3765625 0.0765625 0.090625
2 0.078125 0.37578125 0.0734375 0.0859375
14 0.2875 0.35546875 0.0984375 0.1171875
14 0.37578125 0.3515625 0.0875 0.11875
14 0.4609375 0.34609375 0.0921875 0.121875
13 0.54765625 0.33828125 0.090625 0.128125
13 0.63203125 0.33359375 0.0875 0.1234375
13 0.72265625 0.3265625 0.1 0.134375
0 0.284375 0.478125 0.0734375 0.08125
1 0.37734375 0.4796875 0.1109375 0.0703125
28 0.46328125 0.4703125 0.065625 0.0765625
29 0.54921875 0.47109375 0.103125 0.0671875
4 0.6390625 0.46171875 0.0671875 0.0796875
5 0.72578125 0.46015625 0.10625 0.06875
15 0.309375 0.57109375 0.08125 0.0796875
23 0.38671875 0.56640625 0.0796875 0.0796875
24 0.29921875 0.68125 0.06875 0.08125
24 0.3609375 0.675 0.0609375 0.08125
24 0.425 0.6734375 0.0671875 0.0796875
26 0.47734375 0.675 0.040625 0.065625
30 0.5265625 0.66484375 0.065625 0.08125
12 0.59140625 0.6578125 0.0640625 0.0765625
16 0.659375 0.66171875 0.065625 0.078125
6 0.72734375 0.65234375 0.0703125 0.0796875
27 0.1453125 0.86953125 0.1046875 0.0625
27 0.153125 0.925 0.1015625 0.0625
25 0.25234375 0.9203125 0.1046875 0.0609375
25 0.24296875 0.865625 0.1078125 0.0609375
25 0.3484375 0.7953125 0.10625 0.0640625
25 0.3484375 0.853125 0.1015625 0.0640625
25 0.35078125 0.91015625 0.1 0.0578125
25 0.44921875 0.9109375 0.1015625 0.0625
25 0.446875 0.85 0.103125 0.0671875
31 0.55078125 0.90546875 0.1 0.0609375
31 0.54765625 0.846875 0.1015625 0.065625
17 0.65 0.89140625 0.0953125 0.0609375
17 0.64765625 0.8375 0.1 0.059375
17 0.6484375 0.7828125 0.1046875 0.0640625
7 0.75703125 0.88671875 0.1 0.059375
7 0.7515625 0.83515625 0.1046875 0.0609375
7 0.75078125 0.78046875 0.10625 0.0609375
42 0.759375 0.546875 0.034375 0.0796875
41 0.725 0.54921875 0.0359375 0.0796875
39 0.6515625 0.55234375 0.0359375 0.08125
38 0.68828125 0.55078125 0.0375 0.0796875
37 0.61796875 0.55546875 0.0359375 0.0796875
33 0.5453125 0.5578125 0.0359375 0.0796875
35 0.58203125 0.55703125 0.0359375 0.08125
34 0.5 0.5578125 0.0515625 0.08125
36 0.4515625 0.5609375 0.0484375 0.078125