21 0.8078125 0.08359375 0.134375 0.1671875
21 0.70234375 0.1046875 0.125 0.1546875
8 0.38203125 0.15859375 0.125 0.16875
10 0.27578125 0.18046875 0.1359375 0.1625
9 0.17734375 0.19609375 0.121875 0.159375
11 0.071875 0.20546875 0.14375 0.1796875
35 0.334375 0.340625 0.1140625 0.140625
35 0.4328125 0.32578125 0.1203125 0.14375
35 0.52734375 0.30625 0.115625 0.1453125
13 0.62734375 0.2890625 0.1265625 0.146875
13 0.7265625 0.26875 0.1203125 0.1515625
13 0.8265625 0.25234375 0.11875 0.15625
2 0.2578125 0.375 0.09375 0.09375
2 0.18515625 0.38125 0.0859375 0.1046875
2 0.1125 0.39453125 0.0875 0.1078125
0 0.32421875 0.496875 0.0828125 0.09375
1 0.41484375 0.4890625 0.125 0.0921875
28 0.51015625 0.46171875 0.084375 0.1015625
29 0.60390625 0.45546875 0.1265625 0.090625
4 0.69765625 0.43046875 0.090625 0.103125
5 0.79921875 0.42265625 0.1296875 0.090625
15 0.353125 0.6015625 0.0921875 0.096875
23 0.4328125 0.5921875 0.0984375 0.1078125
24 0.3671875 0.71484375 0.08125 0.0875
24 0.4359375 0.7 0.0828125 0.0875
24 0.50625 0.69140625 0.0796875 0.0875
36 0.5015625 0.57890625 0.0640625 0.090625
34 0.55390625 0.5703125 0.0625 0.0890625
33 0.60078125 0.56484375 0.05 0.0890625
26 0.56328125 0.68671875 0.05625 0.075
26 0.603125 0.675 0.0546875 0.075
12 0.66484375 0.66953125 0.0765625 0.084375
16 0.753125 0.65390625 0.084375 0.0921875
6 0.83515625 0.6421875 0.0875 0.0921875
35 0.64453125 0.55390625 0.053125 0.0921875
37 0.6859375 0.5484375 0.05 0.0921875
39 0.748693740625 0.583076909375 0.7389527734375 0.4982168515625 0.7012397531250001 0.5056501812499999 0.7116545624999999 0.5892161625 0.748693740625 0.583076909375
38 0.7873193203125 0.5770496859375001 0.7802741640625 0.4956318234375 0.742809359375 0.5014543703125 0.7488947234375 0.584216734375 0.7873193203125 0.5770496859375001
41 0.826011890625 0.5714024046875 0.817082878125 0.4852239140625 0.77810719375 0.49131287031250004 0.78701383125 0.5782788140624999 0.826011890625 0.5714024046875
42 0.86534491875 0.5664257015625 0.8581738046874999 0.4783702296875 0.8199154140625 0.48550796875 0.8268533296875 0.5732128078125001 0.86534491875 0.5664257015625
27 0.23046875 0.94609375 0.1109375 0.0734375
27 0.2265625 0.8828125 0.1125 0.078125
25 0.4359375 0.91484375 0.109375 0.0734375
25 0.41953125 0.859375 0.115625 0.075
25 0.5265625 0.84296875 0.115625 0.078125
25 0.53828125 0.89765625 0.1078125 0.0703125
31 0.640625 0.8828125 0.1109375 0.0796875
31 0.634375 0.825 0.1140625 0.078125
17 0.74375 0.8671875 0.1140625 0.078125
17 0.7359375 0.80234375 0.1125 0.0765625
7 0.8359375 0.77578125 0.115625 0.071875