11 0.30546875 0.21328125 0.0703125 0.096875
10 0.3546875 0.221875 0.065625 0.096875
9 0.39921875 0.23359375 0.0765625 0.1046875
8 0.45390625 0.24453125 0.065625 0.1
20 0.51015625 0.2515625 0.075 0.10625
20 0.575 0.2609375 0.090625 0.1203125
19 0.6453125 0.2765625 0.0953125 0.1234375
19 0.72265625 0.29296875 0.1046875 0.1265625
13 0.6640625 0.4046875 0.0984375 0.1203125
13 0.59921875 0.38828125 0.075 0.1109375
13 0.54609375 0.37578125 0.0734375 0.1078125
14 0.48359375 0.36015625 0.0828125 0.1046875
14 0.4234375 0.34609375 0.075 0.1
14 0.36796875 0.33125 0.06875 0.0953125
3 0.30859375 0.32734375 0.0484375 0.065625
2 0.2734375 0.3171875 0.046875 0.0625
5 0.655937565625 0.54915876875 0.6750708249999999 0.4958281484375 0.6000770640625 0.47120461562499993 0.58139666875 0.5217158453125 0.655937565625 0.54915876875
4 0.5815206703125 0.5253994015625 0.602452590625 0.46005727656250006 0.5533137984375001 0.44578875 0.53192148125 0.508100640625 0.5815206703125 0.5253994015625
29 0.53393191875 0.5078338 0.5479589734375 0.45551727968750005 0.48247222812499996 0.43601255781250003 0.47017188125000003 0.48434180624999995 0.53393191875 0.5078338
28 0.4676807796875 0.4866906328125 0.480374503125 0.4274874140625 0.44090448593750003 0.41764405781249997 0.42701223125 0.47291564375000006 0.4676807796875 0.4866906328125
1 0.42793733906250003 0.473129221875 0.44007795625 0.4247630953125 0.37935219375 0.4056265484375 0.3692472875 0.4530006828125 0.42793733906250003 0.473129221875
0 0.36430130156249996 0.45332078593749997 0.3792896859375 0.3968402875 0.34241108750000004 0.3883261921875 0.32994829062500003 0.44173483750000003 0.36430130156249996 0.45332078593749997
23 0.396699634375 0.5468284234375 0.4170326390625 0.48619080937500003 0.3754666140625 0.471249203125 0.353032578125 0.5302139046875001 0.396699634375 0.5468284234375
15 0.3519198171875 0.528175225 0.36954847343749997 0.4758221515625 0.33045781875 0.46382773281249995 0.3080218328125 0.5091316859374999 0.3519198171875 0.528175225
24 0.3299239015625 0.5925864078124999 0.348144596875 0.5445275015625 0.3114676140625 0.5289328390625 0.295797375 0.5757987890625 0.3299239015625 0.5925864078124999
24 0.362547128125 0.6090269640625 0.3830522046875 0.557931890625 0.351386215625 0.5446819609375 0.3296635421875 0.5937141515625 0.362547128125 0.6090269640625
24 0.39693401562499997 0.624686840625 0.42106716562499996 0.5750233 0.386302375 0.5580883265625001 0.36192565625 0.608289559375 0.39693401562499997 0.624686840625
12 0.5035925703124999 0.6736618734375 0.52088954375 0.615886890625 0.47520395000000004 0.601775984375 0.460706596875 0.6536641234375 0.5035925703124999 0.6736618734375
16 0.5466087234375 0.69309575 0.568054490625 0.6344968140625 0.52342191875 0.615877609375 0.5032020296875 0.6753534875 0.5466087234375 0.69309575
6 0.5991359765625 0.7159132890625 0.6217239328125 0.655796271875 0.5706993765624999 0.6374831390625 0.5486033156250001 0.6947440890625 0.5991359765625 0.7159132890625
27 0.1954442109375 0.705269415625 0.2067110140625 0.6633261125 0.160524209375 0.640784528125 0.149350134375 0.67859175625 0.1954442109375 0.705269415625
25 0.20899539374999998 0.660289946875 0.25169233125 0.687965090625 0.2649537234375 0.647670128125 0.2205432296875 0.6243507859374999 0.20899539374999998 0.660289946875
25 0.1969769421875 0.70205971875 0.242810659375 0.7298651171875 0.25793646406250004 0.6917823656250001 0.21117027031250002 0.6649495375 0.1969769421875 0.70205971875
25 0.3023970625 0.7186768328124999 0.3163093546875 0.6755625109375 0.2637719328125 0.6497729921875 0.2507810703125 0.6919121921875 0.3023970625 0.7186768328124999
25 0.29315428125 0.7587117125 0.3040305421875 0.7184600234375 0.25512155000000003 0.6941021218750001 0.2425503 0.7309928609375 0.29315428125 0.7587117125
25 0.3537232625 0.7501259765625 0.3694286484375 0.702674215625 0.31464910156250003 0.6763670640624999 0.30099451093749996 0.7213226578125 0.3537232625 0.7501259765625
25 0.3413437 0.7900306015624999 0.354214553125 0.7514272515625 0.3037432328125 0.7201754734375 0.29152079999999997 0.75892851875 0.3413437 0.7900306015624999
25 0.31781265625 0.675909575 0.3283278078125 0.633792740625 0.274879659375 0.611950446875 0.2686825453125 0.6520945499999999 0.31781265625 0.675909575
31 0.3981623875 0.8251234890625 0.41272558125 0.7791898109375001 0.35547316093750003 0.749936046875 0.341834990625 0.791331875 0.3981623875 0.8251234890625
31 0.41925950624999997 0.77832258125 0.43369251875000003 0.732952775 0.3761820546875 0.7048272890625 0.3611390171875 0.7488684078125 0.41925950624999997 0.77832258125
17 0.4616157484375 0.8623420390625001 0.47820296406249996 0.8144999390625 0.41586374531250003 0.7799143140625 0.4011689890625 0.8258176171875 0.4616157484375 0.8623420390625001
17 0.4824230765625 0.8202256374999999 0.49283747812499995 0.7751159125 0.42886567031249995 0.7407472984375 0.41531221250000006 0.7851323156250001 0.4824230765625 0.8202256374999999
17 0.49325744687500006 0.7698675359375 0.5040623875 0.723066196875 0.44306846406249994 0.6929486375 0.43565768125000004 0.7381578765625 0.49325744687500006 0.7698675359375
7 0.5341896671875 0.904635865625 0.5502855921875 0.8554924906249999 0.4819500953125 0.819522515625 0.46602490156250004 0.86039034375 0.5341896671875 0.904635865625
7 0.557151196875 0.8600471703125001 0.5684768578125 0.81099034375 0.49438887343750004 0.77250445 0.48281361718750004 0.8185340218749999 0.557151196875 0.8600471703125001
7 0.56145164375 0.8105562984375 0.5724456234375 0.7560775625 0.5035892296875 0.7223630328125 0.4922454375 0.770821746875 0.56145164375 0.8105562984375
42 0.6306126875 0.63706099375 0.651437884375 0.5715480312500001 0.6271564640625 0.562141096875 0.6057973484375 0.6265805125 0.6306126875 0.63706099375
41 0.6032334671874999 0.6248007421875 0.6245882921875 0.5620233296875 0.5998428031249999 0.5531427765625 0.579460628125 0.61574879375 0.6032334671874999 0.6248007421875
38 0.5779573265625 0.6154017296875 0.598136378125 0.5531447671875 0.574146053125 0.5432507078125 0.5537701734375 0.605858178125 0.5779573265625 0.6154017296875
37 0.5260753203124999 0.5955048109375001 0.5486534671875 0.5365733796875001 0.5276584578125 0.52737084375 0.5047211953125 0.5874072171875 0.5260753203124999 0.5955048109375001
35 0.5042961703125 0.58800200625 0.5231258734375 0.527017328125 0.5009864015625001 0.5186394328125 0.48221699687499997 0.5790441093750001 0.5042961703125 0.58800200625
33 0.4739872796875 0.5118122703125 0.46039818437499996 0.56895846875 0.480908965625 0.5778512359375 0.4967211625 0.518248653125 0.4739872796875 0.5118122703125
34 0.45876470312500006 0.569175275 0.4747032703125 0.5087109765625 0.44508412656249996 0.5000910796875 0.42954485 0.558568821875 0.45876470312500006 0.569175275
36 0.42755025937499996 0.5569204828125 0.44528814843750003 0.4989503296875 0.41629815 0.48928783124999997 0.3995880625 0.5460104546875 0.42755025937499996 0.5569204828125