9 0.87578125 0.2203125 0.128125 0.165625
13 0.759375 0.22109375 0.1265625 0.175
14 0.64765625 0.2296875 0.121875 0.171875
19 0.53359375 0.240625 0.1203125 0.1671875
7 0.60546875 0.565625 0.128125 0.08125
29 0.73046875 0.5671875 0.1265625 0.0765625
5 0.8578125 0.56015625 0.1296875 0.0765625
31 0.59140625 0.68671875 0.1171875 0.0734375
24 0.68671875 0.68046875 0.08125 0.090625
23 0.7765625 0.67421875 0.096875 0.1
14 0.8703125 0.66953125 0.1 0.09375
25 0.715625 0.79453125 0.1171875 0.0703125
25 0.71640625 0.8609375 0.1125 0.06875
27 0.5392266796875 0.7714395515625 0.544901934375 0.8325293046875 0.6575001609375 0.8355727406250001 0.653350846875 0.7733901953125 0.5392266796875 0.7714395515625
27 0.5480026296875 0.8339551859375 0.5528083734375 0.8890009546875 0.6620836859375 0.891309521875 0.658799909375 0.8350326984375 0.5480026296875 0.8339551859375
32 0.8848232765624999 0.354550946875 0.877044478125 0.4625210578125 0.9242979874999999 0.461283559375 0.9320767875 0.353313453125 0.8848232765624999 0.354550946875
37 0.8419065437500001 0.3539864421875 0.8287067921875 0.46420904687500003 0.8753822109374999 0.4621664640625 0.8853294093749999 0.35329536093749997 0.8419065437500001 0.3539864421875
33 0.7952743015625 0.3572654296875 0.783528065625 0.4630699515625 0.8302827078125 0.46209081875 0.8414580031250001 0.35689057343749997 0.7952743015625 0.3572654296875
35 0.7344036375 0.36227954375000004 0.740741884375 0.466420465625 0.78473464375 0.46491930625 0.7837679546875 0.35849251249999997 0.7344036375 0.36227954375000004
45 0.689997340625 0.366306071875 0.6946486859375 0.46957706562499996 0.738088009375 0.46778615625000003 0.735559796875 0.3638897203125 0.689997340625 0.366306071875
44 0.6449266234375 0.3670547 0.6458213265625 0.4714208203125 0.6941878203125 0.4705570953125 0.6910671484375001 0.3654434375 0.6449266234375 0.3670547
43 0.60151815 0.3681579203125 0.60151953125 0.47251980937500004 0.6469487265625 0.472206721875 0.64599640625 0.3661920703125 0.60151815 0.3681579203125
40 0.5527031421874999 0.37192576875 0.558754934375 0.47648836406250006 0.603019728125 0.4741533984375 0.60047715 0.36984482343749997 0.5527031421874999 0.37192576875
41 0.506634575 0.3755977046875 0.51627286875 0.4767342796875 0.5607386562500001 0.4760425265625 0.552760709375 0.3735743078125 0.506634575 0.3755977046875