13 0.9203125 0.27734375 0.1578125 0.1296875
13 0.77890625 0.259375 0.15 0.13125
14 0.6421875 0.246875 0.140625 0.13125
14 0.51328125 0.2390625 0.1359375 0.11875
21 0.36640625 0.2203125 0.125 0.1203125
19 0.24296875 0.209375 0.13125 0.121875
22 0.10390625 0.1859375 0.140625 0.134375
23 0.8953125 0.4015625 0.1375 0.1046875
15 0.76328125 0.3859375 0.1296875 0.0984375
8 0.6328125 0.36796875 0.13125 0.1078125
9 0.49375 0.35078125 0.140625 0.1171875
3 0.159375 0.32109375 0.096875 0.08125
2 0.07890625 0.3125 0.0875 0.08125
18 0.3125 0.3390625 0.2234375 0.0984375
5 0.8546875 0.503125 0.1625 0.078125
29 0.59609375 0.47265625 0.15 0.075
28 0.46875 0.4515625 0.1046875 0.0765625
1 0.33984375 0.4390625 0.1484375 0.0734375
12 0.85859375 0.60078125 0.1 0.084375
6 0.83984375 0.690625 0.1046875 0.078125
16 0.74296875 0.67734375 0.0984375 0.075
30 0.65078125 0.66171875 0.096875 0.0734375
26 0.57421875 0.6515625 0.0640625 0.0609375
24 0.49140625 0.6390625 0.096875 0.0703125
24 0.4 0.625 0.0953125 0.0703125
24 0.31015625 0.6125 0.0890625 0.06875
17 0.6453125 0.821875 0.1578125 0.0734375
17 0.64375 0.875 0.1515625 0.0703125
7 0.86248078125 0.812847078125 0.8698443734374999 0.7616197140625001 0.7237495968750001 0.7387427578125 0.7173773437500001 0.7906405953125 0.86248078125 0.812847078125
7 0.861940234375 0.8852160546875 0.8730291578125 0.8327998453125 0.7223000875000001 0.808805115625 0.713711646875 0.8593333359375 0.861940234375 0.8852160546875
7 0.860398621875 0.9366095156249999 0.8700483984374999 0.8862116125 0.7181440234375 0.862072575 0.7132117515624999 0.9119522078125 0.860398621875 0.9366095156249999
31 0.56789838125 0.8331984296874999 0.5655302546875001 0.7829711703125 0.4290344421875 0.7601753125 0.42990815156249995 0.8113165859375 0.56789838125 0.8331984296874999
31 0.56635676875 0.8845918890625001 0.571237384375 0.8336084078124999 0.4357805078125 0.8120376203124999 0.42947463125 0.8633948546875001 0.56635676875 0.8845918890625001
25 0.42665024687499997 0.8087215546875001 0.42783905781250003 0.7583822796875 0.29600760937500004 0.7367078874999999 0.293225146875 0.78849774375 0.42665024687499997 0.8087215546875001
25 0.42497588124999996 0.8611962203125 0.43334705781249994 0.810641325 0.29916388125000004 0.788678175 0.29285800625 0.8400354125 0.42497588124999996 0.8611962203125
25 0.2896353546875 0.788605725 0.293340221875 0.7369291265625 0.160299940625 0.7156550609375001 0.15516853749999998 0.767156503125 0.2896353546875 0.788605725
25 0.2909073296875 0.8365033828125 0.2927753390625 0.790088771875 0.166846875 0.7691391750000001 0.16459543593749998 0.8166042125 0.2909073296875 0.8365033828125
27 0.1543570796875 0.8126033359375 0.153975771875 0.7648150390625 0.030761268749999997 0.741454909375 0.0294187890625 0.7912265640625 0.1543570796875 0.8126033359375
27 0.15321785937500002 0.7636244734375001 0.1581312828125 0.7115475140624999 0.033145464062500005 0.69290866875 0.0328447 0.743905734375 0.15321785937500002 0.7636244734375001
40 0.7859375 0.58828125 0.0578125 0.078125
38 0.63125 0.56796875 0.0546875 0.0765625
39 0.578125 0.56171875 0.0546875 0.075
35 0.47890625 0.54765625 0.05625 0.075
34 0.37109375 0.5328125 0.0734375 0.0765625
36 0.30078125 0.52421875 0.0671875 0.0734375
18 0.43046875 0.5359375 0.0515625 0.065625
18 0.53125 0.54921875 0.05 0.0640625
18 0.684375 0.56875 0.05625 0.065625
18 0.73515625 0.57578125 0.0546875 0.0671875
18 0.71953125 0.48515625 0.1171875 0.0734375