13 0.11970502499999999 0.3058214125 0.24527262031250002 0.2926237265625 0.2151518984375 0.13768671562499998 0.1030317671875 0.1471859625 0.11970502499999999 0.3058214125
14 0.278125 0.20859375 0.140625 0.16875
19 0.3875 0.19140625 0.1375 0.175
29 0.2649078859375 0.57317604375 0.3732196921875 0.5587633546874999 0.36555348906249996 0.49207684374999994 0.2540419890625 0.507062028125 0.2649078859375 0.57317604375
7 0.3736779765625 0.555926465625 0.483739425 0.54303931875 0.47166651093749995 0.47644101875 0.361606353125 0.49118016718749996 0.3736779765625 0.555926465625
31 0.400746184375 0.667617021875 0.502207409375 0.6544968156250001 0.4935555640625 0.592703021875 0.39369738125 0.6046931609375 0.400746184375 0.667617021875
24 0.35703125 0.63671875 0.0890625 0.090625
23 0.249325975 0.6946258078125 0.3315590234375 0.6784113953124999 0.321722859375 0.584826546875 0.2278498875 0.5979578546875 0.249325975 0.6946258078125
15 0.23099525 0.5984542562499999 0.14578064375 0.60862428125 0.1634670640625 0.705067721875 0.2544871203125 0.69125158125 0.23099525 0.5984542562499999
25 0.186147509375 0.8232800796875 0.29122775 0.8110197578125 0.2787957515625 0.7504346749999999 0.17162845468750001 0.7621029515625 0.186147509375 0.8232800796875
25 0.40325822968749997 0.7969273234375 0.295616521875 0.810189025 0.3043643171875 0.8667883453125 0.410086359375 0.851631134375 0.40325822968749997 0.7969273234375
25 0.2790838265625 0.7484073812500001 0.2907834125 0.8118839390625 0.3965475328125 0.7971268515625 0.3846112515625 0.7348691859375001 0.2790838265625 0.7484073812500001
27 0.406217171875 0.73252198125 0.41462045625000005 0.7924427828125 0.5182710968750001 0.776547609375 0.5107701015624999 0.7154419234375 0.406217171875 0.73252198125
27 0.42286107343749996 0.7943771578125001 0.429484371875 0.8473780828124999 0.531962428125 0.83497999375 0.5243485765625 0.777931528125 0.42286107343749996 0.7943771578125001
40 0.44296875 0.37421875 0.0484375 0.0984375
41 0.3850561546875 0.427680053125 0.42622445000000003 0.42335309218750006 0.41306985156250003 0.32967664375 0.371181025 0.3354416265625 0.3850561546875 0.427680053125
43 0.346083371875 0.4332653921875 0.386526446875 0.42901465468750005 0.36957415 0.33397577031250003 0.32657929375 0.339584540625 0.346083371875 0.4332653921875
44 0.304026525 0.43812629843749995 0.3467276125 0.43418937343749997 0.327748546875 0.34000656406249996 0.28690910000000003 0.34538879375 0.304026525 0.43812629843749995
45 0.22177356874999998 0.4492198703125 0.2625542234375 0.4448201796875 0.24856520624999998 0.34948709375 0.2072815421875 0.35409863750000004 0.22177356874999998 0.4492198703125
33 0.181528834375 0.4532760265625 0.22357938437499997 0.44903886249999997 0.20929750625 0.3549586265625 0.1662317625 0.3597596765625 0.181528834375 0.4532760265625
18 0.10032574375 0.46399433125 0.14331360937499998 0.459476125 0.1254709828125 0.3617646734375 0.0853594375 0.36680454375 0.10032574375 0.46399433125
9 0.0031125890624999998 0.1708567640625 0.043358167187500005 0.31744541718749997 0.137514734375 0.3035399546875 0.1137389078125 0.16182085625 0.0034507343750000002 0.1708212234375 0.0031125890624999998 0.1708567640625
37 0.1413590828125 0.45967598125000003 0.184122671875 0.453968928125 0.164429821875 0.35743969999999997 0.12376913125 0.36295659375 0.1413590828125 0.45967598125000003
45 0.2645478859375 0.4436441859375 0.3045549125 0.4392578203125 0.28793015624999996 0.3447365625 0.24769587187500003 0.34896535625 0.2645478859375 0.4436441859375
18 0.14895474687500002 0.58233175 0.2653050203125 0.5687588859375 0.2549190984375 0.5105130546875001 0.1365508234375 0.5233585921875 0.14895474687500002 0.58233175
25 0.1981818640625 0.8852236937500001 0.30554610000000004 0.87029843125 0.293778059375 0.8096412296875 0.1837900578125 0.82568695625 0.1981818640625 0.8852236937500001