9 0.6984375 0.1640625 0.175 0.2203125
11 0.56875 0.15859375 0.1609375 0.2
19 0.44765625 0.13203125 0.1640625 0.209375
20 0.32109375 0.10546875 0.1640625 0.2109375
20 0.1859375 0.09453125 0.178125 0.1890625
8 0.771875 0.403125 0.1515625 0.190625
10 0.6625 0.3875 0.1421875 0.1703125
13 0.53125 0.365625 0.1484375 0.1859375
13 0.41171875 0.3421875 0.1609375 0.1921875
14 0.29140625 0.31640625 0.1515625 0.1890625
14 0.1796875 0.29375 0.1421875 0.1828125
12 0.75078125 0.59140625 0.109375 0.121875
5 0.64453125 0.57578125 0.1421875 0.1109375
4 0.54375 0.54296875 0.103125 0.1234375
29 0.43984375 0.534375 0.14375 0.1109375
28 0.3359375 0.5046875 0.103125 0.1171875
1 0.2328125 0.4921875 0.1359375 0.103125
0 0.12578125 0.45703125 0.1078125 0.115625
30 0.71875 0.71796875 0.1078125 0.1125
24 0.63984375 0.7 0.1015625 0.109375
24 0.56171875 0.68203125 0.1015625 0.125
2 0.490625 0.6703125 0.1 0.13125
3 0.4171875 0.653125 0.1046875 0.128125
3 0.340625 0.63515625 0.10625 0.13125
6 0.18671875 0.60703125 0.103125 0.1265625
6 0.1015625 0.58984375 0.10625 0.11875
31 0.66171875 0.8359375 0.140625 0.0953125
31 0.64296875 0.89921875 0.1328125 0.0921875
24 0.54609375 0.86953125 0.1 0.1109375
25 0.46640625 0.79296875 0.1359375 0.0984375
25 0.45390625 0.8578125 0.128125 0.0859375
27 0.35078125 0.7671875 0.1328125 0.0984375
27 0.34140625 0.8328125 0.1296875 0.0890625
17 0.22578125 0.81015625 0.128125 0.0875
17 0.234375 0.740625 0.128125 0.09375
7 0.1125 0.784375 0.1265625 0.096875
7 0.06924501718750001 0.6719191234374999 0.0656230890625 0.7337037 0.175144684375 0.7609574218749999 0.1794474671875 0.6921138203125 0.06924501718750001 0.6719191234374999