21 0.41015625 0.29140625 0.0984375 0.1375
14 0.31796875 0.2828125 0.103125 0.1453125
13 0.22265625 0.28203125 0.0984375 0.1375
9 0.0707760421875 0.203499865625 0.09424045 0.34778919531249997 0.174992275 0.3508960390625 0.17910912343750002 0.20427232812499999 0.0707760421875 0.203499865625
41 0.415339946875 0.4000371203125 0.4157549921875 0.487898859375 0.4525294546875 0.48907739218749996 0.45557686875 0.4018108890625 0.415339946875 0.4000371203125
40 0.3775187328125 0.399453696875 0.3783981109375 0.486857325 0.41568992812500005 0.48852825624999996 0.4152885140625 0.401509975 0.3775187328125 0.399453696875
43 0.3397232125 0.3981338484375 0.343167778125 0.48757517968749997 0.3802972375 0.48876695937500003 0.3770535828125 0.39870013125 0.3397232125 0.3981338484375
44 0.3053379484375 0.39767041718749996 0.3063991875 0.48518563124999997 0.3430568515625 0.48562318125 0.339697496875 0.39887027812500003 0.3053379484375 0.39767041718749996
45 0.267013009375 0.3974380671875 0.26773239531250004 0.4843881375 0.30621732343749997 0.4850740453125 0.30531223125 0.398406840625 0.267013009375 0.3974380671875
35 0.22782206249999998 0.39385751562500004 0.2294143953125 0.48415560468749996 0.26840896875000003 0.4841224046875 0.26853699375 0.39601663593750003 0.22782206249999998 0.39385751562500004
33 0.18557033437499998 0.3934880390625 0.188926528125 0.48274173749999993 0.22961888125000002 0.48313649999999997 0.227796346875 0.394593940625 0.18557033437499998 0.3934880390625
37 0.14237544687499998 0.391979640625 0.1506374484375 0.4816810453125 0.1907773609375 0.48362342187499996 0.186086915625 0.39276875 0.14237544687499998 0.391979640625
37 0.1020357015625 0.3931515765625 0.11079896250000001 0.48277736562499995 0.14997246875 0.48404179999999997 0.143305746875 0.39348677187500003 0.1020357015625 0.3931515765625
7 0.3446817921875 0.53760430625 0.34366115625 0.6000832546875 0.44229288125000005 0.5992615812500001 0.443859365625 0.5403303421875 0.3446817921875 0.53760430625
29 0.24152597187499997 0.5362139984375001 0.24387521093750003 0.5977042140625 0.344950121875 0.6002862421875 0.345211209375 0.5365168078125 0.24152597187499997 0.5362139984375001
5 0.13001279999999998 0.5349005109375 0.1348392765625 0.5963841078125001 0.23490954687499999 0.5990241703125 0.2346283140625 0.5367104578124999 0.13001279999999998 0.5349005109375
31 0.35730695625000003 0.7053116953125 0.4547899828125 0.7058093249999999 0.4570016078125 0.64247666875 0.35869002031249997 0.643098834375 0.35730695625000003 0.7053116953125
24 0.32734375 0.66015625 0.0671875 0.08125
23 0.253125 0.6625 0.0859375 0.090625
18 0.17890625 0.6625 0.0640625 0.0796875
27 0.343855525 0.8005106390625001 0.34411945781250003 0.8507852484375 0.4368281609375 0.8542640203125 0.44013945000000004 0.8016609734375001 0.343855525 0.8005106390625001
27 0.34130231875 0.74696546875 0.34366551093750003 0.8004663640624999 0.43861546249999994 0.8030824078125001 0.440027621875 0.7485697234375001 0.34130231875 0.74696546875
25 0.24819494999999997 0.73929014375 0.2513084765625 0.796412015625 0.34464213125 0.79205888125 0.34261834375 0.7374262140625001 0.24819494999999997 0.73929014375
25 0.2496183109375 0.8533372343750001 0.3432772765625 0.85379613125 0.3429353125 0.79871598125 0.24614766562499998 0.7979167203124999 0.2496183109375 0.8533372343750001
25 0.24554111875 0.8012134984375001 0.143793559375 0.801715675 0.14868528125 0.858660475 0.24810718281250002 0.8543904515625 0.24554111875 0.8012134984375001