11 1 0.14471143749999998 0.9344623359374999 0.13247088437500001 0.8983929046875 0.2831688109375 1 0.2991359984375 1 0.14471143749999998
10 0.89742715625 0.282963534375 0.9274988875 0.1433097015625 0.8178109890625 0.13040765468749999 0.7922414328125 0.269698365625 0.89742715625 0.282963534375
9 0.78811134375 0.2748822609375 0.812987971875 0.141688334375 0.7147520328125 0.12138311718749999 0.688833121875 0.2575686546875 0.78811134375 0.2748822609375
8 0.690148225 0.260879103125 0.71594325625 0.117274396875 0.60836406875 0.09952740156249999 0.585691834375 0.2394339265625 0.690148225 0.260879103125
20 0.5858870953124999 0.2432640609375 0.612090546875 0.095199821875 0.520562103125 0.089957234375 0.4941808328125 0.2283176375 0.5858870953124999 0.2432640609375
20 0.49525951093750004 0.2232428578125 0.5183886265625001 0.08474898125 0.4266878453125 0.066215015625 0.404827259375 0.2070518046875 0.49525951093750004 0.2232428578125
19 0.4061423609375 0.21036225625 0.42641930468749994 0.066146909375 0.33695424375 0.05623423749999999 0.3179497359375 0.1931317625 0.4061423609375 0.21036225625
19 0.319573040625 0.19499223593749998 0.335570109375 0.0600888796875 0.244169365625 0.046362665625 0.22415795625 0.1784997640625 0.319573040625 0.19499223593749998
18 0.9828546593749999 0.46041669687500003 0.9966297734375 0.3643652671875 0.9257804343749999 0.3490230984375 0.9065594156250001 0.4441996421875 0.9828546593749999 0.46041669687500003
3 0.9051313703125 0.446169303125 0.9237893749999999 0.350775784375 0.8500298015625001 0.3397413640625 0.8296477781249999 0.430882484375 0.9051313703125 0.446169303125
3 0.8322369000000001 0.4329482765625 0.8510015 0.34287713750000004 0.7819641500000001 0.32754670625000004 0.7632054187499999 0.42054835468749996 0.8322369000000001 0.4329482765625
14 0.7603905015625 0.42904274375 0.7881367265625 0.3001698578125 0.6949525796875 0.281015971875 0.665941090625 0.41275553125000003 0.7603905015625 0.42904274375
14 0.6638142625000001 0.4085148296875 0.6910045484375 0.2880432796875 0.5945956765625 0.2687771578125 0.5690566546875 0.3936775671875 0.6638142625000001 0.4085148296875
14 0.5677827171875001 0.3949222109375 0.59401235625 0.2693201765625 0.504471540625 0.25113616875 0.4786243359375 0.3774864703125 0.5677827171875001 0.3949222109375
13 0.47329206875 0.3740798890625 0.49861277499999995 0.24904236875 0.4082034296875 0.22915826250000002 0.383784403125 0.353538990625 0.47329206875 0.3740798890625
13 0.3825103875 0.3547836484375 0.4072735109375 0.2334140546875 0.31842873437499997 0.2146224203125 0.29528357656250004 0.3377584734375 0.3825103875 0.3547836484375
13 0.2977186015625 0.3405492265625 0.312311475 0.21701569843750002 0.22143143906249999 0.200824540625 0.20662865312499998 0.32270291875 0.2977186015625 0.3405492265625
0 0.73747788125 0.5354353234375 0.75445085 0.45405989843750005 0.6723730640625 0.4420356328125 0.6579651875 0.5216915703125 0.73747788125 0.5354353234375
1 0.6592836359375001 0.519446053125 0.6710572124999999 0.45053320937499997 0.560351709375 0.43085355 0.5483837171875 0.49903073750000004 0.6592836359375001 0.519446053125
28 0.54584086875 0.4991216921875 0.562242834375 0.4132048234375 0.48672064531250003 0.4013111125 0.4755662890625 0.48544725 0.54584086875 0.4991216921875
18 0.4715079796875 0.4807959859375 0.4817806296875 0.4008351125 0.3791682953125 0.3809759171875 0.3694265 0.45846646875 0.4715079796875 0.4807959859375
18 0.2939378171875 0.44557804531249995 0.2987899609375 0.361150403125 0.20513399687499997 0.33703795937500003 0.19655685 0.42487908281250003 0.2939378171875 0.44557804531249995
4 0.3659505125 0.45899050625 0.3759123390625 0.37438789687499996 0.3028062796875 0.360324596875 0.29461425625 0.44635325625 0.3659505125 0.45899050625
15 0.7203820921874999 0.64356609375 0.735447734375 0.553359103125 0.652631584375 0.5388695984375 0.6322391140625 0.622936415625 0.7203820921874999 0.64356609375
23 0.6333350390625 0.6256951 0.6494288578125 0.5374417546875 0.5638465390625 0.5212606140625 0.5504404703125 0.6080753156250001 0.6333350390625 0.6256951
24 0.7225672656250001 0.7520065140625001 0.739838053125 0.66630800625 0.6667946734375 0.6542760796875 0.6476863500000001 0.7323014640625 0.7225672656250001 0.7520065140625001
24 0.6495871203125 0.7352312484375 0.6660554984375 0.652202728125 0.5956809421875 0.636634625 0.5786018015625001 0.7169856625000001 0.6495871203125 0.7352312484375
24 0.580082971875 0.7179319234375 0.5914270453125 0.637128803125 0.525920025 0.6205436046874999 0.5104504703125 0.70123674375 0.580082971875 0.7179319234375
30 0.45640033750000003 0.690379509375 0.47167440781250003 0.61167459375 0.40616717031249994 0.598246540625 0.390920196875 0.6739355140625001 0.45640033750000003 0.690379509375
12 0.390920196875 0.6739355140625001 0.40255885625000004 0.5954059421875 0.33882067656250003 0.58266874375 0.32624484531250003 0.65766258125 0.390920196875 0.6739355140625001
26 0.5074880734375 0.699344209375 0.5197446828125 0.6329360484375 0.471005228125 0.617711296875 0.45823244687500003 0.6857174109375 0.5074880734375 0.699344209375
16 0.3254401171875 0.65749153125 0.338358271875 0.585703903125 0.2752413671875 0.5691545437500001 0.2653367921875 0.6434533171875 0.3254401171875 0.65749153125
6 0.2634360234375 0.6405235312500001 0.27507647031250004 0.5667310390625 0.20908485 0.55193535 0.1986920625 0.616658775 0.2634360234375 0.6405235312500001
27 0.8794188734375 0.9875886265625 0.8920418453125001 0.9250578781250001 0.77951944375 0.8956332484375 0.7648115171875001 0.9569136984375 0.8794188734375 0.9875886265625
27 0.86682975 1 0.8706759156249999 0.98599038125 0.7607875078124999 0.9560583687499999 0.7514474265625 1 0.86682975 1
18 0.74774194375 1 0.768176365625 0.8892633406250001 0.4485742640625 0.8063455296875001 0.42968066875 0.9229343109375 0.702445834375 1 0.74774194375 1
31 0.4470710515625 0.7571140125 0.3474935984375 0.7318193390625 0.342280553125 0.7919607953125001 0.442495621875 0.8151564765625 0.4470710515625 0.7571140125
31 0.4398254265625 0.8752069812500001 0.44944852031250004 0.8152049 0.3441469625 0.791094634375 0.3391908625 0.850027871875 0.4398254265625 0.8752069812500001
31 0.42945814843749996 0.927938490625 0.4402751421875 0.8732071109374999 0.336648028125 0.85011875625 0.331366375 0.9026683906249999 0.42945814843749996 0.927938490625
17 0.33687049375 0.8451145421874999 0.3396715875 0.7824049765625001 0.2473737015625 0.7635790296875 0.23839359999999998 0.8216568921875 0.33687049375 0.8451145421874999
17 0.33017640937500004 0.9043097421875 0.3369007796875 0.8449234671875001 0.2438987671875 0.823458528125 0.234884315625 0.8777403984375001 0.33017640937500004 0.9043097421875
18 0.3395406890625 0.7850640375 0.341158990625 0.725924434375 0.2536483046875 0.70240033125 0.2461493703125 0.7614244546875 0.3395406890625 0.7850640375
7 0.24809604062499999 0.76293999375 0.1502495640625 0.7416717734375 0.1441974328125 0.7978462328125 0.2385220171875 0.8210527359375 0.24809604062499999 0.76293999375
7 0.23420787656250003 0.8769651890624999 0.23960813593750002 0.8226655921875 0.1471597515625 0.7997388234375 0.1409449671875 0.8527214953125 0.23420787656250003 0.8769651890624999
36 0.5494319156249999 0.6009972109375 0.5643156046875 0.5176292625000001 0.5184260296875001 0.5072682171875 0.50098499375 0.5893218359375 0.5494319156249999 0.6009972109375
34 0.491692078125 0.5877118234375 0.507364803125 0.5102570546874999 0.45658133593750005 0.50034315 0.44296498125 0.577354559375 0.491692078125 0.5877118234375
33 0.43713678125 0.5788710890625001 0.4546461078125 0.49646968124999996 0.42128519375 0.48939651250000005 0.4050022953125 0.5703185890625 0.43713678125 0.5788710890625001
35 0.40382541875 0.5693796046874999 0.4207015421875 0.4888242625 0.38581634062500003 0.48357948124999994 0.37046275781250004 0.562288153125 0.40382541875 0.5693796046874999
37 0.3668808390625 0.5618712078125 0.38339991875 0.483477225 0.35032874375 0.4756919296875 0.33409720625 0.5542139984375 0.3668808390625 0.5618712078125
39 0.33344806718750003 0.5551092671875 0.3460744234375 0.475543446875 0.3141920640625 0.46869971406250005 0.2987684453125 0.5477378859375001 0.33344806718750003 0.5551092671875
38 0.297521525 0.5471284296875 0.31250374999999997 0.468838059375 0.28184745 0.46113578125 0.26466785000000004 0.5398007515625001 0.297521525 0.5471284296875
41 0.262775465625 0.540419875 0.2783841734375 0.46201599687500006 0.246312159375 0.4559815625 0.230360803125 0.5331854828125 0.262775465625 0.540419875
42 0.229641615625 0.5344103062500001 0.2449885109375 0.4544872515625 0.21380870624999998 0.4470062203125 0.19817494687499998 0.5270330265625 0.229641615625 0.5344103062500001