15 0.034550521875000004 0 0.025111410937500002 0.1354393671875 0.024269815625 0.135465075 0.0242687984375 0.1354796390625 0.14096242187500002 0.1490720890625 0.15948147343750002 0.013761457812499999 0.08270802499999999 0 0.034550521875000004 0
23 0.1475136171875 0 0.13721528593750001 0.150848953125 0.26762205156249996 0.1640456625 0.2796872828125 0.0174096578125 0.15733112656249998 0 0.1475136171875 0
14 0.530765575 0.195999721875 0.5498895546875 0.02610959375 0.4284013421875 0.014895790624999999 0.4076595140625 0.18199359531249998 0.530765575 0.195999721875
14 0.3578125 0.090625 0.140625 0.178125
14 0.58515625 0.20546875 0.1203125 0.171875
19 0.69765625 0.2171875 0.134375 0.1703125
13 0.81484375 0.225 0.1328125 0.1671875
13 0.5703125 0.4015625 0.140625 0.1765625
13 0.69140625 0.41875 0.134375 0.1671875
8 0.821875 0.41875 0.134375 0.1734375
9 0.92265625 0.4296875 0.11875 0.171875
38 0.013727057812499999 0.310713275 0.062303425 0.31546932656250004 0.07209584375 0.1883836578125 0.02257086875 0.1842409046875 0.013727057812499999 0.310713275
32 0.0719990828125 0.19035141875 0.0710999421875 0.189673278125 0.0642006390625 0.31424273125 0.1171416984375 0.3213428796875 0.1241355875 0.19542078125 0.0719990828125 0.19035141875
39 0.18181968125 0.1994544453125 0.12702870156249998 0.1929045671875 0.11524448437499998 0.32256947343750003 0.169292025 0.3275969390625 0.18181968125 0.1994544453125
42 0.17973329531249999 0.20338632968749998 0.1712205375 0.325124440625 0.22397940468750002 0.33142105312500003 0.2310608984375 0.20765513593749998 0.17973329531249999 0.20338632968749998
46 0.23276893906249999 0.209133834375 0.22311840156249999 0.3341905328125 0.2755674328125 0.3363872125 0.2869423625 0.2115627484375 0.23276893906249999 0.209133834375
35 0.0340263734375 0.35718235468750004 0.02575008125 0.47553885312500005 0.078713553125 0.4829569734375 0.08710931093749999 0.3622535359375 0.0340263734375 0.35718235468750004
35 0.08891194062499999 0.3623795890625 0.08044647499999999 0.48344137500000006 0.133400934375 0.4867810875 0.1420421703125 0.36677444531250003 0.08891194062499999 0.3623795890625
35 0.14379750468750002 0.3675768203125 0.1309200578125 0.48697083281250003 0.183196265625 0.490626340625 0.1969277375 0.37197167656249996 0.14379750468750002 0.3675768203125
36 0.194081915625 0.3738115671875 0.1867542296875 0.49155476875000004 0.2594449953125 0.4978595671875 0.26357767656250003 0.377311925 0.194081915625 0.3738115671875
33 0.0778149578125 0.5210738421875 0.023641532812499998 0.5186449265624999 0.016455726562500002 0.6343591578125001 0.0687319359375 0.6380146671875 0.0679345953125 0.6371032703124999 0.0778149578125 0.5210738421875
33 0.0786689765625 0.5218131890625 0.066834721875 0.6392412609375 0.11721333437499999 0.6405491765625 0.1282412453125 0.5252796203125001 0.0786689765625 0.5218131890625
37 0.12010683281250001 0.64160715 0.1687304921875 0.6456868765625 0.1749203984375 0.531262265625 0.1289060953125 0.5287242609375 0.12010683281250001 0.64160715
34 0.17577442031249998 0.5320016140625 0.171481728125 0.6451996328125 0.24091658906250002 0.650558121875 0.24342026093750002 0.5360522421875 0.17577442031249998 0.5320016140625
40 0.1968720265625 0.6836263546875 0.187502503125 0.79171195625 0.23622131093749998 0.794840603125 0.24298091875 0.6848117125 0.1968720265625 0.6836263546875
41 0.1901515328125 0.7920465484375 0.19781301406250001 0.6824822484374999 0.1473394328125 0.6789527921875 0.1396779515625 0.788517090625 0.1901515328125 0.7920465484375
45 0.14718190312499999 0.6766678484375 0.0983791703125 0.6744797328125001 0.0911664546875 0.7854052640625 0.13941444218750002 0.7885325453124999 0.14718190312499999 0.6766678484375
44 0.0911380515625 0.7858114453125 0.0955874328125 0.6755090203125 0.04840861875 0.6734344609375 0.04244893125 0.781998603125 0.0911380515625 0.7858114453125
43 0 0.7793857046875 0.040113290625 0.7842842875 0.046983521875 0.67047763125 0.0020267359375 0.6677421156250001 0 0.693157521875 0 0.7793857046875
27 0.29559533125000004 0.8879226078125001 0.29210835468749996 0.968904228125 0.42648103125 0.967462646875 0.4350801625 0.892370153125 0.29559533125000004 0.8879226078125001
27 0.557630584375 0.975634475 0.5680125203124999 0.8971758390625 0.4343400375 0.895175575 0.428345353125 0.9731246609375 0.557630584375 0.975634475
25 0.5649397140625 0.89532478125 0.5603400765625 0.9688815703125 0.6848967296875 0.9700280078124999 0.6970450859375 0.8963991265625 0.5649397140625 0.89532478125
25 0.6720466203125001 0.8338340171875 0.5557811328125 0.8318264640624999 0.5770723703125 0.877397446875 0.70107730625 0.8786745453125 0.6720466203125001 0.8338340171875
25 0.6991535046874999 0.8973628984375001 0.686434278125 0.9703519109375 0.809146965625 0.9721880828125 0.8220282750000001 0.8981999453125 0.6991535046874999 0.8973628984375001
25 0.7872295 0.8357658671875001 0.6715905249999999 0.83257761875 0.6972406109375 0.8780452359375 0.8227821671875001 0.8809286453125 0.7872295 0.8357658671875001
31 0.9438598265625 0.8817788156249999 0.944528859375 0.8810514296875 0.8895346484375001 0.835164546875 0.7846081781249999 0.8343580625 0.8317968859375 0.8829644765625 0.9438598265625 0.8817788156249999
31 0.8109613687499999 0.97089633125 0.9267707609375 0.9716474859374999 0.9418840828124999 0.9033157359375 0.823396565625 0.9019691390625001 0.8109613687499999 0.97089633125
31 0.9184368984375 1 0.9250985203125 0.9736728343750001 0.8102506875 0.97222165 0.8023588203124999 1 0.9184368984375 1
29 0.864266884375 0.5732943578125 0.85597644375 0.650429925 0.969371728125 0.6553525703124999 0.9819024171875 0.581291496875 0.864266884375 0.5732943578125
28 0.7764315734375 0.5478625671875 0.779031928125 0.6447418765624999 0.85996655 0.649229290625 0.8536207750000001 0.550051453125 0.7764315734375 0.5478625671875
5 0.7921679203124999 0.5686100171875 0.664013790625 0.557890471875 0.6513075703125 0.63904831875 0.7783126921875 0.64814353125 0.7921679203124999 0.5686100171875
4 0.65147069375 0.6367155265625 0.6581995390625 0.5404885765625 0.568017315625 0.5341824203125001 0.558594365625 0.6319005984375 0.65147069375 0.6367155265625
12 0.5525476171875 0.5207937234375 0.4716129953125 0.5163063218749999 0.4677899671875 0.6156666890625 0.5528849 0.6213959578125 0.5525476171875 0.5207937234375
18 0.5629830671875 0.5279699484375 0.4851989828125 0.5231167921875 0.4810089265625 0.6277259125 0.5615092109375001 0.632104425 0.5629830671875 0.5279699484375
18 0.5300219640625 0.8094090375 0.4186451078125 0.8045510171875 0.42548925625 0.8519132390624999 0.545272409375 0.85592391875 0.5300219640625 0.8094090375
18 0.5552738234375 0.8281444296875 0.4220064875 0.8235138421875 0.4292610484375 0.8761791703125 0.5789777593750001 0.879372375 0.5552738234375 0.8281444296875
2 0.5078125 0.7140625 0.0859375 0.1078125
3 0.5796875 0.715625 0.084375 0.1078125
24 0.65703125 0.72578125 0.0921875 0.1125
24 0.73828125 0.73125 0.09375 0.1078125
24 0.81171875 0.73359375 0.0875 0.10625
30 0.88671875 0.73828125 0.0859375 0.1015625
43 0.95390625 0.740625 0.0640625 0.096875