11 0.21171875 0.3125 0.0859375 0.1140625
10 0.28203125 0.29453125 0.0921875 0.1171875
9 0.3515625 0.28125 0.0890625 0.1203125
8 0.42421875 0.27109375 0.0875 0.1125
20 0.49296875 0.25703125 0.0875 0.1171875
22 0.565625 0.24296875 0.0859375 0.1140625
19 0.64375 0.225 0.096875 0.1203125
19 0.7234375 0.21015625 0.090625 0.1203125
14 0.36328125 0.40078125 0.0828125 0.1046875
14 0.43515625 0.38984375 0.0828125 0.1078125
13 0.5765625 0.36328125 0.0875 0.1078125
13 0.65 0.35078125 0.0859375 0.10625
13 0.72578125 0.33515625 0.0921875 0.109375
0 0.375 0.503125 0.0640625 0.071875
1 0.44765625 0.496875 0.090625 0.0671875
28 0.5140625 0.48046875 0.0640625 0.0734375
29 0.58359375 0.47265625 0.090625 0.0671875
5 0.74296875 0.4421875 0.096875 0.0671875
15 0.39921875 0.5875 0.0765625 0.0796875
23 0.46484375 0.57421875 0.075 0.0828125
24 0.41015625 0.6734375 0.0671875 0.075
26 0.53671875 0.65703125 0.0484375 0.0609375
30 0.584375 0.64609375 0.065625 0.0703125
12 0.6421875 0.6375 0.0609375 0.0734375
16 0.696875 0.63046875 0.0625 0.0703125
6 0.753125 0.61953125 0.06875 0.075
27 0.31171875 0.86796875 0.0875 0.0609375
27 0.3015625 0.8234375 0.0890625 0.0625
25 0.38359375 0.815625 0.0859375 0.0640625
25 0.3890625 0.859375 0.084375 0.053125
25 0.46640625 0.846875 0.0828125 0.0578125
25 0.46328125 0.8 0.0875 0.0671875
25 0.54453125 0.8375 0.0875 0.0640625
25 0.54453125 0.7890625 0.0890625 0.065625
31 0.634375 0.82734375 0.0859375 0.0578125
31 0.62890625 0.78515625 0.0921875 0.0625
31 0.6171875 0.7265625 0.0890625 0.0640625
17 0.7125 0.8125 0.0859375 0.0578125
17 0.709375 0.76875 0.084375 0.059375
17 0.70390625 0.7203125 0.0953125 0.06875
7 0.79453125 0.803125 0.0890625 0.0625
7 0.79140625 0.75625 0.0953125 0.059375
7 0.7890625 0.70625 0.096875 0.0671875
36 0.51875 0.56640625 0.0484375 0.071875
34 0.55859375 0.56015625 0.05 0.0734375
33 0.59296875 0.553125 0.0390625 0.06875
35 0.625 0.5484375 0.0390625 0.0703125
37 0.65546875 0.54375 0.0390625 0.06875
39 0.68359375 0.53828125 0.0390625 0.0703125
41 0.7626684734375 0.558674559375 0.7547577953125 0.49307947343749997 0.72616720625 0.49890427343750005 0.737613034375 0.5646595249999999 0.7626684734375 0.558674559375
42 0.792177621875 0.5542548078125 0.7860918359375 0.487162684375 0.75926706875 0.49110910625 0.763614415625 0.558116009375 0.792177621875 0.5542548078125
18 0.71171875 0.52734375 0.0390625 0.0625
18 0.47890625 0.665625 0.0890625 0.06875
18 0.66015625 0.45546875 0.08125 0.0671875
18 0.50546875 0.3765625 0.0859375 0.10625
18 0.2765625 0.41484375 0.121875 0.109375