10 0.8421875 0.22890625 0.140625 0.1171875
9 0.71328125 0.23125 0.13125 0.115625
8 0.5890625 0.23359375 0.134375 0.109375
20 0.45546875 0.23203125 0.125 0.115625
20 0.32265625 0.23203125 0.1265625 0.115625
19 0.20078125 0.23125 0.128125 0.109375
19 0.07734375 0.225 0.128125 0.1140625
2 0.9578125 0.36953125 0.084375 0.071875
3 0.8703125 0.36796875 0.090625 0.075
3 0.77890625 0.37109375 0.096875 0.078125
14 0.66875 0.35859375 0.13125 0.103125
14 0.54453125 0.36015625 0.1265625 0.096875
14 0.428125 0.36171875 0.115625 0.0921875
13 0.32265625 0.353125 0.125 0.10625
13 0.2015625 0.35390625 0.1203125 0.103125
13 0.0796875 0.35078125 0.125 0.1078125
18 0.14375 0.45390625 0.1171875 0.053125
4 0.246875 0.45390625 0.0859375 0.0671875
29 0.36171875 0.46171875 0.1390625 0.0546875
28 0.47734375 0.45859375 0.0953125 0.065625
1 0.59296875 0.46484375 0.146875 0.0546875
0 0.7140625 0.46171875 0.096875 0.0625
15 0.69609375 0.54921875 0.1125 0.075
23 0.5875 0.55 0.1140625 0.075
36 0.49453125 0.546875 0.075 0.06875
34 0.425 0.546875 0.065625 0.0671875
18 0.3671875 0.5453125 0.053125 0.065625
35 0.31875 0.54453125 0.053125 0.06875
37 0.26796875 0.5453125 0.05 0.06875
41 0.2234375 0.54375 0.05 0.06875
40 0.175 0.54296875 0.046875 0.065625
18 0.10703125 0.5421875 0.0859375 0.065625
24 0.69375 0.63515625 0.0921875 0.065625
24 0.60390625 0.63515625 0.0875 0.0625
24 0.51796875 0.63515625 0.0875 0.0625
26 0.4328125 0.63203125 0.065625 0.0578125
12 0.29375 0.6296875 0.0921875 0.05625
16 0.2046875 0.62578125 0.0921875 0.0625
6 0.11484375 0.62265625 0.0875 0.0625
7 0.0921875 0.80625 0.13125 0.05
7 0.08359375 0.7609375 0.1375 0.046875
17 0.221875 0.7109375 0.13125 0.0484375
17 0.22578125 0.76640625 0.1390625 0.04375
17 0.22734375 0.81328125 0.1375 0.046875
31 0.36640625 0.8125 0.1390625 0.046875
31 0.3671875 0.759375 0.128125 0.046875
25 0.50078125 0.81640625 0.134375 0.04375
25 0.5015625 0.77109375 0.1375 0.0453125
25 0.50234375 0.70703125 0.1328125 0.0484375
25 0.63671875 0.82109375 0.14375 0.053125
25 0.63828125 0.771875 0.1375 0.046875
25 0.6328125 0.71328125 0.134375 0.046875
25 0.77265625 0.82421875 0.14375 0.04375
25 0.77734375 0.77578125 0.146875 0.05
25 0.76640625 0.71484375 0.13125 0.046875
27 0.91484375 0.78203125 0.14375 0.05
27 0.9125 0.82890625 0.1375 0.04375