8 0.471875 0.12890625 0.1296875 0.1640625
9 0.5703125 0.11640625 0.1171875 0.1578125
14 0.56953125 0.28046875 0.1046875 0.1328125
14 0.4796875 0.29609375 0.1140625 0.1359375
14 0.38671875 0.309375 0.1171875 0.14375
13 0.29765625 0.31796875 0.1140625 0.146875
13 0.20703125 0.3328125 0.1203125 0.146875
13 0.11328125 0.346875 0.125 0.1453125
19 0.175 0.175 0.1296875 0.1625
19 0.0796875 0.19375 0.115625 0.1484375
3 0.65 0.28046875 0.0859375 0.1078125
2 0.71875 0.27109375 0.0859375 0.0984375
2 0.78984375 0.2578125 0.08125 0.096875
0 0.6078125 0.4109375 0.0890625 0.0984375
1 0.51796875 0.43125 0.1203125 0.0875
28 0.4265625 0.4375 0.0875 0.0984375
29 0.33203125 0.4578125 0.121875 0.0890625
6 0.2359375 0.46328125 0.09375 0.1046875
5 0.14296875 0.484375 0.13125 0.0875
23 0.53828125 0.53671875 0.1046875 0.1171875
36 0.4671875 0.55078125 0.065625 0.096875
34 0.4125 0.5578125 0.071875 0.0984375
33 0.36328125 0.565625 0.0546875 0.096875
36 0.325 0.571875 0.053125 0.096875
37 0.2859375 0.5765625 0.053125 0.096875
41 0.24765625 0.5828125 0.0546875 0.09375
18 0.209375 0.58828125 0.0515625 0.0921875
44 0.16953125 0.59375 0.0515625 0.096875
45 0.13125 0.60078125 0.053125 0.096875
6 0.18125 0.703125 0.0875 0.1
16 0.2640625 0.6890625 0.090625 0.0984375
12 0.334375 0.68046875 0.078125 0.090625
30 0.40234375 0.6703125 0.0828125 0.0921875
26 0.4625 0.66875 0.0609375 0.08125
24 0.5171875 0.65546875 0.0828125 0.096875
24 0.5859375 0.64453125 0.078125 0.0953125
24 0.65234375 0.6359375 0.084375 0.096875
18 0.19453125 0.8109375 0.103125 0.078125
7 0.248899678125 0.847748990625 0.13835758125 0.8628641921875 0.1562287078125 0.9253386375 0.2627450734375 0.9103687390624999 0.248899678125 0.847748990625
7 0.26064126249999997 0.9093574578125001 0.1540627390625 0.92475656875 0.16723949375 0.9887307671875 0.2784182953125 0.9720338749999999 0.26064126249999997 0.9093574578125001
17 0.325 0.93359375 0.115625 0.0796875
17 0.309375 0.86640625 0.1203125 0.0859375
17 0.2984375 0.7984375 0.1171875 0.0875
31 0.4046875 0.78046875 0.121875 0.0859375
31 0.41953125 0.853125 0.11875 0.0859375
31 0.43515625 0.91796875 0.125 0.0859375
25 0.54140625 0.90703125 0.1234375 0.0828125
25 0.53125 0.83828125 0.125 0.0859375
25 0.51953125 0.7671875 0.121875 0.0859375
25 0.65 0.88515625 0.11875 0.084375
25 0.64375 0.81953125 0.1265625 0.084375
25 0.63203125 0.753125 0.1203125 0.084375
25 0.7625 0.871875 0.1265625 0.084375
25 0.75 0.79765625 0.1171875 0.078125
27 0.87734375 0.8546875 0.125 0.08125
18 0.865625 0.7828125 0.121875 0.08125
10 0.6625 0.10234375 0.11875 0.153125
11 0.7578125 0.0859375 0.1265625 0.1546875
18 0.31796875 0.14921875 0.2015625 0.1734375