19 1 0.2837043359375 0.8749545062499999 0.257946634375 0.8387527374999999 0.35860651093749996 0.9612149499999999 0.38615211718750003 1 0.29578880937499996 1 0.2837043359375
19 0.872324990625 0.2593747015625 0.749377371875 0.23731616249999998 0.7265379656250001 0.33702769843749997 0.8415924515625001 0.36072557031249997 0.872324990625 0.2593747015625
20 0.747949428125 0.23483108281249998 0.6313289515625 0.212224196875 0.606453296875 0.31377608437500004 0.7248099140625001 0.337418103125 0.747949428125 0.23483108281249998
20 0.6227608265625 0.20443497812500003 0.5046071671875 0.1815000203125 0.4879425828125 0.290859028125 0.609755303125 0.31372023437499996 0.6227608265625 0.20443497812500003
8 0.5100443718750001 0.19278230624999998 0.412733046875 0.17257975 0.3971139265625 0.269279628125 0.49470069531250005 0.2900223359375 0.5100443718750001 0.19278230624999998
9 0.41553239375000006 0.1632270484375 0.29733713906250003 0.14274753281250002 0.284899275 0.247700840625 0.3941201140625 0.26788555937499997 0.41553239375000006 0.1632270484375
10 0.304976553125 0.15108702031250001 0.21237523125000002 0.13226558125 0.195798909375 0.2257310859375 0.290391746875 0.245079671875 0.304976553125 0.15108702031250001
11 0.2112776125 0.12738424843750001 0.102967190625 0.10522155468750001 0.100094290625 0.203872984375 0.2003665578125 0.227459684375 0.2112776125 0.12738424843750001
13 0.9577049093750001 0.3996356671875 0.8367824515625 0.37561540625 0.8158251984374999 0.47421153125000004 0.9354475765625001 0.499638053125 0.9577049093750001 0.3996356671875
13 0.8410092515625 0.37767107499999997 0.7278696859375 0.353980740625 0.707220628125 0.4511269171875 0.8170909578125001 0.47599603593750006 0.8410092515625 0.37767107499999997
13 0.7284423109375 0.35563745625 0.6208391859375 0.33123070625 0.600190128125 0.42837688281249997 0.7040727171875 0.4504578078125 0.7284423109375 0.35563745625
14 0.6198115796875 0.3344405046875 0.5194881234375 0.312718759375 0.49362180312500004 0.4034519140625 0.606794259375 0.42826520625000003 0.6198115796875 0.3344405046875
14 0.5184757296875 0.31763396250000003 0.4066569578125 0.29403984375 0.3865911875 0.3807018546875 0.49519575937500004 0.40378646875 0.5184757296875 0.31763396250000003
14 0.4106150421875 0.2928142421875 0.309686696875 0.270397290625 0.29749081875 0.3587321 0.3906636796875 0.37702114375 0.4106150421875 0.2928142421875
3 0.30797461249999997 0.291822803125 0.2342347203125 0.2770912578125 0.220982328125 0.339438859375 0.29307703125 0.3562784625 0.30797461249999997 0.291822803125
3 0.237122875 0.2767628015625 0.1630974765625 0.263486 0.1564490953125 0.3257218984375 0.2212905359375 0.33798885625 0.237122875 0.2767628015625
2 0.1656936046875 0.2644198765625 0.08723824218750001 0.2488770796875 0.0816685453125 0.306038171875 0.15721958281249998 0.322097040625 0.1656936046875 0.2644198765625
5 0.9106873328124999 0.524060628125 0.7677989546874999 0.4911896875 0.7532477125 0.5441684343750001 0.8993196078125001 0.5767324312500001 0.9106873328124999 0.524060628125
4 0.773454603125 0.48258496093750003 0.678511390625 0.462360596875 0.66022895 0.525154428125 0.7513655625 0.545283828125 0.773454603125 0.48258496093750003
29 0.6800341640625 0.47692700937500004 0.5513932765625 0.44897987187500005 0.5399570875 0.4950434828125 0.6685611359375 0.524652315625 0.6800341640625 0.47692700937500004
28 0.55379701875 0.432108853125 0.4586166328125 0.41334732343749997 0.44551834843749993 0.47496990937500005 0.5401111828125 0.494318521875 0.55379701875 0.432108853125
1 0.45917851875000004 0.4224097984375 0.3294291671875 0.39422268437499997 0.3192587359375 0.44207079687500006 0.44786279218749997 0.47167960468750003 0.45917851875000004 0.4224097984375
0 0.3367280640625 0.38880925781250003 0.256993178125 0.371248678125 0.2471640453125 0.4252311390625 0.32209869062499996 0.4441899046875 0.3367280640625 0.38880925781250003
23 0.42289855468750004 0.48664074062499996 0.3291099625 0.4653810625 0.3117850859375 0.5314093468750001 0.4060696015625 0.55220788125 0.42289855468750004 0.48664074062499996
6 0.8619698046875 0.6855809500000001 0.7647265765625 0.66009471875 0.747936728125 0.7212240624999999 0.8390056484375 0.745244284375 0.8619698046875 0.6855809500000001
18 0.76733289375 0.6618244390625 0.693647734375 0.6432378515625 0.67792471875 0.6993481515625 0.748410871875 0.7189933921875 0.76733289375 0.6618244390625
12 0.6923770171875 0.6422512625000001 0.610935515625 0.6215767578125 0.5926724796875 0.677730084375 0.679135546875 0.6996055218749999 0.6923770171875 0.6422512625000001
30 0.6057539921874999 0.6180136671875001 0.51889293125 0.5961838421875 0.5077758703125 0.65443890625 0.5914617437499999 0.677472734375 0.6057539921874999 0.6180136671875001
26 0.5178312703125 0.60733490625 0.4636046578125 0.5943406859375 0.4515817328125 0.638997284375 0.510315865625 0.6543959859374999 0.5178312703125 0.60733490625
24 0.4647777125 0.5814947687500001 0.3866583875 0.5634135953125 0.375041809375 0.618065296875 0.4543588109375 0.6378389765625 0.4647777125 0.5814947687500001
24 0.3910395953125 0.563636759375 0.3146058875 0.545184034375 0.30685868125 0.5994924578124999 0.375041809375 0.618065296875 0.3910395953125 0.563636759375
24 0.31608371874999996 0.54406358125 0.24036899374999998 0.525324428125 0.2314109578125 0.5793754812499999 0.304437025 0.5989777187499999 0.31608371874999996 0.54406358125
7 0.8578910578125001 0.7866567796874999 0.7275691171875 0.7515577437500001 0.7154276640624999 0.7967719828125001 0.8515568531250001 0.8350329859375 0.8578910578125001 0.7866567796874999
7 0.8399885328125001 0.84110450625 0.7052928203125 0.8027778921875001 0.6964279515625 0.8504372312499999 0.828806496875 0.888483865625 0.8399885328125001 0.84110450625
7 0.835530184375 0.891856415625 0.6941503875 0.8551989234375 0.6899592765625 0.8927772328125 0.81569128125 0.9323254343749999 0.835530184375 0.891856415625
17 0.7197945453125 0.7514781578124999 0.5966638546875 0.7184871234375 0.5852589781249999 0.76618944375 0.7142422984375 0.8023486890625 0.7197945453125 0.7514781578124999
17 0.706252640625 0.800299296875 0.581626684375 0.7654173765625 0.5701032765625 0.8136773406250001 0.69763878125 0.8506946 0.706252640625 0.800299296875
17 0.6939284921875 0.8508356031250001 0.5698661984375 0.8147927062500001 0.5577247375 0.8600069671874999 0.6836938109374999 0.89843984375 0.6939284921875 0.8508356031250001
31 0.5910777609375 0.7168369328125 0.47349732187500004 0.6847300125 0.461999275 0.738824071875 0.5817706796875 0.7706937890625001 0.5910777609375 0.7168369328125
31 0.57982328125 0.76978509375 0.45290589687500005 0.733976884375 0.444752253125 0.7782901640625 0.57107693125 0.8150500562499999 0.57982328125 0.76978509375
31 0.5673179734375 0.813729428125 0.4459629875 0.7785475140625 0.4385460140625 0.8253488984375 0.55905400625 0.8597066546875001 0.5673179734375 0.813729428125
25 0.46357873125 0.6839108734375 0.3474349875 0.6526888546875 0.33833313593750003 0.70146355625 0.4590782046875 0.734705946875 0.46357873125 0.6839108734375
25 0.45125458281249997 0.7344471796875001 0.3373593890625 0.7000908203125 0.328232071875 0.743031471875 0.4462000578125 0.777432190625 0.45125458281249997 0.7344471796875001
25 0.4422213828125 0.776945046875 0.33174583125 0.7443612015625 0.3212891515625 0.78760214375 0.4344142015625 0.820973465625 0.4422213828125 0.776945046875
25 0.334945375 0.7009869421875 0.22423443125000003 0.66671951875 0.21717297812499997 0.711847853125 0.32835060625 0.7424738093750001 0.334945375 0.7009869421875
25 0.3277222703125 0.7424132296875 0.2125671078125 0.7097031312500001 0.20597980625 0.7526007781249999 0.3191047640625 0.7859720796875 0.3277222703125 0.7424132296875
25 0.212153490625 0.705469559375 0.11069446875 0.6769749671875 0.104962378125 0.7218030093750001 0.211059996875 0.752514890625 0.212153490625 0.705469559375
18 0.3484872796875 0.652165803125 0.2328623171875 0.6201755453125 0.22459003125 0.6650465546875 0.33505645156249997 0.699018459375 0.3484872796875 0.652165803125
18 0.22270061718749998 0.6632934890625 0.129626378125 0.6355355125 0.11577466249999999 0.6768890812499999 0.215936875 0.7057564515625 0.22270061718749998 0.6632934890625
27 0 0.6484944109375 0.1018636203125 0.6768465296875 0.11229902968750001 0.6318171171875 0.00477495625 0.6037517625000001 0 0.6262161640625 0 0.6484944109375
27 0 0.691262871875 0.0982906546875 0.7174705609375 0.10282157343750001 0.676405040625 0 0.6490295734375 0 0.691262871875
42 0.881920146875 0.6007429421875 0.8313846578125 0.5883969796875 0.8119268578125001 0.6541403 0.8571405796875 0.6650136140625 0.881920146875 0.6007429421875
35 0.829330428125 0.5900905468750001 0.78049638125 0.578422246875 0.7664869624999999 0.631432 0.813278296875 0.6434825984375 0.829330428125 0.5900905468750001
38 0.778582753125 0.5761484234375 0.7295041 0.564636803125 0.713268834375 0.6281183453125 0.75927135625 0.6395803265625 0.778582753125 0.5761484234375
39 0.727514228125 0.5637157875 0.683672796875 0.5523692984374999 0.6663063453125 0.6168732890624999 0.7095999359375 0.62818041875 0.727514228125 0.5637157875
37 0.683112996875 0.55217443125 0.63863036875 0.5406904390625 0.6213494625 0.6047916609375 0.6622766234374999 0.614332903125 0.683112996875 0.55217443125
35 0.63511074375 0.54144534375 0.5938630921875 0.5320167812500001 0.5762214250000001 0.5935155578125 0.6195150140625 0.6048226890625 0.63511074375 0.54144534375
33 0.59278934375 0.530871965625 0.5506551125 0.52030689375 0.5313501484375001 0.5810311593749999 0.5737693187499999 0.592152425 0.59278934375 0.530871965625
36 0.4343307125 0.4914056953125 0.4123233078125 0.5519426015625 0.46820147656250005 0.564240825 0.48620390625 0.5053444781249999 0.4343307125 0.4914056953125
34 0.5502540453125 0.5213049140625 0.4905760703125 0.5062738109375 0.47319123125000007 0.5665643046875 0.5313501484375001 0.5810311593749999 0.5502540453125 0.5213049140625
15 0.326381965625 0.46162384218749997 0.25241845625 0.44428596875000004 0.2339880484375 0.5051961265625 0.31313329843750004 0.5241237625 0.326381965625 0.46162384218749997