11 0.9198729796875 0.14899458593749998 0.8223348500000001 0.1557847546875 0.8285344578125 0.274080315625 0.91762490625 0.2673725125 0.9198729796875 0.14899458593749998
10 0.78828125 0.2171875 0.1015625 0.1296875
9 0.70390625 0.22890625 0.0890625 0.1234375
8 0.625 0.234375 0.0953125 0.1234375
13 0.28984375 0.375 0.0875 0.1078125
13 0.36484375 0.37265625 0.084375 0.1015625
13 0.43984375 0.36953125 0.0828125 0.103125
2 0.86875 0.34609375 0.0796875 0.08125
18 0.784375 0.35078125 0.0890625 0.0828125
5 0.31796875 0.49765625 0.0984375 0.0640625
4 0.39453125 0.48671875 0.0703125 0.075
29 0.4703125 0.490625 0.1 0.0671875
28 0.546875 0.478125 0.0640625 0.0765625
1 0.62421875 0.48046875 0.0984375 0.0609375
0 0.7046875 0.471875 0.071875 0.0765625
15 0.71640625 0.5671875 0.0875 0.0875
23 0.640625 0.56953125 0.078125 0.084375
45 0.30546875 0.5890625 0.0390625 0.078125
44 0.33515625 0.5890625 0.0359375 0.0734375
40 0.36640625 0.58671875 0.0359375 0.0765625
41 0.3984375 0.58515625 0.0375 0.078125
37 0.4296875 0.5828125 0.0390625 0.08125
6 0.3328125 0.67734375 0.065625 0.075
16 0.39609375 0.67421875 0.06875 0.075
12 0.4578125 0.6765625 0.0625 0.0640625
30 0.51796875 0.671875 0.0671875 0.0703125
26 0.56640625 0.67734375 0.0453125 0.05625
24 0.6140625 0.67109375 0.0671875 0.071875
24 0.6734375 0.66953125 0.065625 0.075
24 0.73125 0.6640625 0.065625 0.075
7 0.3203125 0.78671875 0.09375 0.059375
7 0.32578125 0.84140625 0.09375 0.0546875
7 0.3296875 0.8921875 0.090625 0.059375
17 0.415625 0.890625 0.0921875 0.059375
17 0.4140625 0.8375 0.096875 0.059375
17 0.4125 0.77890625 0.0921875 0.0578125
31 0.50078125 0.7828125 0.096875 0.0625
31 0.5046875 0.8375 0.1015625 0.059375
31 0.50625 0.88984375 0.0984375 0.059375
25 0.61015625 0.89140625 0.1 0.0625
25 0.60625 0.8375 0.1 0.05625
25 0.6 0.78125 0.0984375 0.0640625
25 0.696875 0.778125 0.1046875 0.0640625
25 0.70078125 0.8359375 0.1 0.059375
25 0.71015625 0.890625 0.103125 0.0609375
25 0.80234375 0.8875 0.1 0.0578125
25 0.80234375 0.8328125 0.10625 0.0625
27 0.9538432265625 0.80600773125 0.851208321875 0.8079358093750001 0.8515046093749999 0.8640987234375 0.9533784093750001 0.862970140625 0.9538432265625 0.80600773125
27 0.9536660234375001 0.861143428125 0.8525753234375 0.8632781453125 0.8518091359375 0.919274184375 0.9540259093750001 0.91921288125 0.9536660234375001 0.861143428125
21 0.3171875 0.253125 0.09375 0.11875
18 0.5265625 0.23828125 0.0875 0.1171875
21 0.40390625 0.25078125 0.096875 0.115625
14 0.5171875 0.36484375 0.0875 0.103125
14 0.5953125 0.3609375 0.084375 0.1
14 0.67578125 0.3546875 0.0890625 0.1015625
35 0.4625 0.58125 0.0390625 0.078125
33 0.49453125 0.5796875 0.0390625 0.0796875
34 0.53515625 0.578125 0.0515625 0.0796875
36 0.58046875 0.57578125 0.0515625 0.08125