11 0.9355081765625 0.2769496421875 0.943040121875 0.16941016250000002 0.8102293671874999 0.168512665625 0.8025013671875 0.2762752984375 0.9355081765625 0.2769496421875
10 0.806870821875 0.27717522968749997 0.8100849312499999 0.1423943 0.6922665968749999 0.1433915546875 0.685597559375 0.274234734375 0.806870821875 0.27717522968749997
9 0.6783198140625 0.27246040312500003 0.680173678125 0.1504163234375 0.5707921218750001 0.15197859375 0.567246846875 0.27134528125 0.6783198140625 0.27246040312500003
8 0.5701119078125 0.27468985468749996 0.566797065625 0.1535821453125 0.458243390625 0.1516613453125 0.46197586093750004 0.2728023328125 0.5701119078125 0.27468985468749996
20 0.456173765625 0.2702301265625 0.455463121875 0.1444360609375 0.342858346875 0.1463526984375 0.346519065625 0.271610690625 0.456173765625 0.2702301265625
20 0.3406593703125 0.272332040625 0.3366048890625 0.14750619843749999 0.2259545359375 0.14431213437499998 0.22812512499999998 0.27119141406249997 0.3406593703125 0.272332040625
19 0.2281969859375 0.26707444062499996 0.22149084531250002 0.14549687656250002 0.1076183078125 0.1405992703125 0.11276893437499999 0.2642359734375 0.2281969859375 0.26707444062499996
19 0.11271144531249999 0.2675295640625 0.1099773484375 0.146637290625 0.00604195625 0.1494931328125 0.0054167578125 0.18531067968749998 0.0060366765625 0.2656675484375 0.11271144531249999 0.2675295640625
3 0.9054887703125001 0.40563829062499995 0.9073134796875 0.3313627515625 0.8380151093749999 0.335274346875 0.8353609234375 0.40359057343750004 0.9054887703125001 0.40563829062499995
3 0.8367934546875 0.4052628734375 0.8342252 0.330086990625 0.7518703890625 0.3296524578125 0.7491730859375 0.4004388609375 0.8367934546875 0.4052628734375
2 0.751980659375 0.40707702343749996 0.7556732515625 0.3276868984375 0.6876163859375 0.32605993906249997 0.6789301484375 0.4049782890625 0.751980659375 0.40707702343749996
14 0.6803770515625 0.405827178125 0.686849859375 0.29150083125 0.5713305921875 0.28861342031250004 0.5692897109375 0.40553543750000004 0.6803770515625 0.405827178125
14 0.5707509859375001 0.40556094531250003 0.5680634437500001 0.29045636875 0.4631083109375 0.2916662828125 0.4611680359375 0.4028245359375 0.5707509859375001 0.40556094531250003
14 0.4625575609375 0.406967015625 0.46391264374999996 0.28863840937499996 0.35497226406250004 0.2897787625 0.35446463125 0.4026092859375 0.4625575609375 0.406967015625
13 0.35149896406250003 0.4050284796875 0.352506878125 0.283606925 0.239601703125 0.2836467359375 0.240469 0.401443146875 0.35149896406250003 0.4050284796875
13 0.2418585265625 0.405585628125 0.24102929374999998 0.2826900390625 0.1386857984375 0.2868271 0.1396108078125 0.40132995937500004 0.2418585265625 0.405585628125
13 0.1410719734375 0.4013554640625 0.12951580000000001 0.2838304546875 0.0144898734375 0.2838356203125 0.028552100000000004 0.399391421875 0.1410719734375 0.4013554640625
0 0.6817465078125 0.4996204140625 0.6828100781249999 0.4277165046875 0.593051596875 0.430739246875 0.59406865 0.49808999062500003 0.6817465078125 0.4996204140625
1 0.5951430484375 0.49934421718750005 0.592120934375 0.44002452343750004 0.46575703125 0.437783321875 0.46686031874999995 0.500193703125 0.5951430484375 0.49934421718750005
28 0.4657534984375 0.5007921093750001 0.46358562968749994 0.42157476093749996 0.38054056875 0.42085251250000005 0.38250266875 0.4968680390625 0.4657534984375 0.5007921093750001
29 0.3792147140625 0.49681064687500004 0.37562383125 0.43470210781249996 0.244316578125 0.43700673281249997 0.2498682828125 0.49578836875 0.3792147140625 0.49681064687500004
4 0.24438841875 0.49569271718749996 0.238771834375 0.4215092328125 0.1513636609375 0.4236472796875 0.1578065984375 0.4941814265625 0.24438841875 0.49569271718749996
5 0.1555931296875 0.4953782390625 0.15085043125 0.43232211875 0.020748721875 0.4324865953125 0.026214359375000003 0.49620859531250006 0.1555931296875 0.4953782390625
15 0.6802103453125 0.590482478125 0.681331709375 0.5181057046875 0.5841469609375001 0.5166543640625 0.582870690625 0.5897718046875 0.6802103453125 0.590482478125
23 0.5854751171875 0.5912998046875 0.584844403125 0.5170388906250001 0.485088203125 0.513936909375 0.48727594218750003 0.5895857328125 0.5854751171875 0.5912998046875
36 0.48372752500000005 0.5868018375 0.4801013125 0.5109604328125 0.4254924015625 0.5116572609375 0.423533934375 0.5841905578125 0.48372752500000005 0.5868018375
34 0.41244523125 0.5847773171874999 0.41425381874999995 0.5137102890625 0.356903953125 0.5139713671874999 0.35360196718750003 0.5841403453125 0.41244523125 0.5847773171874999
33 0.3466732234375 0.5844095453125 0.344986775 0.513963440625 0.3036254875 0.511870946875 0.30583378906249997 0.583696690625 0.3466732234375 0.5844095453125
35 0.30442213906250004 0.585232646875 0.2991823 0.509264690625 0.2586737515625 0.5087454296875 0.26149248593749996 0.5852635921875 0.30442213906250004 0.585232646875
37 0.256667575 0.5840089453124999 0.257628878125 0.5090267765625 0.21435287500000003 0.509142246875 0.2158350046875 0.582906040625 0.256667575 0.5840089453124999
39 0.21303893437500002 0.5844178328125 0.2134193609375 0.5121543265625 0.170737953125 0.5087710875 0.1708151859375 0.5836808140625 0.21303893437500002 0.5844178328125
38 0.1687385859375 0.5836445671875 0.16757236250000002 0.5098918515624999 0.12290844999999999 0.5118377 0.125822603125 0.5828954656249999 0.1687385859375 0.5836445671875
41 0.12441781249999999 0.5840414 0.12253134843749999 0.5110552734375 0.0793751203125 0.5067862015625 0.08082320937500001 0.5825001390625 0.12441781249999999 0.5840414
18 0.07826541875000001 0.5703609171874999 0.0776009 0.5058843765625001 0.0364659453125 0.5056470765625 0.0387899796875 0.5708423125000001 0.07826541875000001 0.5703609171874999
24 0.6759943625 0.67883385625 0.68015130625 0.607059015625 0.601763878125 0.6077017 0.5984686984375001 0.677480640625 0.6759943625 0.67883385625
24 0.5963444421874999 0.6801746 0.601295509375 0.611044021875 0.5193520328125001 0.608604090625 0.5139870078125 0.677956746875 0.5963444421874999 0.6801746
24 0.5139870078125 0.677956746875 0.513038075 0.6080412734375 0.4348907640625 0.6079100984375 0.4323354265625 0.674970915625 0.5139870078125 0.677956746875
26 0.4337061765625 0.675775140625 0.429803653125 0.614874271875 0.3752463875 0.6135015171875 0.37486971874999997 0.6747481468750001 0.4337061765625 0.675775140625
18 0.37348535156249996 0.6747239828125 0.3710759265625 0.606538121875 0.3033399375 0.6075646078125 0.30427960781249996 0.67273569375 0.37348535156249996 0.6747239828125
12 0.3034648796875 0.6797441296875 0.3052539484375 0.6078262140625 0.21889914687499998 0.6057005484375 0.2162621125 0.6774417140625 0.3034648796875 0.6797441296875
16 0.21564476406250002 0.67313930625 0.2161650140625 0.6028593343749999 0.1407561359375 0.6000449359375 0.141593684375 0.671066440625 0.21564476406250002 0.67313930625
6 0.1248992796875 0.6754568140625 0.1218234296875 0.6012125953125 0.0313418671875 0.6008661265625 0.035619962500000005 0.6731181390625001 0.1248992796875 0.6754568140625
27 0.90723725625 0.8325900234375 0.78429254375 0.8294870390625 0.7833353421875 0.8843251015625 0.9086888 0.88799573125 0.90723725625 0.8325900234375
25 0.7842898765624999 0.7767320859375 0.6598358890625 0.77443660625 0.6641394125 0.8293664953125001 0.788650565625 0.8310457046874999 0.7842898765624999 0.7767320859375
25 0.7756891218749999 0.829676465625 0.6562570140624999 0.828734765625 0.65794735625 0.882630625 0.7798282140625 0.884263884375 0.7756891218749999 0.829676465625
25 0.659236034375 0.7158983546875 0.5337205625 0.71392116875 0.5353506046875001 0.7712753296875 0.6651138624999999 0.7735403546875 0.659236034375 0.7158983546875
25 0.6615123359374999 0.77397161875 0.5379723453125 0.771815290625 0.539628190625 0.8276873421875001 0.6633143203125 0.8263870140625 0.6615123359374999 0.77397161875
25 0.6561897812499999 0.8275905968749999 0.5334993906250001 0.827086165625 0.5352069796875 0.8799940046874999 0.6544402953125 0.8825694093750001 0.6561897812499999 0.8275905968749999
25 0.5288140125 0.774124871875 0.40378207968749996 0.7719439265625 0.40809415781249997 0.826379784375 0.5317199234375 0.8285376796874999 0.5288140125 0.774124871875
25 0.5311549546875 0.8284949968750001 0.407200146875 0.8273525390625001 0.41153809687500004 0.8803062921875 0.5316568 0.8824029718749999 0.5311549546875 0.8284949968750001
31 0.39926714375 0.7193864953125 0.2792909296875 0.7188696296875 0.28013906718750003 0.7707740890625 0.40465884374999994 0.7719592296875 0.39926714375 0.7193864953125
31 0.40272595312500004 0.7725413750000001 0.278368221875 0.77173155625 0.2835485109375 0.82667676875 0.40721739375 0.8263644796875 0.40272595312500004 0.7725413750000001
31 0.40616321875 0.8269306343749999 0.28532790937499997 0.8252252515625 0.28700969375 0.8796152171875 0.41329169375 0.8803369 0.40616321875 0.8269306343749999
17 0.2740733890625 0.7163076203125 0.1495449890625 0.7156165453125001 0.1546993390625 0.77204384375 0.27922780625 0.7727349390625 0.2740733890625 0.7163076203125
17 0.279883775 0.7734840468749999 0.15467346875000001 0.77352595 0.15725782187499998 0.82644909375 0.284425275 0.8266920734375001 0.279883775 0.7734840468749999
17 0.28003206718749996 0.827815896875 0.15724919843750002 0.8269431421875 0.1615958375 0.8794028656249999 0.288745978125 0.880633884375 0.28003206718749996 0.827815896875
7 0.141609403125 0.7161238187500001 0.02242071875 0.7129033859375 0.0266982375 0.7693153984375 0.154690715625 0.77253789375 0.141609403125 0.7161238187500001
7 0.150485196875 0.7730775203125 0.0240248921875 0.7717396703125 0.028336903125 0.8261755281250001 0.155478421875 0.8279005937499999 0.150485196875 0.7730775203125
7 0.1560935640625 0.82873943125 0.027425714062500002 0.8281363609374999 0.037935512500000004 0.8792210875 0.158948228125 0.8803450125 0.1560935640625 0.82873943125