11 0.81640625 0.22109375 0.10625 0.1234375
10 0.728125 0.2140625 0.0984375 0.128125
9 0.64296875 0.21640625 0.0859375 0.11875
8 0.55859375 0.2046875 0.0953125 0.13125
22 0.475 0.209375 0.075 0.1171875
22 0.40078125 0.20234375 0.0828125 0.1140625
19 0.31015625 0.18984375 0.0921875 0.1296875
19 0.22890625 0.18828125 0.0828125 0.121875
3 0.6859375 0.36328125 0.0609375 0.084375
3 0.74609375 0.36640625 0.0609375 0.0828125
2 0.803125 0.37890625 0.059375 0.0640625
14 0.62109375 0.35 0.0796875 0.1046875
14 0.54453125 0.3453125 0.08125 0.10625
14 0.4640625 0.3375 0.0859375 0.1109375
13 0.38515625 0.33125 0.084375 0.11875
13 0.3078125 0.328125 0.0796875 0.1140625
13 0.228125 0.3203125 0.0875 0.1140625
0 0.63359375 0.4625 0.0640625 0.0703125
1 0.5546875 0.4609375 0.0953125 0.065625
28 0.47734375 0.44921875 0.059375 0.075
29 0.40234375 0.4515625 0.0953125 0.0640625
4 0.321875 0.4390625 0.0625 0.075
5 0.2421875 0.440625 0.0953125 0.065625
15 0.61796875 0.55625 0.08125 0.0875
23 0.5453125 0.54609375 0.071875 0.0859375
24 0.6171875 0.6453125 0.0640625 0.071875
24 0.55625 0.640625 0.059375 0.0703125
24 0.496875 0.6390625 0.0625 0.06875
26 0.44609375 0.64140625 0.0390625 0.05625
30 0.396875 0.63125 0.0625 0.0671875
12 0.3390625 0.6296875 0.0546875 0.065625
16 0.27890625 0.62734375 0.0625 0.071875
6 0.21640625 0.621875 0.05625 0.0703125
27 0.7703125 0.8765625 0.0953125 0.0625
27 0.76953125 0.82265625 0.0953125 0.059375
25 0.671875 0.86953125 0.096875 0.0578125
25 0.67578125 0.815625 0.0984375 0.059375
25 0.5796875 0.85625 0.0921875 0.0546875
25 0.49140625 0.85 0.0921875 0.0578125
31 0.403125 0.84453125 0.0890625 0.0578125
31 0.39921875 0.79375 0.0921875 0.059375
31 0.4078125 0.73046875 0.0890625 0.0578125
17 0.31171875 0.83984375 0.090625 0.0609375
17 0.31015625 0.784375 0.0921875 0.0640625
7 0.221875 0.8375 0.0921875 0.059375
7 0.21875 0.7859375 0.0984375 0.0625
41 0.24296875 0.53203125 0.0359375 0.075
38 0.275 0.5328125 0.034375 0.075
39 0.30703125 0.5359375 0.0359375 0.075
37 0.3390625 0.53828125 0.034375 0.075
35 0.37109375 0.53984375 0.0359375 0.0734375
36 0.48828125 0.54921875 0.0484375 0.075
34 0.4421875 0.54609375 0.046875 0.075
33 0.40390625 0.54375 0.0375 0.0734375