13 0.80234375 0.35078125 0.103125 0.1234375
13 0.72578125 0.3265625 0.1046875 0.140625
13 0.64375 0.30703125 0.1078125 0.134375
14 0.55703125 0.28671875 0.1140625 0.134375
21 0.46484375 0.26796875 0.103125 0.1296875
19 0.3890625 0.246875 0.103125 0.13125
20 0.28515625 0.215625 0.1171875 0.1421875
23 0.7671875 0.48828125 0.0921875 0.0953125
15 0.6921875 0.46640625 0.0859375 0.1
8 0.621875 0.4390625 0.1078125 0.134375
9 0.53984375 0.421875 0.1 0.1296875
10 0.4578125 0.3984375 0.1078125 0.13125
11 0.371875 0.37890625 0.1078125 0.13125
3 0.29765625 0.38046875 0.075 0.090625
2 0.24140625 0.36953125 0.0703125 0.0828125
5 0.73984375 0.575 0.103125 0.075
4 0.66796875 0.5578125 0.065625 0.071875
29 0.5953125 0.5421875 0.103125 0.075
28 0.51640625 0.521875 0.0703125 0.071875
1 0.428125 0.503125 0.10625 0.08125
12 0.709375 0.66015625 0.0671875 0.0765625
6 0.68203125 0.74921875 0.075 0.075
16 0.62734375 0.7375 0.0734375 0.075
30 0.56953125 0.71875 0.06875 0.08125
26 0.525 0.71875 0.046875 0.0640625
24 0.4796875 0.70546875 0.06875 0.0765625
24 0.42265625 0.69140625 0.06875 0.0765625
24 0.36484375 0.6828125 0.0703125 0.075
7 0.6296875 0.928125 0.090625 0.065625
7 0.640625 0.88359375 0.096875 0.0671875
17 0.53984375 0.91640625 0.09375 0.065625
17 0.54609375 0.8625 0.09375 0.071875
31 0.453125 0.9 0.096875 0.071875
31 0.46171875 0.84609375 0.0953125 0.071875
25 0.36640625 0.88203125 0.0953125 0.0703125
25 0.28046875 0.86328125 0.0984375 0.06875
27 0.17265625 0.8421875 0.0953125 0.0671875
27 0.178125 0.79609375 0.103125 0.065625
36 0.371875 0.5828125 0.0609375 0.0796875
34 0.41484375 0.5921875 0.0578125 0.0796875
33 0.4515625 0.5984375 0.0453125 0.0765625
35 0.4828125 0.60625 0.0453125 0.0765625
37 0.51328125 0.61328125 0.04375 0.075
39 0.54453125 0.6203125 0.0453125 0.075
38 0.57578125 0.628125 0.046875 0.075
41 0.60625 0.634375 0.046875 0.075
42 0.6412694953125 0.6769843343749999 0.6623998203125 0.6105915359375 0.6333008328124999 0.60387350625 0.6119683578124999 0.6709506203125 0.6412694953125 0.6769843343749999
40 0.6722606265625 0.6841392015625 0.69154764375 0.6173208421874999 0.6657597375 0.6110017421875 0.6421144921875 0.677544909375 0.6722606265625 0.6841392015625