11 0.8833821937499999 0.30374633281249996 0.8785406124999999 0.160292228125 0.77712581875 0.162188834375 0.7801284421875 0.3086372171875 0.8833821937499999 0.30374633281249996
10 0.778974278125 0.30445585468749997 0.77123209375 0.16394039375 0.68606879375 0.169779359375 0.692154978125 0.3102080328125 0.778974278125 0.30445585468749997
9 0.696317434375 0.30939595937500003 0.6844127921875 0.169692571875 0.592164353125 0.17928109375 0.602542759375 0.31684405937500004 0.696317434375 0.30939595937500003
20 0.525256378125 0.3241260546875 0.50865084375 0.19550870625 0.42227137031249995 0.1971630609375 0.42748077812499996 0.3293040375 0.525256378125 0.3241260546875
20 0.4328512421875 0.3316459296875 0.41476848281249995 0.20501160000000002 0.3390027703125 0.2134035078125 0.3613122265625 0.3340780390625 0.4328512421875 0.3316459296875
19 0.2590415578125 0.2153942296875 0.2855030703125 0.339377015625 0.358680840625 0.331879696875 0.3323149875 0.2099623609375 0.2590415578125 0.2153942296875
19 0.19128809375 0.2242060421875 0.2167569765625 0.3409252765625 0.284241221875 0.33725044843749996 0.26022065781250003 0.2226675515625 0.19128809375 0.2242060421875
14 0.5391228390625 0.45259985468749997 0.521494275 0.3435030421875 0.439175415625 0.3464004234375 0.4522496953125 0.4593794296875 0.5391228390625 0.45259985468749997
13 0.45383460624999994 0.4553416171875 0.44009928125000003 0.35056971406250004 0.37135220156250004 0.3562387984375 0.38503466875000003 0.45791727499999996 0.45383460624999994 0.4553416171875
13 0.38229559218750003 0.45777372656250004 0.3698221203125 0.35512839218750003 0.2974334890625 0.3513346640625 0.31628857187500004 0.45946553906250004 0.38229559218750003 0.45777372656250004
13 0.3136033421875 0.45829459375 0.294336025 0.35426298906250003 0.22560837500000003 0.358902871875 0.2448034046875 0.46087025156249994 0.3136033421875 0.45829459375
2 0.9061354500000001 0.44607870937499994 0.8974475265624999 0.349813078125 0.82606883125 0.35534424531250003 0.8319112046875 0.44733987343750004 0.9061354500000001 0.44607870937499994
0 0.72912815 0.54806574375 0.72067905 0.473447215625 0.655008765625 0.47412645624999994 0.6563272875 0.5483712859375001 0.72912815 0.54806574375
1 0.65764298125 0.54947045625 0.6513945203125 0.48526944531250005 0.5567255234374999 0.48854980000000003 0.5616138234375 0.5475284375 0.65764298125 0.54947045625
28 0.5560279859375 0.549296134375 0.550210275 0.4768759484375 0.48850163125 0.47982324531250004 0.49555296093749995 0.55024764375 0.5560279859375 0.549296134375
29 0.49834587812500003 0.549363796875 0.48656542500000005 0.48590308281250005 0.3947048796875 0.4872701859375 0.4036324140625 0.5485209484375 0.49834587812500003 0.549363796875
4 0.4008854171875 0.5473467671875001 0.39140916406250004 0.4726744078125 0.335766015625 0.475939584375 0.3462443875 0.5483464703125 0.4008854171875 0.5473467671875001
5 0.345298 0.5467515453125 0.33710878125 0.48682725 0.2556469078125 0.4910573171875 0.2629642171875 0.54552726875 0.345298 0.5467515453125
15 0.7375565187500001 0.6677552421875 0.7299554546875 0.5769552171875 0.6529394515625 0.5767822984375 0.6583849625 0.665151365625 0.7375565187500001 0.6677552421875
23 0.658465728125 0.6636102703125 0.648729590625 0.574243678125 0.5758039375 0.5742851250000001 0.5855782375 0.659017734375 0.658465728125 0.6636102703125
24 0.7389138984375 0.7597733796874999 0.7334251109375 0.6876279859375 0.6687400578125 0.6881013031250001 0.6731760984374999 0.75632820625 0.7389138984375 0.7597733796874999
24 0.67120255625 0.7546794484375 0.666498625 0.687211171875 0.6051626125 0.6824513609375 0.6127355921875 0.7500699984375 0.67120255625 0.7546794484375
24 0.6119103531250001 0.7461634296875 0.6049502015625 0.682440228125 0.5479110796875 0.6740422875000001 0.55845800625 0.744134775 0.6119103531250001 0.7461634296875
26 0.55636331875 0.744797659375 0.551295940625 0.6842643109375001 0.5124142375 0.6829992703125 0.5162235796875 0.7442393546875 0.55636331875 0.744797659375
30 0.5140077421875 0.74721388125 0.5072898859375 0.6788673953125001 0.44776901249999995 0.67806603125 0.45648716718750004 0.74419935625 0.5140077421875 0.74721388125
12 0.4535672375 0.740955675 0.444714309375 0.674042621875 0.391383346875 0.672792990625 0.3981009671875 0.7380488109375001 0.4535672375 0.740955675
16 0.3948579765625 0.74096950625 0.3847356015625 0.678625909375 0.331592428125 0.6735228015625 0.34259431406249996 0.73591249375 0.3948579765625 0.74096950625
6 0.3457565375 0.7345328921875 0.33357985625 0.67208163125 0.2895499328125 0.6697741203125 0.29657433437499997 0.72963736875 0.3457565375 0.7345328921875
27 0.9412774015625001 0.9666354171875 0.939955190625 0.9132523171875 0.8366845140624999 0.9039768109375 0.840939453125 0.9551956171875 0.9412774015625001 0.9666354171875
27 0.9408611984374999 0.915617790625 0.9388348984375 0.8560164796875 0.8334276875000001 0.8481743312500001 0.83431995 0.904625553125 0.9408611984374999 0.915617790625
25 0.8316950750000001 0.954711140625 0.8281570296874999 0.90430256875 0.7341063796875 0.8955102625 0.73542535625 0.9442572109375 0.8316950750000001 0.954711140625
25 0.8311577234374999 0.90600515625 0.8279023578125001 0.8502027515625 0.7306072578125 0.8443310687500001 0.7307390109375 0.8961064515625001 0.8311577234374999 0.90600515625
25 0.732465046875 0.9417840749999999 0.7297926218749999 0.8945115250000001 0.63896231875 0.8827973359374999 0.643304634375 0.9332480578125001 0.732465046875 0.9417840749999999
25 0.7318469296875 0.8946191859375 0.7285915640625 0.8388167843750001 0.637396840625 0.8340374703125001 0.6396454421875 0.885151128125 0.7318469296875 0.8946191859375
25 0.7366876421875 0.841559071875 0.7293640453125 0.7847707984375 0.635127028125 0.77905938125 0.6382020875000001 0.8340796718749999 0.7366876421875 0.841559071875
25 0.6432642515625 0.9340186062500001 0.63636206875 0.8888423734374999 0.5515528390625 0.879761728125 0.5582528375 0.9249273625000001 0.6432642515625 0.9340186062500001
25 0.6393627640624999 0.8905449609374999 0.6338107953125001 0.83925818125 0.5426744375 0.8329366 0.5491752 0.8819551125 0.6393627640624999 0.8905449609374999
25 0.6337704125 0.840028728125 0.629528275 0.7834019453125001 0.540323859375 0.77949960625 0.5414881609375 0.8321017640624999 0.6337704125 0.840028728125
31 0.5562792953125 0.9232786046875001 0.54933673125 0.878872921875 0.46561496562500004 0.8683039390625 0.473281803125 0.9150655734375001 0.5562792953125 0.9232786046875001
31 0.5482691953125001 0.879589640625 0.541649690625 0.829019575 0.45784472656249997 0.8199915593749999 0.46440608125000005 0.8682405843750001 0.5482691953125001 0.879589640625
31 0.54469076875 0.829951615625 0.5351513359375 0.77613786875 0.45102111718750004 0.7732741187500001 0.4626396640625 0.82333350625 0.54469076875 0.829951615625
17 0.4690924265625 0.91639134375 0.46243254062499994 0.866591828125 0.38157035625 0.8600360281249999 0.392257853125 0.9085012953125 0.4690924265625 0.91639134375
17 0.46436569843750003 0.86901113125 0.456719040625 0.8183872359375 0.3768823046875 0.8118851796875 0.38342251250000003 0.860905759375 0.46436569843750003 0.86901113125
17 0.461733659375 0.820968034375 0.45022068437499996 0.7655055328125 0.3703009921875 0.760544453125 0.3788573140625 0.8104433578125001 0.461733659375 0.820968034375
7 0.38831077187499996 0.90520378125 0.3784886609375 0.8567838703125 0.29863390624999997 0.8502808671875 0.3072464390625 0.899410053125 0.38831077187499996 0.90520378125
7 0.3803814359375 0.8599737203125001 0.372734778125 0.809349825 0.29604103125000003 0.8014671578125 0.300586553125 0.8496105375 0.3803814359375 0.8599737203125001
7 0.377749396875 0.811930621875 0.3638590546875 0.7625248375 0.287122246875 0.7554125765624999 0.29285912812500003 0.8005277359375 0.377749396875 0.811930621875
36 0.5829842203125 0.65849545625 0.5714233734375 0.5842933453125 0.5298196749999999 0.585010478125 0.5404930046875001 0.658586578125 0.5829842203125 0.65849545625
34 0.53756298125 0.65553553125 0.5274520015624999 0.5831478999999999 0.48509763437500003 0.58324619375 0.49516262656250004 0.653892921875 0.53756298125 0.65553553125
33 0.49279095625 0.6549276234375 0.48342005625000006 0.5831582765625 0.45350518749999996 0.5815905046875 0.46274672812500006 0.653353071875 0.49279095625 0.6549276234375
35 0.4591677328125 0.6545075 0.4492681453125 0.5827409453125 0.420772953125 0.582223571875 0.43127241562499996 0.65304556875 0.4591677328125 0.6545075
37 0.4300004640625 0.652490909375 0.41927361406249997 0.5840969874999999 0.390771346875 0.5835792421875 0.40202863125 0.6524889640625 0.4300004640625 0.652490909375
39 0.39943371875 0.6523529703125 0.387485928125 0.582431065625 0.3622460390625 0.581596296875 0.37148739062499997 0.6518643625 0.39943371875 0.6523529703125
38 0.37026645 0.6503363796875 0.36088806875 0.58103713125 0.332995334375 0.5810393281249999 0.3429688515625 0.6498817703124999 0.37026645 0.6503363796875
41 0.34097165625 0.650753096875 0.329621584375 0.5818385140625 0.303044740625 0.5814216765625 0.31372506875 0.6493251640625 0.34097165625 0.650753096875
42 0.3130763390625 0.649291165625 0.30167525781250004 0.5813499046875 0.27576618750000004 0.5804800671875 0.2870506921875 0.6493912140625 0.3130763390625 0.649291165625
18 0.828721734375 0.44150651874999997 0.813047390625 0.32787614062500003 0.5351580703125001 0.3473097875 0.5469359125000001 0.45300932187500004 0.828721734375 0.44150651874999997