21 0.92734375 0.2171875 0.1421875 0.1609375
21 0.8171875 0.19609375 0.13125 0.159375
20 0.7171875 0.175 0.121875 0.1578125
22 0.6265625 0.16484375 0.1140625 0.1453125
8 0.53125 0.13203125 0.134375 0.16875
9 0.43125 0.11953125 0.1203125 0.1546875
10 0.33984375 0.09921875 0.115625 0.15625
13 0.89765625 0.3734375 0.1265625 0.1546875
13 0.7984375 0.35234375 0.1296875 0.1546875
13 0.70234375 0.3359375 0.11875 0.14375
14 0.609375 0.31640625 0.1203125 0.1421875
14 0.515625 0.2984375 0.1203125 0.1453125
14 0.421875 0.27734375 0.115625 0.146875
2 0.2078125 0.25078125 0.0828125 0.1
0 0.3765625 0.40703125 0.0890625 0.09375
1 0.4671875 0.42890625 0.121875 0.0921875
28 0.559375 0.4421875 0.090625 0.0953125
29 0.6546875 0.46875 0.1265625 0.0953125
4 0.74453125 0.48125 0.0875 0.1
5 0.834375 0.5046875 0.1296875 0.0953125
23 0.446875 0.534375 0.1015625 0.109375
15 0.365625 0.5171875 0.1015625 0.1125
26 0.5171875 0.66875 0.0640625 0.0765625
30 0.58046875 0.67734375 0.084375 0.0921875
12 0.64921875 0.69453125 0.084375 0.090625
16 0.72109375 0.7109375 0.084375 0.0890625
6 0.79140625 0.72265625 0.090625 0.0953125
18 0.39296875 0.63125 0.2140625 0.128125
7 0.76328125 0.8484375 0.1234375 0.0875
7 0.74609375 0.90859375 0.121875 0.0828125
7 0.734375 0.96328125 0.121875 0.0734375
17 0.6546875 0.82421875 0.1203125 0.0859375
17 0.6390625 0.8859375 0.1171875 0.08125
17 0.625 0.94453125 0.11875 0.0828125
31 0.5484375 0.79921875 0.1171875 0.084375
31 0.53359375 0.86171875 0.1171875 0.084375
31 0.5203125 0.9234375 0.115625 0.0796875
25 0.44140625 0.77890625 0.115625 0.08125
25 0.4296875 0.8375 0.1171875 0.0796875
25 0.4171875 0.89921875 0.115625 0.084375
25 0.3234375 0.81328125 0.115625 0.0859375
25 0.315625 0.8765625 0.1140625 0.08125
25 0.21953125 0.79296875 0.1125 0.0828125
25 0.21171875 0.85390625 0.1125 0.0828125
27 0.11875 0.76796875 0.1109375 0.0796875
27 0.1109375 0.8296875 0.109375 0.0765625
34 0.56875 0.5625 0.065625 0.0921875
33 0.61328125 0.5734375 0.053125 0.090625
35 0.65078125 0.58046875 0.053125 0.0921875
37 0.6890625 0.58828125 0.05625 0.09375
39 0.728125 0.59609375 0.05625 0.0953125
38 0.76640625 0.60625 0.0578125 0.09375
41 0.80546875 0.6140625 0.0578125 0.0953125
42 0.84140625 0.6203125 0.0578125 0.096875
36 0.5283208828125 0.59782068125 0.5500875890625 0.516326115625 0.500162371875 0.50402834375 0.480214053125 0.586703828125 0.5283208828125 0.59782068125