11 0.071875 0.35 0.1375 0.1171875
10 0.18828125 0.33515625 0.13125 0.1140625
9 0.30859375 0.31484375 0.1453125 0.1234375
8 0.42578125 0.30234375 0.1359375 0.1109375
20 0.534375 0.2890625 0.121875 0.1046875
20 0.64140625 0.2703125 0.121875 0.103125
19 0.7515625 0.25546875 0.121875 0.103125
19 0.86015625 0.23828125 0.115625 0.1046875
2 0.0828125 0.478125 0.096875 0.075
18 0.20546875 0.45703125 0.15625 0.0859375
14 0.33125 0.43046875 0.1296875 0.0921875
14 0.43828125 0.415625 0.1171875 0.0953125
14 0.54453125 0.39765625 0.1171875 0.096875
13 0.6640625 0.37578125 0.125 0.1015625
13 0.7703125 0.36171875 0.115625 0.1015625
13 0.878125 0.34375 0.125 0.1046875
5 0.88203125 0.44453125 0.1421875 0.0640625
4 0.76640625 0.45546875 0.0953125 0.0734375
29 0.65859375 0.47734375 0.1421875 0.06875
28 0.5484375 0.490625 0.0953125 0.0703125
1 0.434375 0.5140625 0.1421875 0.065625
0 0.32109375 0.52578125 0.1 0.065625
15 0.3546875 0.6078125 0.1140625 0.078125
23 0.45703125 0.5890625 0.1125 0.0796875
24 0.36484375 0.6953125 0.096875 0.0734375
24 0.45 0.68203125 0.090625 0.0734375
24 0.53125 0.67109375 0.0953125 0.0734375
26 0.60625 0.66484375 0.0609375 0.0578125
30 0.675 0.64765625 0.09375 0.075
12 0.7609375 0.634375 0.096875 0.0765625
16 0.84765625 0.62109375 0.0890625 0.075
6 0.92890625 0.60625 0.09375 0.0734375
27 0.2484375 0.85625 0.1390625 0.0703125
27 0.25390625 0.90625 0.1375 0.06875
25 0.4171875 0.77421875 0.1328125 0.065625
25 0.42265625 0.82890625 0.1375 0.06875
25 0.42734375 0.878125 0.134375 0.065625
25 0.54453125 0.7578125 0.134375 0.065625
25 0.553125 0.809375 0.134375 0.0609375
25 0.55703125 0.85703125 0.1296875 0.0609375
31 0.68125 0.78828125 0.128125 0.065625
31 0.68203125 0.83671875 0.1390625 0.0625
31 0.66171875 0.73046875 0.125 0.0609375
17 0.81796875 0.8109375 0.1296875 0.0640625
17 0.79296875 0.75234375 0.1296875 0.0625
7 0.93984375 0.7875 0.1203125 0.065625
7 0.92734375 0.740625 0.1453125 0.06875
7 0.90625 0.69140625 0.15 0.0703125
42 0.9328125 0.51796875 0.053125 0.0703125
41 0.8875 0.52421875 0.05625 0.06875
38 0.8421875 0.53046875 0.0546875 0.0703125
39 0.796875 0.53828125 0.053125 0.0703125
34 0.609375 0.56796875 0.06875 0.071875
36 0.5453125 0.57890625 0.071875 0.071875
37 0.753125 0.5453125 0.0515625 0.06875
35 0.71015625 0.55234375 0.0546875 0.06875
33 0.665625 0.55859375 0.05625 0.0703125