13 0.203354396875 0.29750263593750004 0.287903515625 0.3056438140625 0.29793875000000003 0.190441015625 0.2117220359375 0.18672020625000002 0.203354396875 0.29750263593750004
13 0.2869186 0.3055749421875 0.3655064359375 0.3140422328125 0.3787033 0.1960886234375 0.2968288921875 0.19081508281249998 0.2869186 0.3055749421875
14 0.36555813593750003 0.3133028828125 0.4471524265625 0.3212374375 0.45775904062499995 0.2120184234375 0.37513205312500003 0.20371606875 0.36555813593750003 0.3133028828125
14 0.4493291390625 0.31841775625 0.5279169765625 0.3268850453125 0.538523515625 0.21766602499999999 0.459980553125 0.21150562812499998 0.4493291390625 0.31841775625
14 0.5271387875 0.3238587359375 0.6066081375000001 0.3338736296875 0.620583190625 0.21894634218750003 0.539123375 0.21239889843749998 0.5271387875 0.3238587359375
19 0.6016317718749999 0.3342686140625 0.6872693609375 0.340999971875 0.7082421671875 0.22507605625 0.62286949375 0.21825499843750001 0.6016317718749999 0.3342686140625
19 0.69032744375 0.339727853125 0.778816309375 0.3481445234375 0.7968344375 0.232013996875 0.7067447890625 0.2222637546875 0.69032744375 0.339727853125
20 0.7798530015625 0.34747405 0.860410675 0.3560790859375 0.877185453125 0.24357650312499998 0.7926310828124999 0.23291044374999997 0.7798530015625 0.34747405
2 0.6412594687500001 0.4611169421875 0.692424253125 0.46543769843750005 0.701378946875 0.39399505156250003 0.6492926125 0.3890327046875 0.6412594687500001 0.4611169421875
3 0.5850666171875 0.457930521875 0.6431776046875 0.46199403749999995 0.6523908046875 0.3868545796875 0.592899184375 0.3813765453125 0.5850666171875 0.457930521875
3 0.523119134375 0.452112796875 0.5879695921875 0.45887653906250003 0.5973380484375 0.3815189546875 0.5351450171875001 0.37548160625000004 0.523119134375 0.452112796875
18 0.44634610625000004 0.4460013390625 0.524207528125 0.4507029734375 0.5348683656250001 0.354861315625 0.45528298593749994 0.349476996875 0.44634610625000004 0.4460013390625
10 0.3656849609375 0.43887497187499996 0.4434429765625 0.44505536562500003 0.45726552500000006 0.34646287343750004 0.37289760781250003 0.3418596765625 0.3656849609375 0.43887497187499996
9 0.28403896875 0.43167979531249995 0.3645966375 0.440284859375 0.371576309375 0.3404709 0.2917437890625 0.334328475 0.28403896875 0.43167979531249995
8 0.19923134375 0.4272354 0.2768341859375 0.43563384374999997 0.290447328125 0.3258820984375 0.1963925484375 0.31745080937500003 0.19923134375 0.4272354
0 0.61529005625 0.5494154296875 0.675319178125 0.5543560421875 0.6867635390625 0.4897742734375 0.619111084375 0.48438183593749995 0.61529005625 0.5494154296875
18 0.5246244734375 0.5438184421875001 0.6113502343749999 0.5491399296874999 0.619529559375 0.48878770468750005 0.531476515625 0.48103839062500003 0.5246244734375 0.5438184421875001
28 0.45744219375000006 0.542092521875 0.5225512359375 0.5451594265625 0.5321807125 0.4782218375 0.46147133125 0.473358590625 0.45744219375000006 0.542092521875
29 0.3620071265625 0.5339330890625 0.4555757625 0.5404760453125 0.4632896984375 0.4867780875 0.3693670109375 0.480840834375 0.3620071265625 0.5339330890625
4 0.3011481171875 0.526705490625 0.361280715625 0.53016740625 0.3679553625 0.46302319374999995 0.304154528125 0.45771699374999997 0.3011481171875 0.526705490625
5 0.2035880328125 0.52062641875 0.2990231 0.5287858515625 0.302952396875 0.4725942890625 0.20958708593750003 0.4650269984375 0.2035880328125 0.52062641875
15 0.59415680625 0.63932390625 0.665071953125 0.6442827765625 0.67190170625 0.5749204406249999 0.5996216999999999 0.5684122046875 0.59415680625 0.63932390625
23 0.525263121875 0.6337634249999999 0.59514165 0.6393927734375 0.6019715531250001 0.5700304484375 0.5294227484375 0.563503415625 0.525263121875 0.6337634249999999
36 0.47912640624999997 0.628308275 0.5233449890624999 0.6328863015625 0.5281532062500001 0.5641255984375 0.485021978125 0.5613267984375 0.47912640624999997 0.628308275
34 0.43179788906249994 0.6257417390625 0.47404663593749996 0.63018201875 0.4798914734375 0.560750809375 0.43575955625 0.5578820343750001 0.43179788906249994 0.6257417390625
33 0.3969673484375 0.6219354828125 0.428329765625 0.6245929109375 0.4367733078125 0.55692225625 0.4028955015625 0.5542380828125 0.3969673484375 0.6219354828125
35 0.3655402578125 0.6202022406250001 0.3969350359375 0.622397578125 0.404730690625 0.5551459890625 0.37206611875 0.5526624 0.3655402578125 0.6202022406250001
37 0.3335945828125 0.6170396546875 0.364956996875 0.6196971015625 0.3721370796875 0.55240245 0.3405073796875 0.550455596875 0.3335945828125 0.6170396546875
39 0.3022967921875 0.613458021875 0.333043634375 0.616072421875 0.34135792343750004 0.5502501625 0.3067202015625 0.546932734375 0.3022967921875 0.613458021875
38 0.26714389843749997 0.6119286171875 0.30093634375 0.615220340625 0.3074685390625 0.5483447578125 0.274311 0.5458266953125 0.26714389843749997 0.6119286171875
39 0.233319140625 0.60909900625 0.26775951875000004 0.6119716656249999 0.274227040625 0.5460202859375001 0.24052382031250003 0.5423038328125 0.233319140625 0.60909900625
18 0.2040280640625 0.5945130203125 0.2341916 0.5966222609375 0.24228136406249998 0.5428577015625 0.20734489374999998 0.5411439687499999 0.2040280640625 0.5945130203125
24 0.5940862375 0.7222805609375 0.653117628125 0.7273371640625 0.6643483125 0.6640406624999999 0.602074340625 0.65924436875 0.5940862375 0.7222805609375
24 0.536675515625 0.7205878171875 0.5926612109375 0.7249670906250001 0.6027253765625 0.6606602921875 0.5427651203125 0.6556771796875001 0.536675515625 0.7205878171875
24 0.480722040625 0.7157464609375 0.5347641203125 0.7213828859375 0.5435324171875 0.657914196875 0.48491461406249997 0.6533722296875 0.480722040625 0.7157464609375
18 0.42781421406250003 0.7115824140625 0.479490846875 0.7156603687499999 0.48770824218750003 0.65122443125 0.433504490625 0.647456815625 0.42781421406250003 0.7115824140625
30 0.36884744999999997 0.705601621875 0.4266799578125 0.71011005625 0.4354483046875 0.6466413359375001 0.37581545781250003 0.6428426890625001 0.36884744999999997 0.705601621875
12 0.31338034375 0.7026516921875 0.36943075468750003 0.7061068015624999 0.377064846875 0.6411656859375 0.3182475296875 0.6364966796875 0.31338034375 0.7026516921875
16 0.25749154218750003 0.6968861328125 0.3109503578125 0.7020174531250001 0.31897383125 0.6403540796875 0.2633144515625 0.636716203125 0.25749154218750003 0.6968861328125
6 0.196516490625 0.6930866953125 0.25684365625 0.6973051828125 0.26382985625 0.632783153125 0.20051991875000003 0.627684246875 0.196516490625 0.6930866953125
7 0.1775521984375 0.787362778125 0.268010634375 0.7941526031249999 0.2712403421875 0.73911946875 0.1793581953125 0.7312056234375001 0.1775521984375 0.787362778125
7 0.1780127375 0.8250082593749999 0.264162065625 0.831496725 0.268723146875 0.792809346875 0.1770222875 0.7867334968749999 0.1780127375 0.8250082593749999
17 0.26736274843749996 0.794571653125 0.3566869265625 0.7998890984375 0.3633839296875 0.7483489546875 0.2715637640625 0.73997373125 0.26736274843749996 0.794571653125
17 0.265104059375 0.8445647031249999 0.354946871875 0.8513115156250001 0.3585336484375 0.800018234375 0.268619603125 0.7931386046875 0.265104059375 0.8445647031249999
31 0.35963392031249997 0.79312975625 0.4452646109375 0.7981889125 0.452415621875 0.7490023203125 0.364213384375 0.74239160625 0.35963392031249997 0.79312975625
31 0.3543636140625 0.8508063390625 0.44180870937499994 0.8564567437499999 0.44672361875 0.8038632734375 0.3587178359375 0.7988587703125 0.3543636140625 0.8508063390625
25 0.4465943671875 0.8057116671875001 0.5358216062500001 0.8124154156250001 0.5421291828125 0.757597509375 0.45483913437499995 0.7516293609375 0.4465943671875 0.8057116671875001
25 0.44359085 0.85751010625 0.5291569140625 0.86349346875 0.5376683734375 0.8125445546875 0.44727662031250004 0.8044712875 0.44359085 0.85751010625
25 0.5363726 0.8133826546874999 0.6236561296875001 0.8213436 0.6317781625000001 0.76711690625 0.5439657999999999 0.760182171875 0.5363726 0.8133826546874999
25 0.5311006234375 0.8622362875 0.6184164671875 0.8697351046874999 0.625567528125 0.8205484953125 0.5372133812500001 0.812500628125 0.5311006234375 0.8622362875
25 0.619096715625 0.868853928125 0.7077406484375001 0.875052515625 0.7141791453125 0.8272091953125 0.6310795046875 0.819644503125 0.619096715625 0.868853928125
18 0.6270248671875 0.817399871875 0.7125585703125 0.8238453437500001 0.7161453453125 0.7725520640625 0.6363732109375 0.7660638109375 0.6270248671875 0.817399871875
27 0.707125028125 0.8750094671875001 0.796287640625 0.882637421875 0.804443653125 0.83677161875 0.7193960781250001 0.828720784375 0.707125028125 0.8750094671875001
27 0.7108071687499999 0.8135069250000001 0.7951420375 0.81940419375 0.806408278125 0.77329154375 0.7206365875 0.7667350265625 0.7108071687499999 0.8135069250000001