11 0.0984375 0.184375 0.13125 0.15
10 0.2015625 0.1609375 0.121875 0.15
9 0.296875 0.14375 0.121875 0.1484375
8 0.3890625 0.125 0.125 0.1484375
20 0.5373183421875 0.157835546875 0.5168045343750001 0.0314326734375 0.43616076562500006 0.043398784375 0.45433611875 0.176993503125 0.5373183421875 0.157835546875
20 0.63075484375 0.14006515625 0.6130386140625 0.009215285937500001 0.5255727703125 0.024656959375000002 0.5361157015625 0.1581131984375 0.63075484375 0.14006515625
19 0.6640625 0.0703125 0.1125 0.140625
19 0.75078125 0.059375 0.1265625 0.11875
13 0.78046875 0.1953125 0.10625 0.134375
13 0.69921875 0.21328125 0.1078125 0.134375
13 0.615625 0.234375 0.1109375 0.1375
14 0.53125 0.25546875 0.109375 0.1296875
14 0.4390625 0.27421875 0.109375 0.13125
14 0.3546875 0.29375 0.1015625 0.134375
2 0.1453125 0.3515625 0.0875 0.1015625
0 0.36875 0.428125 0.075 0.078125
1 0.4546875 0.40859375 0.1125 0.0828125
28 0.5453125 0.38125 0.084375 0.0890625
29 0.62890625 0.36796875 0.115625 0.0828125
4 0.703125 0.34296875 0.0703125 0.084375
5 0.7859375 0.33125 0.1171875 0.0828125
15 0.3984375 0.51875 0.0953125 0.09375
23 0.478125 0.49921875 0.09375 0.0921875
24 0.41328125 0.628125 0.0828125 0.0875
24 0.475 0.61171875 0.0796875 0.084375
24 0.54375 0.59453125 0.08125 0.084375
26 0.5921875 0.58671875 0.053125 0.065625
30 0.64296875 0.5703125 0.075 0.0796875
12 0.70546875 0.55546875 0.075 0.08125
16 0.765625 0.53984375 0.0734375 0.08125
6 0.8296875 0.52421875 0.084375 0.084375
27 0.3828125 0.87421875 0.1109375 0.0796875
25 0.4828125 0.846875 0.1046875 0.075
25 0.46796875 0.79609375 0.109375 0.0796875
25 0.5765625 0.821875 0.10625 0.075
25 0.56875 0.771875 0.1046875 0.078125
25 0.5578125 0.71484375 0.109375 0.08125
31 0.67109375 0.79609375 0.1046875 0.0734375
31 0.65859375 0.7453125 0.1046875 0.0703125
31 0.65390625 0.6921875 0.1078125 0.075
7 0.85859375 0.74609375 0.1046875 0.075
7 0.85 0.6921875 0.103125 0.0765625
17 0.76640625 0.771875 0.1046875 0.071875
17 0.76171875 0.71953125 0.1078125 0.078125
33 0.6505626421875 0.4942234640625 0.6382198406249999 0.4191499328125 0.6065277484375 0.42694177031249997 0.6185885140625 0.5011301328125 0.6505626421875 0.4942234640625
35 0.6836352671875 0.48658804531250005 0.6717976250000001 0.41092275 0.6396003734375 0.4193063546875 0.6536733890625 0.49398043124999996 0.6836352671875 0.48658804531250005
37 0.7178063890625 0.47822388125000004 0.7050863781250001 0.40418771875 0.6724647109374999 0.41076874218750004 0.6861446921875001 0.48648384062499994 0.7178063890625 0.47822388125000004
39 0.7506098671875 0.47025465000000005 0.7369882421875 0.3953971703125 0.7068677859375 0.40195507499999994 0.71954164375 0.47742731406249994 0.7506098671875 0.47025465000000005
38 0.7835957062500001 0.46224331875 0.770415853125 0.3892636 0.7396996703125 0.39556308906250004 0.75193959375 0.46915575625 0.7835957062500001 0.46224331875
42 0.8498081234375 0.444977225 0.839651384375 0.371299565625 0.8100944640625001 0.3781233171875 0.8172365984375001 0.452496953125 0.8498081234375 0.444977225
41 0.8156294515625 0.45462148750000003 0.799729615625 0.3798940234375 0.7699657671875 0.3881230953125 0.7854890390625 0.4612405640625 0.8156294515625 0.45462148750000003