15 0.765625 0.0703125 0.10625 0.140625
23 0.69140625 0.07734375 0.1109375 0.1546875
14 0.6015625 0.08359375 0.121875 0.1671875
14 0.52265625 0.0921875 0.1203125 0.184375
14 0.46328125 0.1890625 0.1140625 0.196875
19 0.3859375 0.2015625 0.1203125 0.2
13 0.30390625 0.2015625 0.11875 0.196875
13 0.5 0.41171875 0.1265625 0.221875
13 0.41875 0.42734375 0.121875 0.203125
8 0.33125 0.4328125 0.11875 0.2171875
9 0.25625 0.43828125 0.11875 0.2140625
10 0.15625 0.47265625 0.11875 0.19375
11 0.08515625 0.48515625 0.1171875 0.1984375
1 0.13203125 0.69140625 0.109375 0.11875
0 0.20546875 0.67109375 0.0828125 0.125
29 0.27734375 0.66953125 0.103125 0.1109375
28 0.34453125 0.64609375 0.084375 0.1296875
5 0.41796875 0.646875 0.103125 0.115625
4 0.4859375 0.62109375 0.0859375 0.1421875
12 0.54375 0.6125 0.0921875 0.140625
16 0.1421875 0.85 0.0859375 0.140625
6 0.19921875 0.84140625 0.08125 0.13125
6 0.2515625 0.8296875 0.0796875 0.1328125
30 0.30859375 0.82890625 0.084375 0.128125
24 0.36328125 0.8171875 0.0859375 0.1390625
24 0.4203125 0.809375 0.0875 0.1375
24 0.475 0.7953125 0.084375 0.140625
3 0.528125 0.78515625 0.0859375 0.1453125
2 0.58125 0.778125 0.0859375 0.1390625
17 0.215909315625 1 0.225515615625 0.9709098484375 0.1466185875 0.983589965625 0.13737145312500001 1 0.215909315625 1
7 0.29987319375 1 0.31156024531250004 0.9568403812499999 0.22573904374999998 0.9704870046874999 0.215628465625 1 0.29987319375 1
31 0.335043803125 1 0.3861309953125 0.992048821875 0.3940606875 0.9464951625 0.3111837859375 0.9591900546875 0.29962188125 1 0.335043803125 1
18 0.3872603671875 0.992385371875 0.479473990625 0.977918571875 0.4807581359375 0.9361764062500001 0.3932878046875 0.947992346875 0.3872603671875 0.992385371875
31 0.4806784859375 0.9776844421875 0.568482571875 0.9623459140625 0.5639029875 0.9204468968749999 0.48027240468750004 0.9336775375 0.4806784859375 0.9776844421875
18 0.5701054359375 0.9624626734374999 0.657494703125 0.9497980625 0.6513537671875 0.9082025437500001 0.5650631125000001 0.9210858203125 0.5701054359375 0.9624626734374999
18 0.6586877296875 0.9495661609375 0.7416110140625001 0.939066290625 0.72796404375 0.8972009406250001 0.6512612625 0.9060594546875 0.6586877296875 0.9495661609375
40 0.7523679421875 0.7350391046875 0.7708904125 0.8608486328125 0.8021993843749999 0.856941403125 0.7830673406249999 0.7299431937499999 0.7523679421875 0.7350391046875
41 0.8023914546875 0.8564683437499999 0.8332952015625 0.852204159375 0.8141631578125 0.72520595 0.7836969515625001 0.7298208093749999 0.8023914546875 0.8564683437499999
45 0.8337408265624999 0.8529889859375 0.8636214703125 0.85023084375 0.8447809453125 0.719690178125 0.8129739031250001 0.724129946875 0.8337408265624999 0.8529889859375
44 0.8629559921875 0.8486173046875001 0.8959648671875 0.8435081999999999 0.8778355671875 0.7132650109374999 0.8442096578125 0.716751159375 0.8629559921875 0.8486173046875001
43 0.8948455796875001 0.841111425 0.926571009375 0.836251796875 0.909899090625 0.7118254546875 0.8798876265625 0.713737578125 0.8948455796875001 0.841111425
33 0.8554810875 0.6716071609375 0.8882087359374999 0.6671737359375001 0.8665705109375 0.539491915625 0.8341784953125 0.5454026484375001 0.8554810875 0.6716071609375
33 0.8560231078125 0.672658715625 0.8348801953124999 0.5460375265625 0.800744234375 0.5519016109375 0.8237033234375 0.6789410453125 0.8560231078125 0.672658715625
37 0.771128103125 0.5557302187500001 0.7922787484375 0.682735540625 0.82306355 0.67713721875 0.8024159484375 0.5515766625 0.771128103125 0.5557302187500001
34 0.7255496421875 0.5638185 0.746149190625 0.6909309453125 0.7912818734375 0.6833149515625 0.7672083109375001 0.5564921484375 0.7255496421875 0.5638185
35 0.80673300625 0.365631734375 0.8259565046875 0.4972536640625 0.8584826765625 0.49054557968749996 0.838443934375 0.36216721406249996 0.80673300625 0.365631734375
35 0.7938896421875 0.5050293796875 0.8257707265625 0.5007605093749999 0.8053502187499999 0.36744306875 0.771627034375 0.37245564375 0.7938896421875 0.5050293796875
35 0.7383888562500001 0.37698830625 0.7620976671874999 0.5081240171875 0.79378118125 0.5042791875 0.770997565625 0.3721923640625 0.7383888562500001 0.37698830625
36 0.6971429640625 0.383463146875 0.7144921625 0.5146781296875 0.7581592859375 0.506961375 0.73902863125 0.3787921328125 0.6971429640625 0.383463146875
38 0.791146809375 0.182784334375 0.8128526578124999 0.31392374218749997 0.845207965625 0.30917705624999997 0.8248699921875 0.17777175781250001 0.791146809375 0.182784334375
32 0.7590953375 0.18747196093750002 0.780317275 0.3206336171875 0.813930425 0.31487115781249997 0.790589571875 0.18289265 0.7590953375 0.18747196093750002
39 0.727188328125 0.19290278125 0.74903091875 0.32632943281250004 0.7811153281250001 0.32009285468750004 0.75931203125 0.1885867515625 0.727188328125 0.19290278125
42 0.6983105734375 0.2065863421875 0.7182658546875 0.3407654875 0.749533921875 0.33623013749999997 0.7298770375 0.20237862812500002 0.6983105734375 0.2065863421875
46 0.6952922078125 0.1971745734375 0.66482933125 0.2023246828125 0.6845068249999999 0.3392572828125 0.717032996875 0.3325491984375 0.6952922078125 0.1971745734375