13 0.103125 0.21328125 0.1140625 0.1421875
13 0.20234375 0.2234375 0.0921875 0.1265625
14 0.28671875 0.2203125 0.0875 0.1296875
14 0.3734375 0.21796875 0.090625 0.13125
19 0.46171875 0.21328125 0.0875 0.1375
19 0.54375 0.21796875 0.08125 0.125
22 0.6234375 0.2171875 0.08125 0.1234375
20 0.6984375 0.21875 0.0734375 0.115625
9 0.37421875 0.359375 0.0921875 0.1078125
15 0.21875 0.3703125 0.0875 0.0953125
23 0.128125 0.36796875 0.0921875 0.0953125
1 0.5140625 0.478125 0.096875 0.0640625
28 0.425 0.475 0.0640625 0.071875
29 0.33984375 0.48359375 0.1 0.0625
4 0.25 0.4765625 0.0671875 0.08125
5 0.1546875 0.4890625 0.1078125 0.0640625
6 0.153125 0.69296875 0.071875 0.0703125
16 0.21953125 0.68828125 0.065625 0.06875
26 0.340625 0.6828125 0.0484375 0.0671875
24 0.403125 0.67578125 0.0625 0.075
24 0.46171875 0.67265625 0.05625 0.0703125
24 0.525 0.67109375 0.0609375 0.071875
7 0.17109375 0.93203125 0.1015625 0.05
7 0.17265625 0.86953125 0.103125 0.0640625
17 0.28046875 0.9203125 0.103125 0.059375
17 0.27578125 0.86328125 0.1046875 0.059375
31 0.37890625 0.796875 0.1015625 0.0671875
31 0.384375 0.8609375 0.1046875 0.065625
31 0.3875 0.915625 0.096875 0.0515625
25 0.48984375 0.9015625 0.096875 0.0625
25 0.5921875 0.8890625 0.0921875 0.059375
25 0.5859375 0.8296875 0.096875 0.0609375
25 0.4890625 0.834375 0.0859375 0.0578125
27 0.68125 0.88359375 0.0890625 0.0578125
35 0.41484375 0.578125 0.0359375 0.078125
39 0.3453125 0.57890625 0.034375 0.078125
38 0.30859375 0.58125 0.0359375 0.0796875
33 0.4890625 0.57421875 0.05 0.0796875
40 0.2168456375 0.6247523921875 0.20850002812500001 0.5444459968750001 0.17619813281250002 0.5467462046875 0.1821571328125 0.626515465625 0.2168456375 0.6247523921875
41 0.290850478125 0.621145465625 0.2809723609375 0.5414446125000001 0.24789596406249997 0.5426007546875 0.25770458125 0.6228816125 0.290850478125 0.621145465625
18 0.56640625 0.35234375 0.28125 0.1125
18 0.2984375 0.36484375 0.0703125 0.0984375
18 0.14765625 0.58515625 0.0640625 0.0890625
18 0.2875 0.684375 0.059375 0.071875
18 0.53984375 0.565625 0.046875 0.06875
18 0.44921875 0.56953125 0.0328125 0.06875
18 0.3796875 0.5734375 0.034375 0.06875
18 0.23359375 0.578125 0.0359375 0.071875