11 0.796875 0.23359375 0.0953125 0.109375
9 0.6328125 0.228125 0.084375 0.121875
8 0.54453125 0.23125 0.0875 0.125
20 0.45703125 0.2296875 0.08125 0.11875
20 0.37734375 0.23203125 0.075 0.11875
19 0.28203125 0.23515625 0.078125 0.109375
19 0.20234375 0.2328125 0.071875 0.1140625
3 0.7390625 0.38046875 0.0625 0.08125
3 0.678125 0.3796875 0.059375 0.08125
14 0.6109375 0.36875 0.0796875 0.103125
14 0.53125 0.36796875 0.075 0.10625
14 0.453125 0.36640625 0.078125 0.1015625
13 0.3765625 0.36171875 0.075 0.1125
13 0.3015625 0.359375 0.075 0.1078125
13 0.22734375 0.359375 0.0796875 0.1109375
0 0.61796875 0.4828125 0.0578125 0.071875
1 0.5421875 0.484375 0.09375 0.059375
28 0.46796875 0.47421875 0.05625 0.075
29 0.3953125 0.48125 0.090625 0.059375
4 0.29609375 0.46953125 0.059375 0.078125
5 0.21875 0.47421875 0.0875 0.0625
15 0.61484375 0.57578125 0.075 0.084375
23 0.53671875 0.57578125 0.075 0.078125
24 0.59609375 0.6703125 0.0625 0.06875
24 0.5375 0.6703125 0.0578125 0.06875
24 0.47734375 0.66640625 0.0609375 0.0671875
30 0.38828125 0.66171875 0.05625 0.065625
12 0.32890625 0.659375 0.05625 0.0625
16 0.27421875 0.65390625 0.053125 0.0640625
6 0.21640625 0.65234375 0.05625 0.0640625
27 0.76015625 0.8921875 0.0984375 0.0625
25 0.66171875 0.884375 0.09375 0.05625
31 0.38359375 0.7609375 0.0875 0.05625
31 0.3859375 0.8609375 0.0875 0.05
33 0.38671875 0.5734375 0.028125 0.0703125
37 0.325 0.56875 0.03125 0.0765625
25 0.610059809375 0.8513888890624999 0.5226938765625 0.8433031218749999 0.5214597234375 0.8961113234375 0.61278846875 0.9044494765625 0.610059809375 0.8513888890624999
25 0.7022659859375 0.858126465625 0.704967215625 0.80335648125 0.6115543156250001 0.7969801296875 0.6109372375000001 0.8497883312500001 0.7022659859375 0.858126465625
25 0.6109372375000001 0.8497883312500001 0.610059809375 0.7958333328125 0.5220768 0.78771553125 0.5220768 0.84283988125 0.6109372375000001 0.8497883312500001
25 0.5177572140625 0.8460825296875001 0.5182388203125 0.79351851875 0.42951380468749994 0.7844729171875 0.43074805312500003 0.83728111875 0.5177572140625 0.8460825296875001
25 0.5165230140625 0.8961113234375 0.5182388203125 0.8456018515625001 0.4282796515625 0.8386708234375 0.428896775 0.889162875 0.5165230140625 0.8961113234375
31 0.43136508281249997 0.8395972687500001 0.42796104375 0.790046296875 0.3406534140625 0.7844729171875 0.34497299843749996 0.8345017468749999 0.43136508281249997 0.8395972687500001
17 0.33818510625 0.7821567671875 0.33922647499999997 0.7258101859375 0.25364420625 0.7228633484375 0.25364420625 0.77659800625 0.33818510625 0.7821567671875
17 0.3431217203125 0.832185596875 0.3399980796875 0.7825231484375 0.2573467625 0.77659800625 0.2591980390625 0.8257003703124999 0.3431217203125 0.832185596875
17 0.3406534140625 0.8798982765625001 0.33922647499999997 0.8317129624999999 0.2561126078125 0.8252371484375001 0.2573467625 0.8734130671875 0.3406534140625 0.8798982765625001
7 0.2548784546875 0.8715601765625 0.25589314218750003 0.8241898140625 0.1734229859375 0.8201416265624999 0.176508415625 0.86646461875 0.2548784546875 0.8715601765625
7 0.2585809140625 0.824773925 0.25666474687499996 0.7767361109375 0.17280595625 0.7691863328124999 0.1758913859375 0.816435771875 0.2585809140625 0.824773925
7 0.2561126078125 0.7701127796875 0.25434993281249996 0.7223379624999999 0.1746572328125 0.714525196875 0.17959384843749998 0.7627011078125 0.2561126078125 0.7701127796875