11 0.92109375 0.23046875 0.1265625 0.153125
10 0.8265625 0.2140625 0.1265625 0.153125
9 0.7390625 0.20078125 0.109375 0.1453125
8 0.653125 0.18515625 0.1109375 0.1453125
22 0.5640625 0.16953125 0.1078125 0.1375
22 0.4765625 0.15078125 0.1078125 0.1375
21 0.38671875 0.128125 0.11875 0.1484375
21 0.28515625 0.10859375 0.1296875 0.15625
13 0.44296875 0.29375 0.10625 0.1359375
13 0.35859375 0.27734375 0.103125 0.1359375
13 0.27421875 0.26015625 0.10625 0.1375
14 0.615625 0.32890625 0.1078125 0.1296875
14 0.70234375 0.3453125 0.103125 0.1296875
3 0.76640625 0.371875 0.078125 0.0953125
3 0.83046875 0.38359375 0.08125 0.0953125
0 0.6796875 0.46640625 0.08125 0.0859375
1 0.596875 0.45546875 0.10625 0.0796875
28 0.51484375 0.4328125 0.078125 0.090625
29 0.43203125 0.4265625 0.1078125 0.0796875
4 0.35078125 0.40625 0.0734375 0.0796875
5 0.253125 0.3921875 0.1171875 0.0859375
15 0.65234375 0.5609375 0.0875 0.0984375
23 0.57578125 0.5515625 0.090625 0.096875
24 0.63671875 0.6578125 0.071875 0.08125
24 0.5765625 0.646875 0.0703125 0.0796875
24 0.51640625 0.6359375 0.075 0.084375
26 0.465625 0.63359375 0.0515625 0.0640625
30 0.41328125 0.61796875 0.0765625 0.084375
12 0.3484375 0.60546875 0.0734375 0.08125
16 0.28671875 0.59453125 0.078125 0.084375
6 0.215625 0.5828125 0.08125 0.0859375
27 0.76640625 0.853125 0.1078125 0.0765625
27 0.75234375 0.90703125 0.10625 0.071875
25 0.6578125 0.83359375 0.1015625 0.0734375
25 0.64921875 0.8890625 0.103125 0.071875
25 0.55546875 0.871875 0.1 0.071875
25 0.56796875 0.81875 0.103125 0.0703125
25 0.5796875 0.7671875 0.10625 0.0703125
25 0.4734375 0.803125 0.1015625 0.06875
25 0.46328125 0.85234375 0.0984375 0.065625
25 0.4828125 0.74921875 0.1046875 0.071875
31 0.384375 0.7328125 0.1046875 0.0703125
31 0.38046875 0.7859375 0.1 0.06875
31 0.37109375 0.83984375 0.1 0.0640625
17 0.27734375 0.8203125 0.1 0.071875
7 0.1828125 0.80703125 0.10625 0.071875
7 0.1953125 0.6984375 0.1125 0.0765625
7 0.18984375 0.75390625 0.1078125 0.071875
36 0.51484375 0.540625 0.059375 0.084375
34 0.46640625 0.53046875 0.059375 0.0828125
38 0.290625 0.496875 0.0453125 0.08125
39 0.3234375 0.50390625 0.046875 0.08125
42 0.2234375 0.48515625 0.046875 0.0828125
33 0.42578125 0.52265625 0.0484375 0.08125
18 0.3921875 0.51015625 0.0453125 0.0703125
18 0.35859375 0.50390625 0.0421875 0.0703125
18 0.25859375 0.48515625 0.04375 0.071875
18 0.528125 0.31015625 0.1109375 0.1359375