13 0.7787404640625 0.26357787187500004 0.6973749578125 0.2692685125 0.7017946078125 0.3717417453125 0.7787058874999999 0.36985067968749996 0.7787404640625 0.26357787187500004
13 0.6993013671874999 0.2720204671875 0.6264134609374999 0.27584036093750003 0.6317812515625 0.378263903125 0.7038772718749999 0.3751987375 0.6993013671874999 0.2720204671875
14 0.6251051515625 0.27162955625 0.5502266640625 0.2734140875 0.5566917 0.3786330375 0.628862275 0.3769904234375 0.6251051515625 0.27162955625
14 0.5425669796875 0.2723890578125 0.462012240625 0.2773239828125 0.4694254203125 0.38249324218749997 0.5500174359375001 0.37826959375 0.5425669796875 0.2723890578125
19 0.4577793328125 0.26732288125000003 0.362111534375 0.2713064 0.372358315625 0.38821429375 0.46274779375 0.38347718125 0.4577793328125 0.26732288125000003
19 0.3647363921875 0.27425949374999997 0.2828398890625 0.2785515078125 0.2957719015625 0.39428845468749996 0.377890309375 0.3889545921875 0.3647363921875 0.27425949374999997
20 0.2782735421875 0.2757001625 0.1854950359375 0.281592696875 0.2109682609375 0.40079326249999997 0.2985109765625 0.39414490625 0.2782735421875 0.2757001625
23 0.7926068093749999 0.391945465625 0.7159811015625 0.3939008109375 0.7176033546875 0.47726348906249993 0.7930356062499999 0.47537068906249996 0.7926068093749999 0.391945465625
15 0.713100959375 0.395081971875 0.6433956125 0.3977048546875 0.6462258734375 0.47791356875 0.7188652046875 0.4751369203125 0.713100959375 0.395081971875
8 0.6440155703125 0.3873701796875 0.5620006171874999 0.39063818437500003 0.5711166828125 0.4859707484375 0.6478646296874999 0.48297877656250005 0.6440155703125 0.3873701796875
9 0.5629313515625001 0.38965284375000003 0.481318378125 0.3939299984375 0.488537521875 0.4888000375 0.57150085 0.48529502031250005 0.5629313515625001 0.38965284375000003
10 0.4834869734375 0.396345065625 0.40978062812499993 0.4010507578125 0.416691396875 0.49003661718749997 0.4906904765625 0.48700139531250003 0.4834869734375 0.396345065625
11 0.4093382 0.3968594140625 0.333364271875 0.4008410390625 0.3393307234375 0.49324801249999994 0.41557086718749997 0.49009534062500004 0.4093382 0.3968594140625
3 0.3365991484375 0.42427287343750003 0.28529442656250004 0.42696164062499997 0.2876100953125 0.49258695 0.3425161 0.4897094484375 0.3365991484375 0.42427287343750003
2 0.282800925 0.42709231875000003 0.22935599999999998 0.4315790609375 0.23395678281249999 0.4979275203125 0.28765415 0.49342754843750003 0.282800925 0.42709231875000003
1 0.48534753906250006 0.5176260234375001 0.39479024375 0.5223719296875 0.4010153359375 0.5768345781249999 0.4928988515625 0.5720191671875 0.48534753906250006 0.5176260234375001
28 0.5420235609375 0.5053837921875 0.483904053125 0.5075868 0.488548890625 0.5747758562499999 0.5490134953125 0.570764134375 0.5420235609375 0.5053837921875
29 0.6313153859375 0.5150336078125 0.5428765125 0.51798268125 0.5445313734375 0.5709990328125001 0.63314140625 0.568040990625 0.6313153859375 0.5150336078125
4 0.6866062890625 0.4978065328125 0.6251349765625 0.5010281078125 0.6297798140624999 0.5682171640625 0.693650065625 0.564869865625 0.6866062890625 0.4978065328125
5 0.7781397046875 0.507338871875 0.6908746734375 0.5119122390624999 0.692529534375 0.564928590625 0.776613390625 0.5613648484375 0.7781397046875 0.507338871875
24 0.4502417046875 0.680629471875 0.39037780781250003 0.683148675 0.39813701562500003 0.7525908453125 0.4556898953125 0.7501927562499999 0.4502417046875 0.680629471875
24 0.504779003125 0.6833344718750001 0.4498648890625 0.6862124 0.45657623125 0.75138256875 0.5091664734375 0.7486264312500001 0.504779003125 0.6833344718750001
24 0.558799403125 0.676176465625 0.5037755140625 0.677205753125 0.507393803125 0.7462468078125 0.5625138234375 0.7445943515625 0.558799403125 0.676176465625
26 0.5988975578125 0.6864376328125 0.559541659375 0.68788205625 0.5608380734375 0.74406404375 0.602713615625 0.7412513078125 0.5988975578125 0.6864376328125
30 0.65351373125 0.674921484375 0.5961314984375 0.6785468906250001 0.601102478125 0.741953875 0.6585907453125001 0.7383229124999999 0.65351373125 0.674921484375
16 0.7113063921875 0.67683775 0.6538782171874999 0.6798474328124999 0.6569149953125 0.7377926031250001 0.71114868125 0.7349503359375 0.7113063921875 0.67683775
6 0.7612172046875 0.6698951156249999 0.710383234375 0.67317734375 0.711116375 0.7343338968750001 0.76282028125 0.7303879484375 0.7612172046875 0.6698951156249999
12 0.7691200234375 0.584796990625 0.7173644890624999 0.5862731203125 0.718822434375 0.6455372953125 0.7714449828125 0.6433975968750001 0.7691200234375 0.584796990625
40 0.7166269671875 0.5797304953125 0.6891476890625 0.581170621875 0.6881895390625 0.6461246 0.71640945 0.6435548375 0.7166269671875 0.5797304953125
42 0.688229321875 0.5790371125 0.65570990625 0.5812867921875 0.6577944796875 0.64880835625 0.6860714 0.6473264265625 0.688229321875 0.5790371125
41 0.6563480953124999 0.581253346875 0.6260113921875 0.5833886359375 0.628735496875 0.649240453125 0.6583770015625 0.646050778125 0.6563480953124999 0.581253346875
38 0.6259173125 0.583393565625 0.5962843703125 0.5849465625 0.5997335265625 0.6507603828125 0.628067459375 0.650366284375 0.6259173125 0.583393565625
39 0.5939220656249999 0.5834341359375 0.5642966859375 0.5849867359375 0.5677743484375 0.6513444734375 0.599676515625 0.6496725515625 0.5939220656249999 0.5834341359375
34 0.4734783421875 0.5886555046875 0.43085911250000003 0.59143449375 0.4372369703125 0.6576402359375 0.4762471046875 0.652868753125 0.4734783421875 0.5886555046875
33 0.5031839031249999 0.58655329375 0.47578366250000004 0.5885346874999999 0.47778272031249996 0.6544245046875 0.5075667515625 0.653954409375 0.5031839031249999 0.58655329375
35 0.53378571875 0.58767656875 0.5048996546875 0.5891904234374999 0.50826329375 0.653372496875 0.5365687234375 0.6524344796875 0.53378571875 0.58767656875
37 0.5634627765625 0.585030440625 0.5353517250000001 0.5875944984375 0.5379048 0.6501828203125 0.566878265625 0.6481189765625001 0.5634627765625 0.585030440625
18 0.42926835625 0.5915178609375 0.388806253125 0.593638390625 0.3944020515625 0.6587943015625 0.4372369703125 0.6576402359375 0.42926835625 0.5915178609375
27 0.3456287984375 0.8549708671875 0.25820405 0.8622796546875 0.26465133125 0.9159373343749999 0.3514006984375 0.9064823046875 0.3456287984375 0.8549708671875
27 0.349815759375 0.907110778125 0.2631442234375 0.9149254984375 0.26966093125 0.9560351140625001 0.355913290625 0.9509694109375 0.349815759375 0.907110778125
25 0.43806469843749996 0.8981225687500001 0.35781211874999996 0.90396465625 0.359624053125 0.9524111671875 0.44289069843749995 0.945865709375 0.43806469843749996 0.8981225687500001
18 0.44660223749999994 0.825135634375 0.35982129218750003 0.8313198609375 0.362459884375 0.8955399312500001 0.44497297500000005 0.8884885546874999 0.44660223749999994 0.825135634375
25 0.5291952671875 0.8469867875 0.44602031875000003 0.85298203125 0.4486143125 0.9024783749999999 0.5339990953125 0.8947310890625 0.5291952671875 0.8469867875
25 0.5310070296875 0.89543330625 0.44638215312499996 0.9015045374999999 0.44802305468750003 0.9466875515625001 0.5335218578124999 0.94111593125 0.5310070296875 0.89543330625
31 0.615946003125 0.7955351328125 0.531853834375 0.7983059875 0.5358124078125 0.8460945875 0.6177714828124999 0.8423447046874999 0.615946003125 0.7955351328125
31 0.61784328125 0.8456134000000001 0.534618859375 0.8510658265625001 0.5340846124999999 0.8963628359375001 0.6203369703125 0.8912971328125 0.61784328125 0.8456134000000001
31 0.6159149140625 0.8920742921875 0.5333880671875 0.8969447515625 0.5364790671875 0.9420517687500001 0.618352625 0.9366701390625 0.6159149140625 0.8920742921875
17 0.70087314375 0.8341716625 0.618411015625 0.8406749578125 0.6193268671875 0.885895971875 0.69977883125 0.881134253125 0.70087314375 0.8341716625
17 0.69984103125 0.8838580421875 0.6195264046875 0.889703384375 0.6189921578125 0.9350003921875001 0.7009227250000001 0.9307065937500001 0.69984103125 0.8838580421875
7 0.783215540625 0.7818602203125 0.7049695796875 0.7859609171875 0.704023840625 0.837279 0.7867364703125 0.834035034375 0.783215540625 0.7818602203125
7 0.7845301265625 0.8346960734375 0.7019342109375 0.8390247421874999 0.702907071875 0.8853335875000001 0.7847806312500001 0.87995195625 0.7845301265625 0.8346960734375
7 0.779700875 0.8813089953125001 0.7000638859375 0.8865734109375 0.700197678125 0.930744590625 0.78430339375 0.926336796875 0.779700875 0.8813089953125001