21 0.546875 0.2390625 0.125 0.18125
14 0.6578125 0.2484375 0.1234375 0.178125
13 0.76875 0.26015625 0.1375 0.1765625
9 0.89609375 0.26171875 0.146875 0.190625
7 0.53046875 0.5765625 0.121875 0.08125
29 0.65546875 0.59296875 0.128125 0.0828125
5 0.78125 0.609375 0.1328125 0.08125
15 0.7828125 0.72265625 0.1015625 0.103125
23 0.69453125 0.71171875 0.1015625 0.103125
24 0.61015625 0.70859375 0.078125 0.0796875
31 0.5203125 0.6984375 0.109375 0.071875
27 0.521875 0.8578125 0.10625 0.06875
27 0.5771913375 0.8381022859374999 0.584648875 0.7794285999999999 0.4805487171875 0.7626872453125 0.47308353125 0.8196940453125 0.5771913375 0.8381022859374999
25 0.6801758640625 0.9165521796875 0.6901750859375 0.8599197640625 0.58413755625 0.8436700125 0.5769952953125 0.8969850562499999 0.6801758640625 0.9165521796875
25 0.6871443937499999 0.8557819390624999 0.6950009265625 0.792955915625 0.58765380625 0.775157721875 0.5816664046875 0.8341538265624999 0.6871443937499999 0.8557819390624999
25 0.7910683953125 0.9423740109375001 0.804844596875 0.8831194359375001 0.6946411015625 0.8644978015625 0.680834009375 0.9184697515625 0.7910683953125 0.9423740109375001
25 0.8077651140625 0.8836948578125 0.8200027499999999 0.82790328125 0.7080053734375 0.8061470875 0.695568403125 0.8633389265625 0.8077651140625 0.8836948578125
42 0.692384603125 0.4981468609375 0.7062346515625 0.39535410312499997 0.6654593249999999 0.393225628125 0.6496208640625001 0.493342678125 0.692384603125 0.4981468609375
33 0.7379585796875 0.5031969265625 0.7545509734375 0.3995812328125 0.709064084375 0.39650913125 0.69378975 0.49826979531250004 0.7379585796875 0.5031969265625
35 0.7821736031250001 0.50759668125 0.8009950531250001 0.40497236875000003 0.758243134375 0.400811740625 0.7402508359375 0.5012717734375001 0.7821736031250001 0.50759668125
18 0.8053874453125 0.405356653125 0.7889476078125 0.49490363281249994 0.8325523140625 0.498187109375 0.848965334375 0.40768604374999995 0.8053874453125 0.405356653125
18 0.88402361875 0.500564565625 0.8944019921875 0.40982490625 0.8504166218749999 0.407281596875 0.8340958265625 0.4967279109375 0.88402361875 0.500564565625
18 0.651753775 0.4770550078125 0.658033615625 0.3898092546875 0.6173980890624999 0.384237975 0.6068362546875 0.47259381562499997 0.651753775 0.4770550078125
18 0.6074465203125 0.4737100671875 0.6152187359375 0.3834078296875 0.572434428125 0.3803041640625 0.5647750625 0.46785111874999996 0.6074465203125 0.4737100671875
38 0.5620779796875001 0.4824950890625 0.569364921875 0.3813878484375 0.5272861546875001 0.378479903125 0.5207193375 0.4778138171875 0.5620779796875001 0.4824950890625
39 0.5199706484375 0.47827975624999997 0.5238569656250001 0.3754147109375 0.4815737515625 0.3750120265625 0.47926846718749994 0.4741873359375 0.5199706484375 0.47827975624999997