10 0.28359375 0.0765625 0.1453125 0.153125
8 0.49453125 0.09296875 0.1546875 0.1859375
20 0.61484375 0.1046875 0.134375 0.18125
20 0.725 0.1125 0.1375 0.1875
19 0.83984375 0.13125 0.159375 0.1890625
13 0.9 0.3421875 0.121875 0.15
13 0.723221084375 0.389043946875 0.8375506937500001 0.4031668640625 0.8992822609375001 0.24926654843749999 0.766605171875 0.2321919609375 0.723221084375 0.389043946875
13 0.6174830234375001 0.3745782109375 0.722306853125 0.39010721249999997 0.7638829874999999 0.23734490937500002 0.6535646500000001 0.2253672828125 0.6174830234375001 0.3745782109375
14 0.5252943109375 0.367092634375 0.6170089296875 0.3784393921875 0.64699619375 0.23631902968750002 0.5420137546875 0.22342880625 0.5252943109375 0.367092634375
14 0.4796875 0.28046875 0.1390625 0.178125
14 0.36796875 0.26640625 0.13125 0.175
3 0.2765625 0.2828125 0.0828125 0.11875
3 0.20390625 0.27421875 0.0890625 0.1109375
2 0.13203125 0.26640625 0.0765625 0.0984375
5 0.84140625 0.4890625 0.1359375 0.090625
4 0.74296875 0.4671875 0.090625 0.1046875
29 0.64609375 0.46484375 0.13125 0.0921875
28 0.5484375 0.44765625 0.0890625 0.0984375
1 0.45234375 0.440625 0.1265625 0.0890625
0 0.35625 0.421875 0.0875 0.1
15 0.33828125 0.53125 0.115625 0.1046875
23 0.42578125 0.5453125 0.09375 0.0984375
25 0.34296875 0.8125 0.1296875 0.08125
25 0.34296875 0.875 0.1234375 0.0765625
25 0.34296875 0.92578125 0.1140625 0.0640625
25 0.23515625 0.896875 0.1109375 0.065625
25 0.45078125 0.92265625 0.1171875 0.0703125
25 0.4578125 0.86796875 0.11875 0.065625
25 0.4640625 0.8125 0.128125 0.075
31 0.55703125 0.93984375 0.11875 0.0734375
31 0.56640625 0.88046875 0.1203125 0.075
31 0.5796875 0.8234375 0.125 0.06875
26 0.51953125 0.675 0.0625 0.084375
24 0.2813610375 0.612232771875 0.285401065625 0.6792562640625001 0.34726083750000003 0.6864197359374999 0.35103878593750004 0.6201337078125 0.2813610375 0.612232771875
24 0.347029590625 0.6941835046875 0.4184080921875 0.70366288125 0.426120928125 0.6195364734375 0.3546455671875 0.612069234375 0.347029590625 0.6941835046875
24 0.41757110624999993 0.7057889984375 0.4869099390625 0.7140370828125 0.4967371015625 0.6268982328125 0.4312763796875 0.6201694828125001 0.41757110624999993 0.7057889984375
30 0.5401493625 0.719858353125 0.6115000312500001 0.729334821875 0.6233392609374999 0.6542224171875 0.5510837890625 0.646004978125 0.5401493625 0.719858353125
12 0.60987665625 0.7274384265625 0.6766555921874999 0.7314452203124999 0.695594734375 0.6624398578124999 0.6223216781249999 0.655406290625 0.60987665625 0.7274384265625
16 0.6754993921875 0.736477246875 0.7444450140625001 0.7476216453125 0.768234525 0.674630965625 0.6963748437499999 0.663190059375 0.6754993921875 0.736477246875
6 0.7453453921875 0.7430905359375 0.8202166406250001 0.7556164 0.836352090625 0.6810315218749999 0.7627739140625 0.6693796078124999 0.7453453921875 0.7430905359375
45 0.8185895953125 0.6367738484375 0.8560204015625 0.6416049984375001 0.8813138374999999 0.55636516875 0.836633275 0.5508790859375 0.8185895953125 0.6367738484375
44 0.7964978421875 0.5367893265625 0.7755845515625001 0.63002145 0.8165744109374999 0.636107209375 0.8402400578125 0.542814596875 0.7964978421875 0.5367893265625
18 0.7514891359375 0.541079115625 0.7351047765625001 0.62479519375 0.7763483859375 0.629859271875 0.7926535875 0.5467878749999999 0.7514891359375 0.541079115625
41 0.713060728125 0.5343974671875 0.6950784109375 0.6196458578125 0.7358056515625 0.626190053125 0.7514891359375 0.541079115625 0.713060728125 0.5343974671875
37 0.656814084375 0.6169103125000001 0.697919878125 0.6221926953125 0.716735196875 0.532885403125 0.674711478125 0.527071125 0.656814084375 0.6169103125000001
27 0.089932528125 0.779012903125 0.100273840625 0.8282637156250001 0.2061664265625 0.841056640625 0.1982762359375 0.7916614375 0.089932528125 0.779012903125
27 0.078579796875 0.8430600625 0.085044328125 0.899014496875 0.17949410625 0.9091124890625 0.19504092343749999 0.860631725 0.078579796875 0.8430600625
17 0.6054042078124999 0.966341421875 0.7039987453125 0.9775817874999999 0.7218181984375 0.9247992328124999 0.6159731359375 0.9131119265625 0.6054042078124999 0.966341421875
17 0.6170892515624999 0.9138012953124999 0.720020503125 0.9252329359375 0.73659645 0.8683712343750001 0.6257542515625001 0.8547615234375 0.6170892515624999 0.9138012953124999
17 0.6317688921875 0.855500028125 0.73659645 0.8683712343750001 0.7523130484375 0.8114040171875001 0.6403741890625 0.799622884375 0.6317688921875 0.855500028125
7 0.7040757265625001 0.9779660796874999 0.8135067625 0.9949541468750001 0.8354755968750001 0.936791375 0.7204162953125001 0.9220094703124999 0.7040757265625001 0.9779660796874999
7 0.71887304375 0.9213919687500001 0.826023921875 0.9356308562500001 0.8440016531250001 0.881558934375 0.7330802984375 0.8685939046875 0.71887304375 0.9213919687500001
35 0.63289228125 0.5213709328125 0.6155198671875 0.6123321453125 0.6597220421875 0.617242284375 0.6769693359375 0.5273001093749999 0.63289228125 0.5213709328125
33 0.5915940296875 0.51526576875 0.5747503359375 0.60675943125 0.6169405515624999 0.611989378125 0.6315340968750001 0.52120416875 0.5915940296875 0.51526576875
34 0.535043453125 0.5098738015625 0.5192348890625 0.59567728125 0.5737302046874999 0.604615059375 0.5918352046875001 0.5189157046874999 0.535043453125 0.5098738015625
36 0.47732237343749995 0.50278654375 0.46310418281250004 0.5905147109375 0.5166882171875 0.597611184375 0.5336852703125 0.5097070375 0.47732237343749995 0.50278654375