9 0.17890625 0.29296875 0.1078125 0.140625
13 0.2734375 0.284375 0.103125 0.1421875
14 0.3640625 0.28125 0.103125 0.1375
19 0.459375 0.2796875 0.0984375 0.134375
5 0.246875 0.55625 0.1046875 0.0671875
29 0.3515625 0.54921875 0.1078125 0.0703125
7 0.4515625 0.54140625 0.103125 0.0640625
31 0.4609375 0.65 0.096875 0.0625
24 0.38203125 0.6484375 0.065625 0.0796875
23 0.315625 0.64609375 0.0765625 0.090625
15 0.24375 0.64765625 0.078125 0.0921875
27 0.46953125 0.8125 0.1 0.0640625
25 0.365625 0.81875 0.1 0.0640625
25 0.25546875 0.8234375 0.1015625 0.0671875
38 0.43828125 0.42265625 0.040625 0.084375
40 0.4015625 0.42421875 0.0421875 0.084375
41 0.3671875 0.4265625 0.040625 0.0828125
42 0.33203125 0.42890625 0.040625 0.0828125
35 0.296875 0.43125 0.0421875 0.084375
18 0.47265625 0.41328125 0.040625 0.0703125
18 0.26015625 0.4265625 0.0421875 0.071875
18 0.1890625 0.43125 0.0421875 0.071875
37 0.24769634062499998 0.4726562890625 0.23663051249999997 0.394024346875 0.20454071406250002 0.3966315453125 0.21691718437500002 0.47480857656250003 0.24769634062499998 0.4726562890625