13 0.240625 0.0703125 0.13125 0.140625
13 0.3484375 0.078125 0.140625 0.15625
14 0.4546875 0.09140625 0.134375 0.1703125
14 0.56640625 0.11171875 0.14375 0.1703125
18 0.90546875 0.1640625 0.159375 0.1765625
23 0.2234375 0.24140625 0.1140625 0.125
15 0.31875 0.25703125 0.1140625 0.128125
8 0.42109375 0.25703125 0.13125 0.1640625
9 0.53046875 0.2734375 0.1296875 0.1640625
10 0.63515625 0.29609375 0.1171875 0.153125
11 0.73671875 0.3125 0.121875 0.15625
18 0.81171875 0.34296875 0.078125 0.109375
2 0.87890625 0.35546875 0.09375 0.1125
1 0.63828125 0.44921875 0.125 0.090625
28 0.5390625 0.42421875 0.09375 0.1046875
29 0.4359375 0.4140625 0.128125 0.096875
4 0.33359375 0.38671875 0.0953125 0.103125
18 0.2265625 0.36640625 0.134375 0.1109375
12 0.19609375 0.4828125 0.0875 0.096875
6 0.1828125 0.59765625 0.096875 0.1
16 0.26484375 0.6078125 0.09375 0.1
30 0.34296875 0.61953125 0.0890625 0.09375
26 0.40546875 0.6359375 0.0609375 0.0796875
24 0.47109375 0.6390625 0.0875 0.096875
24 0.54453125 0.65 0.0890625 0.0984375
24 0.6171875 0.66171875 0.0796875 0.090625
27 0.74375 0.88203125 0.115625 0.0828125
27 0.7234375 0.94375 0.1140625 0.078125
24 0.6265625 0.865625 0.115625 0.078125
24 0.6125 0.9265625 0.1171875 0.075
24 0.5265625 0.7890625 0.1234375 0.08125
24 0.51484375 0.8515625 0.11875 0.0765625
24 0.503125 0.909375 0.1171875 0.075
31 0.40625 0.765625 0.1234375 0.084375
31 0.403125 0.83359375 0.1234375 0.0828125
31 0.384375 0.89453125 0.1171875 0.078125
17 0.28515625 0.75390625 0.1234375 0.084375
17 0.28125 0.81640625 0.125 0.08125
17 0.27421875 0.87578125 0.121875 0.075
7 0.16796875 0.79296875 0.125 0.0828125
7 0.16015625 0.85703125 0.121875 0.0796875
40 0.25546875 0.4875 0.053125 0.1015625
42 0.2953125 0.4953125 0.0515625 0.0953125
41 0.33515625 0.5015625 0.0546875 0.096875
38 0.3765625 0.5078125 0.0515625 0.0953125
39 0.4171875 0.515625 0.053125 0.09375
37 0.45859375 0.52265625 0.05 0.096875
35 0.49765625 0.5296875 0.05 0.0953125
33 0.53671875 0.5359375 0.0484375 0.0953125
34 0.58671875 0.54453125 0.0671875 0.1
36 0.64296875 0.55546875 0.06875 0.0984375