19 0.4578125 0.253125 0.1296875 0.1734375
14 0.559375 0.2265625 0.1390625 0.175
13 0.66328125 0.19765625 0.1375 0.1796875
9 0.77890625 0.16640625 0.159375 0.1890625
7 0.5703125 0.565625 0.1375 0.0984375
29 0.68671875 0.534375 0.13125 0.1015625
5 0.80546875 0.50546875 0.1375 0.1
31 0.59375 0.69609375 0.1234375 0.0890625
24 0.6875 0.66953125 0.096875 0.103125
23 0.76953125 0.64296875 0.1140625 0.11875
15 0.8640625 0.62109375 0.115625 0.1125
27 0.65234375 0.871875 0.125 0.090625
25 0.76484375 0.84140625 0.125 0.090625
25 0.8765625 0.8140625 0.128125 0.090625
25 0.85625 0.74375 0.128125 0.090625
39 0.48515625 0.43125 0.0640625 0.10625
38 0.52890625 0.41875 0.065625 0.1078125
40 0.5734375 0.4078125 0.0625 0.1078125
41 0.6140625 0.396875 0.065625 0.1078125
35 0.69921875 0.3765625 0.065625 0.1046875
33 0.74140625 0.3625 0.065625 0.109375
37 0.78359375 0.3515625 0.06875 0.1078125
32 0.857280534375 0.38341447500000003 0.8451050546875001 0.2837256015625 0.8020386203125 0.2939019328125 0.8162890624999999 0.393073459375 0.857280534375 0.38341447500000003
18 0.65546875 0.37734375 0.0625 0.09375