11 0.8474979953125 0.0418902890625 0.7399936281249999 0.05651895 0.762012784375 0.19984329375 0.879008 0.180499875 0.8474979953125 0.0418902890625
10 0.7584450781250001 0.197792309375 0.7388273671875 0.05730643125 0.6488300234375 0.070201540625 0.6639145609375 0.21105855 0.7584450781250001 0.197792309375
9 0.6616364171875 0.210508546875 0.6466379890625 0.0831373203125 0.5509476531249999 0.0921764421875 0.5693839671875 0.2243248625 0.6616364171875 0.210508546875
8 0.5683954875 0.22527598750000002 0.54997025625 0.095006625 0.45413899999999996 0.1048927421875 0.4706987015625 0.2397606875 0.5683954875 0.22527598750000002
20 0.47426641406250003 0.241811734375 0.44635189531249997 0.09529096718749999 0.3527590953125 0.1073841703125 0.37449230624999996 0.257381315625 0.47426641406250003 0.241811734375
20 0.37429157812499997 0.255746515625 0.35179796093750004 0.113119928125 0.2578421875 0.1265058546875 0.2773824796875 0.26764545625 0.37429157812499997 0.255746515625
19 0.27976090625 0.26901286875 0.25860554375 0.1307817140625 0.16766707187500002 0.13923738125000001 0.18730772812500002 0.281194384375 0.27976090625 0.26901286875
19 0.1863193234375 0.2821454359375 0.1672585 0.1409611875 0.07007065312500001 0.1545395125 0.089410225 0.2940443765625 0.1863193234375 0.2821454359375
13 0.22728552500000002 0.42675159375 0.2069897796875 0.2957088421875 0.107986159375 0.31030636718750004 0.12493226718749999 0.43931899375 0.22728552500000002 0.42675159375
13 0.3178620828125 0.41728954375000005 0.301310615625 0.2872372984375 0.2070729546875 0.29814003906250003 0.228775896875 0.42988736562499996 0.3178620828125 0.41728954375000005
13 0.4052723875 0.409046078125 0.3937684171875 0.27484837500000003 0.3039818875 0.2862411171875 0.31776171875000003 0.41647214374999997 0.4052723875 0.409046078125
14 0.49960224843749995 0.394144934375 0.48017090937500007 0.269422146875 0.391206675 0.2854877203125 0.4070486265625 0.40550908906250005 0.49960224843749995 0.394144934375
14 0.585522259375 0.382765653125 0.5696549140625 0.25532529375 0.4795903265625 0.26716821875 0.49633561875 0.394546025 0.585522259375 0.382765653125
14 0.6778290859375 0.36939220625 0.6621127140625 0.242936371875 0.566653553125 0.256098021875 0.5856769890625 0.384025828125 0.6778290859375 0.36939220625
3 0.7492927125 0.357298684375 0.7356699765625 0.25670839375 0.66528385 0.267219459375 0.6786168421875 0.3668063125 0.7492927125 0.357298684375
3 0.8175901640625 0.3464237046875 0.80684501875 0.251078796875 0.7339826640625 0.2596139984375 0.7491923593750001 0.35648137812499997 0.8175901640625 0.3464237046875
2 0.882420265625 0.334315046875 0.8709617156249999 0.24424279062499998 0.8050599859375 0.2533759375 0.8157986984375001 0.3408357328125 0.882420265625 0.334315046875
0 0.6899507578125 0.475743559375 0.6795553421875 0.39479383437500004 0.6079262671875 0.4095413671875 0.6186813718749999 0.48556110468749997 0.6899507578125 0.475743559375
1 0.617345940625 0.4862584484375 0.6086818984375 0.418155534375 0.504218921875 0.43294265468750004 0.512348228125 0.499150546875 0.617345940625 0.4862584484375
28 0.511206303125 0.5014242906249999 0.498145834375 0.42239886249999997 0.4308300546875 0.4312860484375 0.44184333750000004 0.5094076000000001 0.511206303125 0.5014242906249999
29 0.44063683593749997 0.5111558796875 0.4304510265625 0.4427049046875 0.3245163671875 0.4566074953125 0.33481016874999997 0.5230830125 0.44063683593749997 0.5111558796875
4 0.33296826562500004 0.525442684375 0.32102067343749996 0.44148172656250007 0.25035333125000003 0.44864536250000003 0.2651988046875 0.5348304953125 0.33296826562500004 0.525442684375
5 0.2637343390625 0.534476934375 0.25293421562499996 0.46583391250000006 0.142649371875 0.480004721875 0.15447215625 0.54735925 0.2637343390625 0.534476934375
15 0.7159625046875 0.5834284875 0.70342695625 0.49514585312500003 0.6150189390625 0.507814871875 0.6277644375 0.5942578484375 0.7159625046875 0.5834284875
23 0.6279579921875 0.595834221875 0.6132750578125 0.506215115625 0.5324207734375 0.5179566515625 0.5412889109375 0.6075426140625 0.6279579921875 0.595834221875
24 0.7108053375 0.6976719359375 0.6974818 0.613152103125 0.6253259359375 0.6206929546875 0.6423358515625 0.7071457203125 0.7108053375 0.6976719359375
24 0.6422713296875 0.706620228125 0.6242016671874999 0.6241488000000001 0.560117753125 0.639367140625 0.5758373015625 0.715310715625 0.6422713296875 0.706620228125
24 0.576279203125 0.7131229218749999 0.558798884375 0.634178278125 0.4973029515625 0.642812759375 0.509974203125 0.7228642734374999 0.576279203125 0.7131229218749999
26 0.509344571875 0.7293098875 0.49930383437500003 0.6561428874999999 0.45710653125 0.662650678125 0.465116478125 0.7336736671875 0.509344571875 0.7293098875
30 0.465116478125 0.7336736671875 0.45608227812499996 0.6514546890624999 0.3884240296875 0.6588160421875 0.39645343125 0.7415710343749999 0.465116478125 0.7336736671875
12 0.3976696046875 0.7456887531249999 0.3882149140625 0.663119465625 0.3198352859375 0.6731048875 0.3307839515625 0.750701040625 0.3976696046875 0.7456887531249999
16 0.3291259234375 0.7487710453124999 0.3181134203125 0.67106050625 0.24798512968750003 0.678193303125 0.263198259375 0.7557991984375 0.3291259234375 0.7487710453124999
6 0.25995640781249996 0.7583307609375 0.24689486249999998 0.677139675 0.174928684375 0.6850299734374999 0.1878579578125 0.7671833375 0.25995640781249996 0.7583307609375
27 0.9220164296875 0.7848191171875001 0.8133011281250001 0.7975014140625001 0.821807821875 0.8609961 0.9308763890625 0.8465373578125 0.9220164296875 0.7848191171875001
27 0.9344089625 0.904242190625 0.9287177015625 0.8466324984375 0.8244787296875 0.8596013484375 0.830811253125 0.916962390625 0.9344089625 0.904242190625
25 0.8292274265625 0.9214239265625 0.8209658921875 0.8605290984374999 0.712923075 0.871165146875 0.7199007796875 0.9337807640625 0.8292274265625 0.9214239265625
31 0.48708200156250003 0.7809168984375 0.379471440625 0.7942305625 0.392490946875 0.8539708265625 0.49888865937500004 0.8409068296875001 0.48708200156250003 0.7809168984375
31 0.498078978125 0.8415364890625 0.3918555453125 0.8545822375000001 0.40423954687499997 0.914933946875 0.5124791015625 0.899510225 0.498078978125 0.8415364890625
31 0.50883415 0.9001867421874999 0.40780398125 0.9150296203125 0.42004926875 0.9684643671875 0.5186180703125001 0.9552948921875 0.50883415 0.9001867421874999
17 0.37472616875 0.7920470890625 0.2714157625 0.80536461875 0.2857706953125 0.86440751875 0.3907684078125 0.8515154203125 0.37472616875 0.7920470890625
17 0.3910553125 0.852678315625 0.285835215625 0.8649329890624999 0.2987256859375 0.9236223328125 0.40352984062499997 0.9091538578125 0.3910553125 0.852678315625
17 0.4034804046875 0.9104571874999999 0.30241916875 0.9247690078125 0.3130806203125 0.982665253125 0.41654934375 0.968894103125 0.4034804046875 0.9104571874999999
7 0.282522928125 0.8660044171875001 0.1796311125 0.8795733546875001 0.19137959843750002 0.9405364468749999 0.2983482484375 0.92633558125 0.282522928125 0.8660044171875001
7 0.298690871875 0.9253227515625 0.1934150546875 0.93975313125 0.2065539234375 0.9946782984375 0.311487115625 0.9812607484375 0.298690871875 0.9253227515625
36 0.540469215625 0.6036982937500001 0.52995889375 0.5167351078125 0.4790160890625 0.5273460062499999 0.48864112187500003 0.610501196875 0.540469215625 0.6036982937500001
34 0.48723057187499996 0.6133099328125 0.477017715625 0.526527984375 0.42634588593749995 0.53205606875 0.43534930781250003 0.6196801515625 0.48723057187499996 0.6133099328125
18 0.4309182 0.6026540125000001 0.42223666406250004 0.5332542515625 0.385106590625 0.5393158921875 0.3935015609375 0.607687446875 0.4309182 0.6026540125000001
18 0.3923486625 0.6078290046875 0.3835124171875 0.5396552484375 0.34527779999999997 0.5437670031249999 0.354932025 0.6128624546875 0.3923486625 0.6078290046875
37 0.3546690796875 0.6276555921875 0.340503565625 0.5424910749999999 0.3068161359375 0.54848648125 0.317547284375 0.6313838515625 0.3546690796875 0.6276555921875
39 0.3148753046875 0.6321268078125 0.3053548734375 0.54887985625 0.26776754999999997 0.5545256140625 0.27889258125 0.636130053125 0.3148753046875 0.6321268078125
38 0.277209084375 0.6359219140625 0.2668023890625 0.5556865703125 0.2302518328125 0.5595468109375 0.2412263234375 0.6399251968749999 0.277209084375 0.6359219140625
41 0.2371218328125 0.6425034265625 0.22236500625 0.559587996875 0.18625320625 0.5657788703125 0.2010888890625 0.6460980234375 0.2371218328125 0.6425034265625
42 0.19450553125 0.6464914796875 0.1829975515625 0.5597573140625001 0.14897326093750002 0.563718628125 0.1590672328125 0.6504279093750001 0.19450553125 0.6464914796875
18 0.7177062125 0.9333284703125001 0.6786384984375 0.7300470609375 0.4900868328125 0.7538505171875001 0.5225986296875 0.9556252531249999 0.7177062125 0.9333284703125001