21 0.81484375 0.28984375 0.096875 0.1
21 0.72265625 0.290625 0.090625 0.0984375
20 0.62890625 0.2921875 0.0875 0.0953125
20 0.53515625 0.2921875 0.0921875 0.09375
8 0.4375 0.2921875 0.09375 0.096875
9 0.33828125 0.290625 0.09375 0.096875
10 0.2484375 0.28984375 0.0875 0.096875
11 0.15703125 0.290625 0.0921875 0.09375
13 0.8109375 0.4015625 0.09375 0.09375
13 0.71484375 0.4 0.090625 0.096875
13 0.62265625 0.40234375 0.09375 0.0921875
14 0.528125 0.40390625 0.090625 0.090625
14 0.43125 0.403125 0.0875 0.090625
14 0.334375 0.40234375 0.09375 0.0890625
2 0.14453125 0.4125 0.06875 0.0640625
3 0.26328125 0.4203125 0.046875 0.05
5 0.80390625 0.49375 0.115625 0.05
4 0.70859375 0.490625 0.06875 0.059375
29 0.6171875 0.49296875 0.109375 0.053125
28 0.52578125 0.4921875 0.06875 0.05625
1 0.43515625 0.49453125 0.10625 0.053125
0 0.34140625 0.48984375 0.071875 0.059375
15 0.34453125 0.5734375 0.084375 0.06875
23 0.428125 0.5734375 0.084375 0.071875
24 0.34296875 0.67265625 0.065625 0.0609375
24 0.4109375 0.67421875 0.0640625 0.0578125
24 0.48125 0.671875 0.06875 0.0625
26 0.53984375 0.67734375 0.0453125 0.0515625
30 0.59609375 0.67265625 0.0671875 0.0625
12 0.66640625 0.67265625 0.0671875 0.0625
16 0.7359375 0.67265625 0.06875 0.065625
6 0.8078125 0.67421875 0.075 0.0609375
27 0.1546875 0.80390625 0.109375 0.053125
27 0.15625 0.85390625 0.10625 0.04375
25 0.26484375 0.80390625 0.103125 0.05
25 0.26484375 0.853125 0.1046875 0.05
25 0.37578125 0.85546875 0.103125 0.0484375
25 0.37265625 0.80625 0.10625 0.05
25 0.484375 0.80625 0.109375 0.05
25 0.4875 0.85625 0.109375 0.05
31 0.6 0.85859375 0.1125 0.05
31 0.59921875 0.809375 0.1125 0.053125
17 0.71015625 0.8625 0.109375 0.046875
17 0.7109375 0.80859375 0.109375 0.05
7 0.82421875 0.8625 0.115625 0.05
34 0.553125 0.5765625 0.05 0.0640625
38 0.7609375 0.57734375 0.0375 0.065625
39 0.72109375 0.57578125 0.0359375 0.0671875
33 0.619039384375 0.6079059828125 0.6126269125 0.54415954375 0.579195590625 0.54415954375 0.5823577953125 0.608974359375 0.619039384375 0.6079059828125
35 0.6582507375 0.6079059828125 0.6651319734375 0.5438034187499999 0.626628678125 0.54344729375 0.622201590625 0.6075498578125 0.6582507375 0.6079059828125
37 0.6974620890625001 0.6082621078125 0.69929189375 0.5438034187499999 0.6639427078125 0.54309116875 0.6620453828125 0.6082621078125 0.6974620890625001 0.6082621078125
42 0.856204821875 0.6111111109375 0.8618678046875001 0.546296296875 0.825847646875 0.546296296875 0.8176259109374999 0.6107549859375 0.856204821875 0.6111111109375
18 0.80078125 0.57265625 0.034375 0.05625