9 0.66796875 0.26484375 0.0859375 0.1234375
13 0.5875 0.265625 0.08125 0.115625
14 0.5109375 0.25390625 0.0765625 0.125
21 0.43828125 0.25625 0.0734375 0.1203125
5 0.6203125 0.5078125 0.090625 0.0578125
29 0.5375 0.4984375 0.0828125 0.0578125
7 0.4546875 0.48984375 0.0875 0.059375
31 0.44140625 0.57109375 0.08125 0.05625
23 0.55390625 0.578125 0.0671875 0.0734375
15 0.6234375 0.58359375 0.071875 0.071875
25 0.51328125 0.72265625 0.084375 0.0578125
25 0.59765625 0.7359375 0.0859375 0.0609375
18 0.4359375 0.6828125 0.084375 0.115625
39 0.41953125 0.3828125 0.034375 0.0734375
38 0.45 0.3859375 0.0328125 0.075
40 0.48046875 0.38828125 0.03125 0.0734375
41 0.51015625 0.39140625 0.0328125 0.075
42 0.54296875 0.39375 0.0328125 0.075
35 0.571875 0.396875 0.0328125 0.075
33 0.603125 0.39921875 0.034375 0.0734375
37 0.6359375 0.40078125 0.034375 0.075
32 0.66875 0.403125 0.0375 0.0765625