11 0.17109375 0.2 0.09375 0.1203125
10 0.2609375 0.19765625 0.0953125 0.1234375
9 0.3484375 0.203125 0.090625 0.1203125
8 0.4328125 0.20078125 0.0859375 0.1296875
22 0.52265625 0.19609375 0.08125 0.134375
22 0.6 0.20234375 0.0859375 0.121875
19 0.68203125 0.2046875 0.08125 0.1203125
19 0.7703125 0.203125 0.0875 0.11875
3 0.290625 0.34765625 0.0609375 0.0765625
3 0.23359375 0.35 0.05625 0.0734375
2 0.1765625 0.34609375 0.0625 0.078125
14 0.353125 0.3375 0.0703125 0.109375
14 0.43046875 0.3375 0.0765625 0.1109375
14 0.50625 0.33828125 0.0765625 0.109375
13 0.5828125 0.3375 0.08125 0.1125
13 0.66328125 0.3375 0.075 0.1125
13 0.7453125 0.33828125 0.0828125 0.1125
0 0.35546875 0.4453125 0.0625 0.06875
1 0.43515625 0.4515625 0.09375 0.0609375
28 0.509375 0.44609375 0.059375 0.071875
29 0.58359375 0.4515625 0.090625 0.059375
6 0.6625 0.44375 0.0625 0.0734375
15 0.359375 0.5421875 0.075 0.078125
23 0.428125 0.53828125 0.06875 0.0796875
24 0.3484375 0.62890625 0.0609375 0.065625
24 0.4046875 0.6296875 0.0546875 0.0625
24 0.4609375 0.63125 0.05625 0.0640625
26 0.5046875 0.63515625 0.0359375 0.0578125
30 0.55078125 0.63046875 0.0578125 0.0703125
12 0.615625 0.63203125 0.0578125 0.0625
16 0.6734375 0.628125 0.0546875 0.065625
6 0.7375 0.6296875 0.0625 0.06875
27 0.21015625 0.7828125 0.090625 0.053125
27 0.21015625 0.83828125 0.0921875 0.053125
25 0.2984375 0.78515625 0.0890625 0.053125
25 0.2984375 0.8375 0.090625 0.053125
25 0.3875 0.8375 0.0875 0.05
25 0.38828125 0.78671875 0.090625 0.0515625
25 0.478125 0.78671875 0.0875 0.0515625
25 0.48046875 0.83515625 0.0890625 0.0484375
31 0.57265625 0.78671875 0.0859375 0.05
31 0.57109375 0.83671875 0.0875 0.05
17 0.6578125 0.83515625 0.0859375 0.05
17 0.66171875 0.78671875 0.090625 0.0484375
7 0.7515625 0.78671875 0.0921875 0.053125
7 0.74453125 0.8375 0.0890625 0.053125
42 0.7640625 0.54609375 0.0328125 0.0703125
41 0.72890625 0.5453125 0.0296875 0.0734375
38 0.69765625 0.5453125 0.0296875 0.0703125
39 0.665625 0.54609375 0.0296875 0.0703125
37 0.634375 0.5453125 0.0328125 0.071875
33 0.56875 0.546875 0.0359375 0.0703125
36 0.484375 0.54609375 0.0453125 0.0703125
18 0.5296875 0.53984375 0.04375 0.0578125
18 0.6 0.540625 0.0328125 0.0609375
18 0.74140625 0.4421875 0.0921875 0.0734375