20 0.40474593125 0.24991739062499999 0.3879855046875 0.11341467499999999 0.2881844734375 0.127149878125 0.3062462578125 0.25786310625 0.40474593125 0.24991739062499999
20 0.49828795625 0.23760218125 0.48084013125 0.10450269999999999 0.3880767609375 0.119030778125 0.40553370156249996 0.2473316203125 0.49828795625 0.23760218125
8 0.6028190765625 0.22476737343750003 0.586560459375 0.09235156718750001 0.48474449374999995 0.1071614734375 0.499477165625 0.2382858578125 0.6028190765625 0.22476737343750003
18 0.691604178125 0.2097174125 0.6747584390625 0.0815222171875 0.5868582953125 0.094623475 0.6006412140624999 0.22503478124999998 0.691604178125 0.2097174125
10 0.772681940625 0.2039108359375 0.7631573078125 0.072327615625 0.6806776125 0.082067378125 0.6856730890625 0.21542387187499998 0.772681940625 0.2039108359375
11 0.8669113671875 0.188192396875 0.8672717640625001 0.047098403125 0.7684062984375 0.0536745953125 0.7755471218750001 0.20024020625 0.8669113671875 0.188192396875
18 0.15023743125 0.2745295390625 0.30189078125 0.2583978921875 0.2869217375 0.1274831609375 0.13445839375 0.1470615984375 0.15023743125 0.2745295390625
13 0.26363894375 0.4239568703125 0.2415496875 0.2980649140625 0.1553791875 0.30619195781249997 0.1790086046875 0.436837340625 0.26363894375 0.4239568703125
13 0.347381246875 0.4128448859375 0.3261951640625 0.294309384375 0.24377009843750003 0.30570424531249996 0.26363894375 0.4239568703125 0.347381246875 0.4128448859375
13 0.4419117609375 0.3995786140625 0.4243787015625 0.274786609375 0.3303499171875 0.2921398296875 0.34975966718749996 0.4142122671875 0.4419117609375 0.3995786140625
14 0.5256539796874999 0.388466640625 0.50902418125 0.2710311125 0.4267722546875 0.2852789015625 0.44290024531250005 0.3986275203125 0.5256539796874999 0.388466640625
14 0.604152684375 0.3796579328125 0.586132865625 0.2599039421875 0.510376740625 0.27089600156250004 0.5236770140625 0.390368859375 0.604152684375 0.3796579328125
14 0.6824505765625 0.3692144390625 0.6688866859375 0.24974305000000002 0.5895955078124999 0.263242225 0.604253053125 0.380475365625 0.6824505765625 0.3692144390625
3 0.749759459375 0.35929053125 0.7388352375 0.279320834375 0.6778963625000001 0.2845327578125 0.68571720625 0.368813346875 0.749759459375 0.35929053125
3 0.8131143953125 0.3531709390625 0.8001979828125 0.2659785 0.737677746875 0.27615599375 0.7498598234375 0.36010793125 0.8131143953125 0.3531709390625
2 0.876168246875 0.34459920781250003 0.8652438578125 0.26462953125 0.8061297546875 0.2708607421875 0.8151917328125 0.35208618125 0.876168246875 0.34459920781250003
5 0.200993171875 0.5348716921875 0.3031457859375 0.5206695125 0.29463016249999996 0.46031696406249994 0.19240509374999998 0.47267365000000006 0.200993171875 0.5348716921875
4 0.3662999984375 0.51291515 0.356464540625 0.432811771875 0.2907751578125 0.440901203125 0.304334996875 0.5213531890625 0.3662999984375 0.51291515
29 0.46300829062500004 0.4993814515625 0.45677072343749997 0.43957891406250005 0.3567725546875 0.449382265625 0.365110784375 0.51223144375 0.46300829062500004 0.4993814515625
28 0.5283401984375 0.49135970156250003 0.5235626671875 0.416443225 0.46023021093749994 0.42527740312500006 0.46647555937499996 0.5006151375 0.5283401984375 0.49135970156250003
1 0.6337594421875 0.47675643125 0.6285103671875001 0.41600283125 0.5309213953125 0.42696294375 0.53793919375 0.48852167812499997 0.6337594421875 0.47675643125
0 0.70028048125 0.469418396875 0.692136125 0.394085590625 0.6288076015625 0.4025056359375 0.63385980625 0.47757382968749995 0.70028048125 0.469418396875
23 0.65669441875 0.58253124375 0.6431908828124999 0.49955941875 0.5674475234374999 0.5105833828125 0.5825511921875 0.590805165625 0.65669441875 0.58253124375
15 0.7327142546875 0.5715377671875 0.7200989265625 0.48679746718750005 0.6476516671875 0.49969901875 0.6565940546875 0.58171384375 0.7327142546875 0.5715377671875
6 0.31174831406250003 0.7232742156249999 0.3004867890625 0.6489167984375 0.2364393515625 0.65909951875 0.24850134218750003 0.7347736421875 0.31174831406250003 0.7232742156249999
16 0.37321795468749996 0.7146599265625 0.3647015390625 0.6452992859375 0.3029592 0.6509319078125 0.3125128078125 0.7237137421875001 0.37321795468749996 0.7146599265625
12 0.4423874203125 0.7051002375000001 0.4316419890625 0.6349464984375001 0.366300409375 0.6458199546875 0.37564046875 0.7170293859375 0.4423874203125 0.7051002375000001
30 0.5030827875 0.6901804359375 0.49508251562499994 0.6250234484375 0.43655175156250003 0.631863434375 0.4467711421875 0.7002949171874999 0.5030827875 0.6901804359375
26 0.5480753765624999 0.68625618125 0.5381138937500001 0.628273971875 0.49727853125 0.6344022609375 0.5035989328125 0.6943841078124999 0.5480753765624999 0.68625618125
24 0.6089095640625 0.678253309375 0.60402210625 0.6095138343750001 0.540194415625 0.6162841218749999 0.5501108343750001 0.6854728859375 0.6089095640625 0.678253309375
24 0.6703146859375 0.66911356875 0.66479171875 0.600985496875 0.603484828125 0.609367603125 0.6110095390625 0.677995465625 0.6703146859375 0.66911356875
24 0.72783266875 0.6572508078125 0.72409686875 0.5921036 0.6697628703125 0.5992306546874999 0.67113396875 0.6642125328125 0.72783266875 0.6572508078125
7 0.2459019390625 0.8177669625 0.3362547703125 0.8013392171874999 0.3316448359375 0.7464335328125 0.2374735765625 0.7615892734374999 0.2459019390625 0.8177669625
7 0.24768940156250002 0.8844061171875 0.344729165625 0.8703576171874999 0.3353484015625 0.8171045265625001 0.237978771875 0.8308268609375 0.24768940156250002 0.8844061171875
7 0.2564992296875 0.9387960765625 0.354368059375 0.9257125687500001 0.347603359375 0.8764052734375 0.2519239390625 0.8937498296875 0.2564992296875 0.9387960765625
17 0.3560906546875 0.9281679687500001 0.4482305390625 0.9147210390625 0.4408851796875 0.8606846593749999 0.34786890625 0.87197413125 0.3560906546875 0.9281679687500001
18 0.43820454062499997 0.8562133796875001 0.42004923125 0.7314977953125 0.33764500000000003 0.7452917125 0.3504581 0.8707209390624999 0.43820454062499997 0.8562133796875001
31 0.44956597656249997 0.914023734375 0.5417704328124999 0.901102271875 0.53805403125 0.8476870562500001 0.445184096875 0.8613580140625 0.44956597656249997 0.914023734375
31 0.4380207125 0.860502996875 0.5372894859375 0.8472475578124999 0.5288570421875 0.790144353125 0.434590128125 0.80402065 0.4380207125 0.860502996875
31 0.4317333078125 0.7919354140625 0.526544109375 0.7770938109375 0.51747615625 0.72060203125 0.4269216390625 0.7343299203125 0.4317333078125 0.7919354140625
25 0.544947765625 0.8980452359375001 0.6344813140625 0.8865185062500001 0.6260390874999999 0.8235493140625 0.5390561359375 0.83717146875 0.544947765625 0.8980452359375001
25 0.6365812890625 0.8862606609375 0.730885675 0.8730813984375001 0.72894660625 0.8167810687499999 0.632236825 0.8290620328125 0.6365812890625 0.8862606609375
18 0.717727353125 0.806424225 0.7001624359374999 0.692303790625 0.5228779593749999 0.719882596875 0.538605515625 0.8348182015625 0.717727353125 0.806424225
27 0.73316943125 0.8685339828125 0.8212385078125 0.8566536515625 0.817457534375 0.8027129921875 0.7300242703125 0.8150562171875 0.73316943125 0.8685339828125
27 0.822702975 0.8570072312500001 0.91420735625 0.8441717453124999 0.911384484375 0.7922469796875 0.8229631562499999 0.804977440625 0.822702975 0.8570072312500001
18 0.5746650015625 0.5771098796875 0.5637131703125 0.510418846875 0.5181109046875 0.5160192375 0.5290329796875 0.5835425109375 0.5746650015625 0.5771098796875
34 0.5276657 0.5949113890625 0.5149651015625001 0.51847861875 0.4695351078125 0.525611459375 0.482477821875 0.6004597625 0.5276657 0.5949113890625
33 0.4776281 0.601470078125 0.46844499375000004 0.5266796765625 0.432774140625 0.5301251375 0.4478850328125 0.6067814828125 0.4776281 0.601470078125
35 0.44373027968749995 0.6089510375 0.432018165625 0.531567175 0.39898696718750004 0.5363467484375 0.41230375625000004 0.6140542671875 0.44373027968749995 0.6089510375
37 0.4103693578125 0.6118026750000001 0.3971745140625 0.5358454375 0.365441721875 0.5389107859375 0.3772593421875 0.616697796875 0.4103693578125 0.6118026750000001
39 0.3745873609375 0.6174407203125 0.3619369421875 0.5414166359375 0.3281880640625 0.5450397609375 0.34147734218750003 0.6223358125 0.3745873609375 0.6174407203125
38 0.339299603125 0.6226032046875 0.32699288593750003 0.54487751875 0.291489784375 0.5500640078125001 0.30510069687499997 0.6276320265625001 0.339299603125 0.6226032046875
41 0.299505828125 0.62707441875 0.289577571875 0.5507160953125 0.2580699203125 0.5536491859375 0.26862373125 0.6321108343749999 0.299505828125 0.62707441875
42 0.26644599375 0.6323782265625 0.2503282640625 0.555120459375 0.218093228125 0.5601125046875 0.231752840625 0.6378825484374999 0.26644599375 0.6323782265625