13 0.890625 0.21328125 0.134375 0.1515625
13 0.80546875 0.18359375 0.11875 0.15625
14 0.71953125 0.16484375 0.1265625 0.153125
14 0.6265625 0.134375 0.13125 0.1625
19 0.534375 0.1125 0.1203125 0.1546875
19 0.44765625 0.09140625 0.11875 0.1484375
22 0.353125 0.07109375 0.125 0.1421875
20 0.26015625 0.0578125 0.1265625 0.115625
23 0.82734375 0.3625 0.1109375 0.1171875
15 0.74140625 0.34609375 0.1046875 0.1046875
8 0.66640625 0.315625 0.1140625 0.1265625
9 0.5828125 0.284375 0.121875 0.1515625
10 0.4875 0.25625 0.128125 0.153125
11 0.39609375 0.23671875 0.1140625 0.140625
3 0.31796875 0.2296875 0.090625 0.103125
2 0.24453125 0.22265625 0.0875 0.0859375
5 0.76171875 0.47109375 0.1234375 0.096875
4 0.6765625 0.44140625 0.084375 0.0953125
29 0.5921875 0.4265625 0.11875 0.0921875
28 0.509375 0.40078125 0.08125 0.0890625
1 0.4203125 0.384375 0.121875 0.09375
12 0.7484375 0.5796875 0.0796875 0.0875
6 0.71875 0.66953125 0.08125 0.0859375
16 0.6515625 0.653125 0.078125 0.0828125
30 0.58671875 0.634375 0.084375 0.0921875
26 0.53359375 0.62578125 0.059375 0.075
24 0.4828125 0.6078125 0.0828125 0.09375
24 0.41484375 0.5875 0.0828125 0.0921875
24 0.35078125 0.571875 0.0828125 0.0890625
7 0.6421875 0.88125 0.10625 0.078125
7 0.6609375 0.83203125 0.109375 0.0765625
7 0.6734375 0.7578125 0.10625 0.0796875
17 0.54765625 0.85703125 0.1078125 0.078125
17 0.56796875 0.80625 0.10625 0.078125
17 0.58359375 0.72890625 0.103125 0.0796875
31 0.453125 0.834375 0.10625 0.0765625
31 0.47109375 0.784375 0.109375 0.0796875
31 0.484375 0.7265625 0.1109375 0.08125
25 0.36015625 0.81015625 0.10625 0.078125
25 0.26484375 0.78671875 0.1078125 0.0796875
25 0.3734375 0.75546875 0.1078125 0.0796875
25 0.27890625 0.73203125 0.10625 0.08125
25 0.39375 0.6875 0.1046875 0.0796875
27 0.16875 0.7625 0.1078125 0.078125
36 0.3640625 0.47265625 0.065625 0.0890625
34 0.41328125 0.4859375 0.065625 0.0890625
33 0.45703125 0.49765625 0.053125 0.0859375
35 0.49140625 0.5046875 0.053125 0.0859375
37 0.52734375 0.515625 0.053125 0.0859375
39 0.5609375 0.5234375 0.0546875 0.0859375
38 0.59453125 0.53359375 0.053125 0.0859375
41 0.6296875 0.5421875 0.05625 0.0875
42 0.66484375 0.5515625 0.0546875 0.0875
40 0.703637075 0.6017564656250001 0.7312209578125 0.5280361640625 0.69713725 0.517797396875 0.670621796875 0.5929100484375 0.703637075 0.6017564656250001