11 0.783040171875 0.0969883078125 0.7075668671875001 0.109646184375 0.720547225 0.20976160625 0.7891437109375 0.1947700609375 0.783040171875 0.0969883078125
10 0.707445146875 0.10493797812500001 0.639483540625 0.12198373437500001 0.66389415625 0.2228409984375 0.7239392078125 0.20982370625 0.707445146875 0.10493797812500001
9 0.635859875 0.11196192499999999 0.564388328125 0.1283334890625 0.593159859375 0.2383261265625 0.66779936875 0.22024903906249998 0.635859875 0.11196192499999999
8 0.5706506703125 0.134407734375 0.4955065375 0.1518427046875 0.530649009375 0.2552934328125 0.5956681828125 0.23943740624999998 0.5706506703125 0.134407734375
20 0.500222553125 0.14644387187500002 0.41496664531249994 0.16874645 0.4510353734375 0.2762092296875 0.5376182968750001 0.2562199859375 0.500222553125 0.14644387187500002
20 0.4175857484375 0.16657795 0.336194065625 0.18355180937499999 0.3710087125 0.2904589296875 0.4511780234375 0.2719503859375 0.4175857484375 0.16657795
19 0.3375701109375 0.1797716734375 0.25653791406250004 0.1994063578125 0.300644840625 0.3075489109375 0.374030109375 0.288916215625 0.3375701109375 0.1797716734375
19 0.30115807031249997 0.30489485156249996 0.25737504375000003 0.1982861625 0.172563434375 0.211186728125 0.2179671265625 0.3249461953125 0.30115807031249997 0.30489485156249996
14 0.5726607171875 0.3689908 0.54506303125 0.2796897375 0.469790578125 0.298925071875 0.5007147796875 0.3889815703125 0.5726607171875 0.3689908
14 0.6245249234375 0.359552578125 0.6009681484375 0.26572715625 0.5437316 0.2826996125 0.5689407625 0.3723851921875 0.6245249234375 0.359552578125
14 0.6927082984374999 0.33789492499999996 0.664198478125 0.24690581093750003 0.5971353453125 0.2652993078125 0.62415441875 0.35794774375 0.6927082984374999 0.33789492499999996
18 0.48807296093749997 0.3927453328125 0.45864790468749994 0.301751978125 0.190245359375 0.360927634375 0.228451909375 0.4678968734375 0.48807296093749997 0.3927453328125
5 0.3578526796875 0.47495570625 0.2575867421875 0.5063110656250001 0.28379445 0.5661847156250001 0.3763353734375 0.5329874359375 0.3578526796875 0.47495570625
4 0.43132109218750003 0.5126863312500001 0.4082554515625 0.44325780937500003 0.3503702796875 0.4595348421875 0.37596486875 0.5313826015625 0.43132109218750003 0.5126863312500001
29 0.5215813781249999 0.484241453125 0.498963765625 0.4275954875 0.42262919375 0.4555302859375 0.441126684375 0.5112677015625 0.5215813781249999 0.484241453125
28 0.5751702875 0.4676435703125 0.5554071671874999 0.39767060625 0.5054644890625 0.41443153749999995 0.5254865953125 0.481649525 0.5751702875 0.4676435703125
1 0.6515346 0.44240686093750003 0.6350119453125 0.3887952109375 0.556672796875 0.411906153125 0.572847221875 0.467334721875 0.6515346 0.44240686093750003
0 0.699778884375 0.42704288281249997 0.6834878437499999 0.367044984375 0.6340634140625 0.3813613953125 0.6511640953125 0.4408020296875 0.699778884375 0.42704288281249997
6 0.417755759375 0.7281890640625 0.3911613421875 0.661236946875 0.3338293125 0.682030909375 0.35999405625 0.751471528125 0.417755759375 0.7281890640625
16 0.4700513671875 0.701487525 0.4489403203125 0.6413187453125 0.3976394828125 0.6579371421875 0.417114503125 0.7254114796875 0.4700513671875 0.701487525
12 0.5130126765624999 0.68162198125 0.49075650312499997 0.61558303125 0.447260978125 0.6365339953125 0.46844308593750006 0.7012736859375 0.5130126765624999 0.68162198125
26 0.5992211734375 0.6465058953125 0.5826843890625 0.595821778125 0.544017075 0.606589434375 0.5582927843750001 0.6582954703125 0.5992211734375 0.6465058953125
24 0.652700534375 0.6283079515625001 0.6285223265625001 0.570619540625 0.5840182796875 0.5874073203125 0.6077461953125 0.6462931328125 0.652700534375 0.6283079515625001
24 0.6953065328125 0.610279834375 0.6739516 0.5520905218750001 0.63058089375 0.5696359546875 0.6513487046875001 0.6292051875 0.6953065328125 0.610279834375
24 0.7370442578125 0.5918670328125 0.721551975 0.5345222374999999 0.6756634328125 0.5522063265625 0.6949217796875 0.6086132890625 0.7370442578125 0.5918670328125
18 0.5674590578125 0.6608602703125 0.544745953125 0.60458055625 0.49556018437500005 0.619531984375 0.522889471875 0.6805119984375 0.5674590578125 0.6608602703125
27 0.9111535375 0.6640149125 0.8974469546874999 0.6167193 0.8435164437499999 0.6445226125 0.85985444375 0.6916566234375 0.9111535375 0.6640149125
27 0.91539464375 0.712771453125 0.9071322500000001 0.6671142531250001 0.85283895 0.695031671875 0.8621025234375 0.738532821875 0.91539464375 0.712771453125
27 0.8593399843749999 0.7333193453125 0.8512759296875 0.6953604046875 0.7920478140625 0.72544993125 0.800127640625 0.7604475046875 0.8593399843749999 0.7333193453125
18 0.8526119375000001 0.697424571875 0.83495311875 0.6457668546875001 0.7778016015625 0.6772478546875 0.791406559375 0.7226723484375001 0.8526119375000001 0.697424571875
25 0.7780581015625 0.6783588734375 0.769323284375 0.6316792640625 0.7065926328125001 0.6591653046875 0.717493990625 0.7063842734375 0.7780581015625 0.6783588734375
25 0.7905972218749999 0.7292955734375 0.7776025890625 0.6802058578125 0.7175234703125 0.7098881687499999 0.7264612234375 0.7587306828125 0.7905972218749999 0.7292955734375
25 0.8023373984375001 0.7733952125 0.7908289734375 0.7290523 0.7279412515625 0.7583889921875 0.7362378109375001 0.8044539296875 0.8023373984375001 0.7733952125
25 0.702308725 0.7081346515625 0.6899773265625 0.6595005375 0.6225746796875 0.6902648953125 0.6346996078125 0.7360310796875 0.702308725 0.7081346515625
25 0.7232446125 0.7583030625 0.7091121234375 0.7128308015625 0.6443788968749999 0.740818 0.656661509375 0.7906436421875 0.7232446125 0.7583030625
25 0.7302880843749999 0.802316740625 0.7215374 0.7582072656250001 0.65530973125 0.7915408421875 0.6650568171875 0.8337601078124999 0.7302880843749999 0.802316740625
31 0.62156636875 0.746669759375 0.6055960703125 0.6950631734375 0.5352709046874999 0.7273892203125001 0.5495465515625 0.779095246875 0.62156636875 0.746669759375
31 0.6299983921875 0.750101278125 0.5582293140625 0.78294193125 0.5736002921875001 0.8326397078125 0.64568938125 0.7937618750000001 0.6299983921875 0.750101278125
31 0.65488369375 0.8437154124999999 0.6427441109375 0.7968657328125001 0.5713802515624999 0.8331522453125 0.5820251 0.8792601531249999 0.65488369375 0.8437154124999999
17 0.5731167875 0.8339216125 0.55611618125 0.784701990625 0.47960830468750004 0.8239129406249999 0.49497928125 0.8736107171875 0.5731167875 0.8339216125
17 0.583761628125 0.8800294781250001 0.5688979046875 0.8358440484375 0.4941109640625 0.8732260671875001 0.5063640890625 0.91954779375 0.583761628125 0.8800294781250001
7 0.4943365125 0.914717925 0.47812757031249997 0.864840875 0.401113971875 0.9093242625 0.417096771875 0.958295671875 0.4943365125 0.914717925
18 0.5495760468750001 0.78259920625 0.5330838499999999 0.727154640625 0.45527889843749997 0.75229320625 0.47398441093750004 0.81643443125 0.5495760468750001 0.78259920625
18 0.4787090359375 0.86390913125 0.4636194140625 0.810442465625 0.38028718281249996 0.8427471656250001 0.40014695156249996 0.9118880296875 0.4787090359375 0.86390913125
18 0.46379206718750005 0.809425490625 0.44569438593750005 0.7539089609375 0.353529878125 0.7909970828125 0.376389540625 0.8494982640625001 0.46379206718750005 0.809425490625
42 0.3299016140625 0.57740035625 0.296371934375 0.5869553328125 0.3211976484375 0.6615689687499999 0.3539309921875 0.6497331421875 0.3299016140625 0.57740035625
41 0.3604369796875 0.5655993031250001 0.32850397187499997 0.5752583359375001 0.35555033125 0.651260953125 0.3876823671875 0.6395639484375 0.3604369796875 0.5655993031250001
38 0.3966256890625 0.5542748515625 0.3635620734375 0.565262878125 0.38948619687499997 0.6391475015625 0.418507678125 0.6276932171875 0.3966256890625 0.5542748515625
39 0.42176807656250004 0.543124940625 0.3950928953125 0.5537046828125 0.42031150625 0.6272767703125 0.44912458125 0.6149197765625 0.42176807656250004 0.543124940625
37 0.45043849687500004 0.533536221875 0.4231202609375 0.54343073125 0.449725796875 0.6147809750000001 0.47764895625000003 0.604055665625 0.45043849687500004 0.533536221875
33 0.5134326812500001 0.5148353859375 0.48469055 0.5220848890625 0.5076646 0.5914210359375 0.535796125 0.5815984546874999 0.5134326812500001 0.5148353859375
18 0.50097874375 0.584407115625 0.48312842187499994 0.5242073796875 0.45485940156250004 0.5327752796875 0.47504385468750004 0.5927717296874999 0.50097874375 0.584407115625
18 0.5507345078125 0.5014721718749999 0.514441459375 0.51379010625 0.53598896875 0.5687177390625 0.5700290375 0.5570556453125 0.5507345078125 0.5014721718749999
18 0.5851591984375 0.48936712499999996 0.5512794750000001 0.50053123125 0.576226190625 0.55372328125 0.6100578546875 0.5411584796875 0.5851591984375 0.48936712499999996
18 0.6964316078125 0.4481339734375 0.591025103125 0.48577682343750006 0.615834284375 0.54307558125 0.7101321265625 0.5126120000000001 0.6964316078125 0.4481339734375