21 0.3822787421875 0.21288718593749997 0.3067234984375 0.1940491484375 0.29367055937500003 0.2935726828125 0.367217475 0.311086603125 0.3822787421875 0.21288718593749997
21 0.41328125 0.2703125 0.1046875 0.115625
20 0.48515625 0.290625 0.09375 0.1078125
8 0.61015625 0.32109375 0.1046875 0.1125
9 0.67890625 0.33828125 0.084375 0.1078125
10 0.740625 0.3484375 0.0859375 0.1078125
11 0.8 0.365625 0.0828125 0.0984375
14 0.31875 0.3640625 0.0984375 0.10625
14 0.38671875 0.37890625 0.0875 0.1
14 0.4484375 0.39453125 0.0828125 0.0984375
13 0.5125 0.4078125 0.096875 0.109375
13 0.57734375 0.42265625 0.0921875 0.10625
13 0.640625 0.4359375 0.0875 0.1046875
3 0.69609375 0.46015625 0.0703125 0.071875
3 0.74140625 0.4703125 0.0671875 0.071875
2 0.78671875 0.47890625 0.0625 0.0703125
5 0.3140625 0.465625 0.1 0.0734375
4 0.38984375 0.47421875 0.078125 0.0828125
29 0.45546875 0.49609375 0.0953125 0.0734375
28 0.5203125 0.509375 0.06875 0.0734375
1 0.5828125 0.52734375 0.0890625 0.0671875
0 0.6421875 0.5359375 0.0609375 0.06875
23 0.565625 0.6015625 0.0828125 0.0828125
14 0.63046875 0.61640625 0.084375 0.084375
24 0.63046875 0.6953125 0.06875 0.0765625
24 0.58125 0.68515625 0.0609375 0.0703125
24 0.534375 0.6765625 0.0640625 0.0703125
24 0.4828125 0.6671875 0.0640625 0.075
30 0.4328125 0.659375 0.0703125 0.0765625
12 0.375 0.65078125 0.0671875 0.06875
16 0.321875 0.6359375 0.0703125 0.0796875
6 0.26953125 0.62890625 0.0703125 0.0796875
7 0.30661373593749996 0.7043093421875 0.22292307500000003 0.69040794375 0.2112687546875 0.741287678125 0.29741873281250003 0.757487828125 0.30661373593749996 0.7043093421875
7 0.2081738734375 0.741289934375 0.1987656078125 0.7935035703125 0.2832944109375 0.807931178125 0.29489998906250003 0.757495934375 0.2081738734375 0.741289934375
7 0.28771050468750003 0.809084146875 0.2014732734375 0.79919116875 0.19136310781250002 0.8438778328125001 0.2785920546875 0.85782235 0.28771050468750003 0.809084146875
17 0.29896677656250004 0.7515270796875 0.288496571875 0.8038629046875 0.3729273546875 0.8192540875000001 0.3826887921875 0.76737103125 0.29896677656250004 0.7515270796875
17 0.2903479046875 0.8047114328125 0.2799999359375 0.8586255093749999 0.3648346265625 0.8703308796875 0.37364384375 0.8181274765625 0.2903479046875 0.8047114328125
31 0.3989460453125 0.71725198125 0.3870192328125 0.76922463125 0.4699038765625 0.7825048890625 0.47981427187500003 0.730062728125 0.3989460453125 0.71725198125
31 0.3863206640625 0.7678896203125001 0.3760321265625 0.8194968218750001 0.45910182343750006 0.832035771875 0.46837301406250004 0.7821564203125 0.3863206640625 0.7678896203125001
31 0.374634946875 0.8168267890625 0.3641333875 0.867220059375 0.4453055078125 0.8808804531250001 0.458294203125 0.828785640625 0.374634946875 0.8168267890625
25 0.47893404375 0.7294563140625 0.4686769046875 0.7830060859375 0.55179966875 0.79538031875 0.5620483234375 0.7436009515625 0.47893404375 0.7294563140625
25 0.469312715625 0.7804559890625 0.456991228125 0.8319432843750001 0.5353302281250001 0.8443685625 0.5469952765625 0.7936332875 0.469312715625 0.7804559890625
25 0.5263240359375 0.891020059375 0.536766165625 0.8429336484375 0.4580531171875 0.8318210859375 0.44663992812500003 0.8796653843750001 0.5263240359375 0.891020059375
25 0.5493601859374999 0.7903534718749999 0.5377058671875 0.8412332062500001 0.6126956734375 0.855244046875 0.623493671875 0.8053545140624999 0.5493601859374999 0.7903534718749999
25 0.60403466875 0.8999479546875 0.6145989859375 0.8534397874999999 0.5396296453125 0.8410885171875 0.527385971875 0.8908978703124999 0.60403466875 0.8999479546875
25 0.613142375 0.8530766125 0.685878725 0.8654076328125001 0.6980499515624999 0.8165915046875 0.62572738125 0.8045282765625 0.613142375 0.8530766125
25 0.6753144078125 0.9119158 0.6854840453125 0.8649222875 0.614901646875 0.852602584375 0.6034896890625 0.9021337515625 0.6753144078125 0.9119158
27 0.686332871875 0.8635861453125001 0.6759815765625 0.9113082468749999 0.7482922234375 0.92270761875 0.7578851015625 0.8744610921874999 0.686332871875 0.8635861453125001
45 0.261819621875 0.50798509375 0.250300840625 0.5773546203125 0.280370484375 0.5833683765625 0.2915346046875 0.5143102484375001 0.261819621875 0.50798509375
44 0.2911368453125 0.5120438328125 0.28043976718749997 0.581979434375 0.3107115484375 0.58768323125 0.3203137875 0.5185960421875 0.2911368453125 0.5120438328125
40 0.31886927656249997 0.51859709375 0.31026882968749997 0.5897778578125 0.3405440171875 0.5940379625000001 0.34982989999999997 0.5237879921874999 0.31886927656249997 0.51859709375
41 0.3501135546875 0.524581134375 0.3390480109375 0.594063665625 0.3688037375 0.599458890625 0.38110347187500004 0.53158536875 0.3501135546875 0.524581134375
37 0.3781003515625 0.53011419375 0.367034828125 0.5995967234374999 0.3967497921875 0.6059218734375 0.4092598640625 0.5364383 0.3781003515625 0.53011419375
35 0.408098990625 0.537232484375 0.397258521875 0.60388146875 0.42523750312499997 0.6091960453125 0.4368226984375 0.5436716968749999 0.408098990625 0.537232484375
33 0.43608580625000004 0.5427655578125 0.4241692921875 0.6098686734375 0.4527788984375 0.6148346046875 0.46461062656249996 0.5480715515625 0.43608580625000004 0.5427655578125
34 0.4643269890625 0.5472784203125001 0.4524659515625 0.6122281171874999 0.49057429375000006 0.6208821390625 0.5029078921875 0.5547304765625001 0.4643269890625 0.5472784203125001
18 0.5046360375 0.5555225593750001 0.49181305625 0.62239966875 0.529657028125 0.6289455671875 0.540243134375 0.5633167859375 0.5046360375 0.5555225593750001