19 0.3033159828125 0.1051084640625 0.213586253125 0.1006615203125 0.2353716859375 0.24224335937500002 0.328534765625 0.241516825 0.3033159828125 0.1051084640625
19 0.3900649875 0.113028553125 0.30037354375 0.11026480000000001 0.32635074999999997 0.2432776203125 0.40602783125 0.2421797640625 0.3900649875 0.113028553125
8 0.58741143125 0.1364585640625 0.5190679109375 0.1354761171875 0.542009175 0.245853828125 0.6060456234375 0.24698668437500002 0.58741143125 0.1364585640625
9 0.644674371875 0.136143428125 0.585376503125 0.137371890625 0.6037441 0.245382525 0.65765870625 0.246026578125 0.644674371875 0.136143428125
10 0.7010213000000001 0.1417561234375 0.6438941578125 0.14122425624999999 0.6542945515625 0.24614405781249998 0.7059370125 0.246025190625 0.7010213000000001 0.1417561234375
11 0.74500069375 0.1469584421875 0.696775509375 0.1444311828125 0.707058396875 0.24598603125000001 0.7508217859374999 0.24530004375 0.74500069375 0.1469584421875
18 0.5153026390625 0.1297117578125 0.38630383749999997 0.12747838281249999 0.40605720781250004 0.24302100000000001 0.5363728734375 0.2452083890625 0.5153026390625 0.1297117578125
13 0.3413960453125 0.2629665609375 0.246257321875 0.2646043515625 0.27338528906250004 0.39841925 0.3595850453125 0.3911977671875 0.3413960453125 0.2629665609375
13 0.42002910625 0.26358969062500004 0.3394791546875 0.26556029375 0.358463659375 0.391236928125 0.4356923359375 0.3843287234375 0.42002910625 0.26358969062500004
13 0.48077450781250003 0.266521996875 0.414788203125 0.26798402499999996 0.4311774203125 0.3836441234375 0.49940564062500004 0.37620795937499996 0.48077450781250003 0.266521996875
14 0.5428178203125 0.27446256562500004 0.4790302890625 0.2750055453125 0.4972216234375 0.3779687546875 0.5565375171875 0.3725283421875 0.5428178203125 0.27446256562500004
14 0.599933878125 0.2699412359375 0.5451332468750001 0.271012653125 0.5564787640625 0.370845865625 0.6135518906249999 0.36548377187500003 0.599933878125 0.2699412359375
14 0.6437663875 0.2709373625 0.59680508125 0.2717350234375 0.6102464890625 0.367283728125 0.6550431328124999 0.364034865625 0.6437663875 0.2709373625
5 0.37185956875000004 0.42782874531250004 0.272640728125 0.44140070937500003 0.2872967203125 0.5074277625 0.3878100921875 0.4921260625 0.37185956875000004 0.42782874531250004
4 0.430543265625 0.403880603125 0.36811040156249997 0.4102721265625 0.38329517343749997 0.4914414640625 0.4424641859375 0.48179486093749996 0.430543265625 0.403880603125
29 0.5060463859375 0.41135114375 0.43244061718750004 0.4198173609375 0.442434809375 0.480953621875 0.5172150796875 0.46823507031249995 0.5060463859375 0.41135114375
18 0.5503542609375 0.39380086406250003 0.50468435 0.398764746875 0.51945785 0.4681567515625 0.5629862250000001 0.460740859375 0.5503542609375 0.39380086406250003
1 0.6245888468749999 0.3971043828125 0.5565324484375 0.404534546875 0.5686225265625 0.4613863 0.636733240625 0.45058518281250004 0.6245888468749999 0.3971043828125
42 0.2854043125 0.5544801406250001 0.306260178125 0.6404448609375 0.3404379609375 0.633957115625 0.315387059375 0.548138890625 0.2854043125 0.5544801406250001
41 0.3511092 0.5409354359375 0.3197463359375 0.546663103125 0.33770237187499996 0.63140553125 0.37183399375000004 0.6235958390625 0.3511092 0.5409354359375
23 0.6341524234375 0.48472683281249995 0.5666667249999999 0.493701275 0.5817948421875 0.5732482234375 0.6439827953124999 0.5604881109375001 0.6341524234375 0.48472683281249995
15 0.6824160234375001 0.477085421875 0.6289931671875 0.4849069984375 0.6422437000000001 0.5612106203125 0.689476234375 0.5496345421875 0.6824160234375001 0.477085421875
38 0.389701615625 0.5342935296875 0.35744847343749997 0.5400522859375 0.3700256546875 0.6223354296875 0.40332235 0.615878453125 0.389701615625 0.5342935296875
34 0.5361165234375 0.50734190625 0.5011621546875 0.5125332140625 0.5126043484375 0.5875764265625001 0.5458779625 0.580458478125 0.5361165234375 0.50734190625
33 0.49838232343750005 0.513292065625 0.471366728125 0.5182061453125 0.4863332734375 0.593126284375 0.5126274296875 0.5882374 0.49838232343750005 0.513292065625
37 0.44935283281249994 0.5242691171875 0.41701624375 0.5280454515625 0.43304853125 0.6082226046875 0.46196286718749996 0.6025804421875 0.44935283281249994 0.5242691171875
6 0.3796632390625 0.6511171453125 0.31682925 0.665223375 0.33647821875 0.747921346875 0.3974619390625 0.725938384375 0.3796632390625 0.6511171453125
16 0.426907053125 0.6395406734375 0.3754928515625 0.6525863375000001 0.3938914234375 0.7247395125 0.4445098203125 0.709074525 0.426907053125 0.6395406734375
12 0.47839577968749997 0.6231835140624999 0.424325990625 0.6363219109375 0.44358256875 0.707783346875 0.49510513593749994 0.6927485625 0.47839577968749997 0.6231835140624999
30 0.52037489375 0.6124526671875 0.4749905515625 0.6219788703125 0.4905842890625 0.689597540625 0.5368203265625 0.6747473671875001 0.52037489375 0.6124526671875
26 0.5546762328125 0.6092695015625 0.520691728125 0.6170740546875 0.5350812328125001 0.675469875 0.5709288671875 0.666276703125 0.5546762328125 0.6092695015625
24 0.6025474453124999 0.590391553125 0.5501178484375 0.6008255609375001 0.5648074140625 0.6678140265625 0.612782546875 0.65224134375 0.6025474453124999 0.590391553125
24 0.6400277484375 0.5771706953125 0.5973503828125 0.58924948125 0.6083771062500001 0.652395184375 0.648537853125 0.6404042796875 0.6400277484375 0.5771706953125
24 0.6821222703125 0.5697447125 0.6375803765625 0.5792414953125 0.648537853125 0.6404042796875 0.687817515625 0.62844414375 0.6821222703125 0.5697447125
7 0.4468118078125 0.8810566234375001 0.3601704625 0.92114181875 0.36823077656250003 0.975126209375 0.45516242656249994 0.93833976875 0.4468118078125 0.8810566234375001
17 0.5043290109375 0.7341185234375 0.42432915 0.762721553125 0.4334552078125 0.8219629546875 0.5099522890625 0.789511571875 0.5043290109375 0.7341185234375
17 0.5115556531250001 0.78945558125 0.43340904374999994 0.8206410109375 0.43979950937499995 0.8773308265624999 0.517966440625 0.8421740156249999 0.5115556531250001 0.78945558125
17 0.517901 0.8448234171875001 0.44422803125000004 0.877837959375 0.45581269999999996 0.9316992734375 0.5243107421875 0.8975418875000001 0.517901 0.8448234171875001
31 0.579373553125 0.760616175 0.5134304796875 0.788066553125 0.5215138765625 0.842711915625 0.590127328125 0.8118593921875 0.579373553125 0.760616175
31 0.5891517609375 0.8132170171875 0.5188936921875 0.84346519375 0.52774276875 0.8947749234375 0.5972603921874999 0.8645526046875001 0.5891517609375 0.8132170171875
25 0.6534213921875 0.7838397421875001 0.5874609828125 0.8112907249999999 0.5971219015625 0.86058676875 0.656993715625 0.832024846875 0.6534213921875 0.7838397421875001
25 0.7054682734375 0.7581981875 0.649048809375 0.7813453203125 0.6578748062499999 0.831994078125 0.7160536890625 0.8054766109375 0.7054682734375 0.7581981875
25 0.756772346875 0.736553246875 0.705604009375 0.7588552265625 0.7141761046874999 0.8022332828125001 0.761920421875 0.780050871875 0.756772346875 0.736553246875
27 0.80481351875 0.6720066265625 0.7561611296875 0.690911853125 0.7612781187500001 0.7363959015625 0.8109000203125 0.7174568171875 0.80481351875 0.6720066265625
27 0.8117401 0.7187510390625 0.7604201125000001 0.73708764375 0.7682265296875 0.7838013296875 0.8159477640624999 0.760957946875 0.8117401 0.7187510390625
7 0.42070862187499997 0.8157902874999999 0.3338420984375 0.8492655593749999 0.34563449999999996 0.9090756296875 0.4316619796875 0.8716589859375 0.42070862187499997 0.8157902874999999