11 0.2564222671875 0.254683603125 0.2268852421875 0.10730659843749998 0.1295968421875 0.1199547 0.160074171875 0.26707975156249997 0.2564222671875 0.254683603125
10 0.3420343796875 0.2403712078125 0.3139664921875 0.1079379734375 0.24145581562500001 0.112988315625 0.2614247703125 0.24950882968750002 0.3420343796875 0.2403712078125
9 0.4276525125 0.23085014531249998 0.40245695000000004 0.0899785609375 0.3192016921875 0.1027008484375 0.34824113749999996 0.244459646875 0.4276525125 0.23085014531249998
8 0.5084957515624999 0.21781556562499998 0.494331146875 0.10849745156249999 0.41319544218750004 0.1149002734375 0.42979730156249996 0.22931686093749998 0.5084957515624999 0.21781556562499998
20 0.5895786390625 0.2056753625 0.5711305062500001 0.089836303125 0.498795521875 0.0910052125 0.514217196875 0.2153239203125 0.5895786390625 0.2056753625
20 0.6539644499999999 0.19321618125 0.6395823578125001 0.07341186250000001 0.571772525 0.0819955625 0.591723428125 0.204142078125 0.6539644499999999 0.19321618125
19 0.6459330984375 0.077461721875 0.65649645 0.1896619671875 0.7253376234375 0.179523803125 0.7127917140625 0.065937603125 0.6459330984375 0.077461721875
21 0.781302034375 0.1721968953125 0.7726730296875 0.057561165625 0.7119969015625001 0.066150571875 0.721998609375 0.1797794296875 0.781302034375 0.1721968953125
3 0.2828125 0.35859375 0.084375 0.103125
3 0.34921875 0.34296875 0.084375 0.1
2 0.20859375 0.3734375 0.0890625 0.103125
14 0.415625 0.32109375 0.1046875 0.128125
14 0.5390287234375 0.352144521875 0.5260371140625 0.23420433125 0.4516026734375 0.2515927421875 0.4660577359375 0.36594550312499996 0.5390287234375 0.352144521875
14 0.611360653125 0.335958534375 0.595689115625 0.22384890624999998 0.5263190375 0.23476784999999997 0.53870919375 0.3509520203125 0.611360653125 0.335958534375
13 0.671450865625 0.3217745890625 0.6448232140625 0.2132397 0.5951561984375 0.22143546406249998 0.6057929546875 0.33425509999999997 0.671450865625 0.3217745890625
13 0.737424296875 0.307292359375 0.708746621875 0.20058489062499998 0.6487321625 0.2115532421875 0.67240143125 0.31896364843749997 0.737424296875 0.307292359375
13 0.7962444171875 0.294726853125 0.780939565625 0.18699238437500001 0.71725380625 0.2002225765625 0.7367852375 0.30490735625 0.7962444171875 0.294726853125
0 0.45824200781249996 0.47348451718750006 0.447823634375 0.400228046875 0.3835851078125 0.41105011406249997 0.3929076375 0.49035175000000003 0.45824200781249996 0.47348451718750006
1 0.5444012625 0.4516763328125 0.5327442359375001 0.38961576875000004 0.44846024531250006 0.40836524062499996 0.45808224375 0.47288826562499997 0.5444012625 0.4516763328125
28 0.6022668062500001 0.43872754687500004 0.5914030515625 0.3636732359375 0.5368321359375 0.3757392328125 0.548694853125 0.45180398750000006 0.6022668062500001 0.43872754687500004
29 0.6027081203125 0.3740642984375 0.610849975 0.43578863281249997 0.683177890625 0.4164084265625 0.6743587296875 0.35806087343750004 0.6027081203125 0.3740642984375
4 0.6747183578125 0.3407099078125 0.6836531734375 0.41500295625000005 0.7322964859375001 0.402608078125 0.71678325 0.3319948921875 0.6747183578125 0.3407099078125
5 0.7989009515625 0.38412240625 0.7935159296875 0.32932809375 0.7226825125 0.34447349531250004 0.7322964859375001 0.402608078125 0.7989009515625 0.38412240625
24 0.4860097078125 0.67885095625 0.46938888749999996 0.6110907812499999 0.41454810468750003 0.6283415625 0.427517140625 0.69899740625 0.4860097078125 0.67885095625
24 0.5411632609375 0.65896013125 0.5305962937500001 0.5882997125 0.470971753125 0.6068322984375001 0.487279803125 0.677232515625 0.5411632609375 0.65896013125
24 0.6006144156250001 0.64239118125 0.5851318109375 0.5724088453125 0.5350320171875 0.5883892828125 0.54545685 0.659087784375 0.6006144156250001 0.64239118125
15 0.48111646406249997 0.5811078921874999 0.45796146562500006 0.49848300468750006 0.38689675156250003 0.5156075578125 0.40879256093749994 0.6036823234375001 0.48111646406249997 0.5811078921874999
23 0.5499496125000001 0.564581284375 0.534920590625 0.48041810625 0.467176803125 0.49729188124999996 0.4831853828125 0.58247070625 0.5499496125000001 0.564581284375
27 0.3722033734375 0.8404869796875 0.35652415937500004 0.78010958125 0.260567784375 0.8154069046875 0.271695740625 0.8795264125 0.3722033734375 0.8404869796875
27 0.38332183125 0.8970412234375 0.37191505625 0.8400597140625001 0.273704321875 0.8794927359375 0.28507820625 0.9395101828125 0.38332183125 0.8970412234375
27 0.3969502203125 0.952922934375 0.38378637968749996 0.8969167468749999 0.287335878125 0.9378962 0.300090859375 0.9980481031249999 0.3969502203125 0.952922934375
25 0.4885991859375 0.9087122984375 0.47735006249999995 0.856389759375 0.387535440625 0.8957057953125 0.398771703125 0.9506461140625 0.4885991859375 0.9087122984375
25 0.4749828640625 0.8578954937500001 0.4643795046875 0.8014784234375 0.37304220312499997 0.8372809578125 0.3851526453125 0.8976514312500001 0.4749828640625 0.8578954937500001
25 0.4649366328125 0.80089341875 0.45248782343749994 0.741920778125 0.3635324203125 0.7757779203124999 0.3743439 0.8378036140624999 0.4649366328125 0.80089341875
25 0.553693959375 0.7701394078125 0.5430016703125 0.71113183125 0.456840209375 0.74249745 0.46895065156250004 0.802867921875 0.553693959375 0.7701394078125
25 0.5600474921874999 0.8220308265625 0.5525073046875 0.7704573703125 0.468084678125 0.803971403125 0.475197990625 0.8565306828124999 0.5600474921874999 0.8220308265625
25 0.5706274359375 0.872354059375 0.5597254 0.8212456875 0.47671481250000003 0.8556885296875001 0.48805726875 0.9088575046875 0.5706274359375 0.872354059375
25 0.6497309703124999 0.8380866625 0.6411229703125 0.7846207140625 0.564813084375 0.8181395546875001 0.5743119265625001 0.87093108125 0.6497309703124999 0.8380866625
25 0.633990259375 0.73598813125 0.6247338515624999 0.6822602015625 0.5444047703125 0.711627315625 0.555099115625 0.766712840625 0.633990259375 0.73598813125
25 0.6400170015625 0.786659946875 0.6314151156250001 0.7375495859375001 0.55314930625 0.7681067359375 0.5616705093750001 0.819417328125 0.6400170015625 0.786659946875
31 0.726993628125 0.8056196921875 0.71819199375 0.7556914078125 0.6480368328125 0.7840753171875 0.6558009921875 0.8368959265625 0.726993628125 0.8056196921875
31 0.7187992171875 0.755528703125 0.7127115749999999 0.7070518171875 0.6404932703124999 0.7342456562499999 0.6458718984375 0.7868340203125 0.7187992171875 0.755528703125
31 0.7113645843749999 0.706105575 0.704082596875 0.65533438125 0.6304497734375001 0.679421459375 0.637459625 0.7359299640625 0.7113645843749999 0.706105575
31 0.794719634375 0.7765795078125 0.7868009296875 0.725543196875 0.7185786203125 0.7525377578125 0.7291612984375 0.8050388671875 0.794719634375 0.7765795078125
17 0.786416290625 0.7260819828125 0.7801274874999999 0.6767875546875 0.7130965312499999 0.7038986125 0.7186875500000001 0.752944290625 0.786416290625 0.7260819828125
7 0.8447633250000001 0.653368321875 0.8396795453125 0.5998295062500001 0.7753349765625 0.621863528125 0.7832108015625 0.6772685484375 0.8447633250000001 0.653368321875
7 0.8517622359375 0.7011653124999999 0.8448383843749999 0.6516053203125 0.780716340625 0.676629771875 0.787935846875 0.7274177078124999 0.8517622359375 0.7011653124999999
7 0.8564818109375001 0.7469587140625 0.8507545265625 0.7018710484375 0.7869582078125 0.7259367765625 0.7949320234374999 0.77303681875 0.8564818109375001 0.7469587140625
23 0.6271353546875 0.630201490625 0.6170148609375 0.5753979250000001 0.5877166500000001 0.5806340249999999 0.59939136875 0.639378359375 0.6271353546875 0.630201490625
30 0.677748803125 0.6153324921875 0.66947135 0.550013471875 0.6202207546875 0.5632101296875 0.62897623125 0.6284010624999999 0.677748803125 0.6153324921875
12 0.728362253125 0.6004634921875 0.723784871875 0.5358959296875 0.6776640046875 0.54781825625 0.68143329375 0.6139095140624999 0.728362253125 0.6004634921875
16 0.7795148828125 0.5832714078125 0.7684478921875 0.52262134375 0.72654550625 0.5351562203125 0.7330216468749999 0.5983435671875 0.7795148828125 0.5832714078125
6 0.8268768281250001 0.5692736453125 0.8151623421874999 0.50182551875 0.7714020453125 0.511808165625 0.7838529578125 0.5842876343750001 0.8268768281250001 0.5692736453125
36 0.5843151828125001 0.54843055 0.576661578125 0.474665646875 0.537502875 0.4821081328125 0.549199478125 0.558275496875 0.5843151828125001 0.54843055
34 0.6253668296875 0.537275178125 0.6146607921875 0.463456728125 0.578261784375 0.47218275312499997 0.5884084890625 0.5475204890625001 0.6253668296875 0.537275178125
33 0.6511625328124999 0.5245432359375 0.638594353125 0.45567433749999997 0.6144541296875 0.46248504375 0.626299703125 0.5339440375 0.6511625328124999 0.5245432359375
35 0.641742684375 0.45209191875 0.6515048859375 0.525820915625 0.6780687375000001 0.5142525609375 0.6673336625 0.44523483593749996 0.641742684375 0.45209191875
37 0.7047612937500001 0.5109402203125 0.6916072203125 0.43881403125 0.6674188390625 0.44633160156249996 0.6804651640625 0.5169321921875001 0.7047612937500001 0.5109402203125
39 0.7311818046874999 0.502565475 0.718680215625 0.43155984375 0.69306699375 0.43894104218749996 0.7060485515625 0.5092999093749999 0.7311818046874999 0.502565475
38 0.7559912078125001 0.49462242500000003 0.7454972343749999 0.4259287140625 0.7232910171875 0.4305834609375 0.7307931875 0.5011151359375 0.7559912078125001 0.49462242500000003
42 0.779382190625 0.4865412828125 0.7691529453125 0.4188129515625 0.74662048125 0.42485050781249994 0.7566971687499999 0.4921015609375 0.779382190625 0.4865412828125