9 0.875 0.30703125 0.1453125 0.175
13 0.744869175 0.21298732187499997 0.70226555625 0.34803928281249996 0.8022763890625001 0.3683097453125 0.845643059375 0.2350206921875 0.744869175 0.21298732187499997
14 0.65413864375 0.1937019515625 0.6128498984374999 0.33025985625 0.7041454890625001 0.34837086093749997 0.7494374234375 0.214571553125 0.65413864375 0.1937019515625
21 0.5890625 0.25546875 0.121875 0.1484375
5 0.7116817953125001 0.5656266890625 0.689654525 0.6317628671875 0.8045596359375 0.6660918796875 0.8281997640625001 0.600050378125 0.7116817953125001 0.5656266890625
29 0.6019217968749999 0.534019025 0.5827083203125001 0.598454015625 0.6872447828125 0.6297787125000001 0.7074570671875 0.5624293953125 0.6019217968749999 0.534019025
7 0.5089628578125 0.5084977 0.49244421718750003 0.5689069140624999 0.5845329359375 0.5982933171875 0.60248665 0.5357345359375 0.5089628578125 0.5084977
31 0.47641346875 0.609715909375 0.4620031328125 0.665974659375 0.5558308765625 0.6987237687500001 0.5713228109374999 0.63908668125 0.47641346875 0.609715909375
24 0.5754458984374999 0.6312257531250001 0.5518033609375 0.7020770484375001 0.6142493109375 0.7266552515625 0.6414702265625001 0.649398384375 0.5754458984374999 0.6312257531250001
23 0.645219228125 0.64329738125 0.6178530984374999 0.7230142328125 0.7005606453125 0.7487936671875 0.725864471875 0.6705559484375 0.645219228125 0.64329738125
15 0.7276241046874999 0.6709299703125 0.696976628125 0.754547940625 0.7827671359374999 0.7859185937500001 0.81225621875 0.6967366765625 0.7276241046874999 0.6709299703125
27 0.42228642031249997 0.7749646953125 0.4078760828125 0.8312234546875 0.4972092015625 0.8707106781249999 0.514526334375 0.8111258046875 0.42228642031249997 0.7749646953125
25 0.5243359609375 0.8168897703125 0.5069928984375001 0.8725251500000001 0.60620590625 0.9093929046874999 0.6230024828125 0.8516577468750001 0.5243359609375 0.8168897703125
25 0.5405486234375 0.7550359624999999 0.52419161875 0.8118006484375 0.624575740625 0.8467585890624999 0.6406687515625 0.788733334375 0.5405486234375 0.7550359624999999
25 0.6378358265624999 0.8626282734374999 0.6206544218750001 0.9146191375000001 0.72169780625 0.9542823874999999 0.73974105 0.89946423125 0.6378358265624999 0.8626282734374999
25 0.657703946875 0.7951134296875 0.6401738421875 0.851628775 0.7475444296875 0.8932373109375 0.76566161875 0.8323161499999999 0.657703946875 0.7951134296875
41 0.52086055 0.35835425 0.5043778109375 0.442157446875 0.5397082015625 0.4511638390625 0.5565967796875 0.3654513203125 0.52086055 0.35835425
40 0.5597784640625 0.366127609375 0.538795065625 0.4554598046875 0.5783492734375 0.4633684234375 0.5987978359375 0.3734236453125 0.5597784640625 0.366127609375
43 0.603455059375 0.37341578124999997 0.5772056531249999 0.4656198015625 0.6139792328125 0.473734246875 0.6377156921875 0.3811969921875 0.603455059375 0.37341578124999997
44 0.636797615625 0.3823201296875 0.6151627656249999 0.47368239687499997 0.6535044 0.48349381718749995 0.6747783421875 0.391224009375 0.636797615625 0.3823201296875
45 0.6767287703125 0.3924694234375 0.6532509546874999 0.484686190625 0.6917827609375 0.493227028125 0.7147939812499999 0.40097584218750004 0.6767287703125 0.3924694234375
35 0.71613010625 0.4025060890625 0.6912316796875 0.4935900796875 0.7316572203125 0.502948371875 0.756844628125 0.411575646875 0.71613010625 0.4025060890625
33 0.75918966875 0.4120450578125 0.7324428953125001 0.5021783937500001 0.7707418515625 0.5131158859375 0.8005419015624999 0.42178344375 0.75918966875 0.4120450578125
37 0.8035582703124999 0.4214758953125 0.7735378796875 0.5131270406249999 0.8121901921875001 0.5233485015625 0.844249890625 0.43233879843749995 0.8035582703124999 0.4214758953125
32 0.849750715625 0.4322431015625 0.8159071921875001 0.5240303140625 0.8562290593749999 0.5362655046875 0.8890861671874999 0.4415528078125 0.849750715625 0.4322431015625