13 0.74765625 0.2140625 0.1140625 0.1453125
13 0.64609375 0.23203125 0.1140625 0.1375
14 0.55078125 0.24453125 0.10625 0.1421875
14 0.4625 0.2578125 0.1046875 0.1359375
19 0.36640625 0.27109375 0.1125 0.13125
19 0.27578125 0.28046875 0.0984375 0.13125
22 0.16328125 0.29609375 0.1296875 0.1359375
23 0.75078125 0.3796875 0.1 0.1015625
15 0.671875 0.39375 0.0875 0.0921875
8 0.58984375 0.38828125 0.096875 0.128125
9 0.490625 0.4046875 0.1015625 0.1265625
10 0.396875 0.4171875 0.103125 0.1203125
11 0.3125 0.43046875 0.0984375 0.121875
3 0.240625 0.45078125 0.0703125 0.090625
2 0.178125 0.459375 0.071875 0.0875
1 0.3859375 0.54453125 0.10625 0.075
28 0.46953125 0.52890625 0.0765625 0.084375
29 0.56015625 0.52421875 0.109375 0.0765625
4 0.64765625 0.50390625 0.075 0.0875
5 0.74375 0.50078125 0.1109375 0.0796875
24 0.40390625 0.7171875 0.0703125 0.0734375
24 0.46640625 0.7046875 0.0609375 0.0734375
24 0.5265625 0.696875 0.065625 0.0765625
26 0.578125 0.69921875 0.046875 0.0609375
30 0.63984375 0.6875 0.06875 0.075
16 0.7015625 0.6828125 0.065625 0.0734375
6 0.7640625 0.67421875 0.065625 0.071875
27 0.35727040625 0.9570148734374999 0.3448313265625 0.91759915625 0.255915090625 0.930071496875 0.2702793265625 0.9687325671875 0.35727040625 0.9570148734374999
27 0.3448313265625 0.91759915625 0.3338071375 0.87282705 0.24315195312500001 0.8824033078125 0.25388204375 0.9308393890625 0.3448313265625 0.91759915625
25 0.444888384375 0.9504028703125 0.43856568749999997 0.904535225 0.35071978593750003 0.9142848125 0.35684056875 0.959140715625 0.444888384375 0.9504028703125
25 0.4399895734375 0.9048786609375 0.428034028125 0.85814784375 0.336971271875 0.8698472109375001 0.34736564531249997 0.9157331828125 0.4399895734375 0.9048786609375
25 0.48984375 0.92265625 0.0953125 0.0546875
25 0.48359375 0.875 0.1 0.0609375
25 0.471875 0.82890625 0.1046875 0.0625
31 0.58203125 0.91015625 0.096875 0.0578125
31 0.57890625 0.8640625 0.096875 0.0609375
31 0.57265625 0.81953125 0.1 0.0578125
17 0.67421875 0.9015625 0.096875 0.0578125
17 0.67421875 0.85234375 0.103125 0.0640625
17 0.67265625 0.80078125 0.103125 0.065625
7 0.7765625 0.7953125 0.1109375 0.0703125
7 0.7734375 0.84765625 0.103125 0.0625
12 0.76171875 0.5859375 0.0734375 0.0765625
40 0.709375 0.5875 0.040625 0.0796875
42 0.67578125 0.5921875 0.0390625 0.078125
38 0.6078125 0.60078125 0.040625 0.078125
36 0.378125 0.63125 0.05625 0.0734375
41 0.64296875 0.59921875 0.0390625 0.071875
39 0.5734375 0.6078125 0.040625 0.071875
35 0.50546875 0.6140625 0.0390625 0.075
37 0.5390625 0.6109375 0.0390625 0.075
33 0.471875 0.62109375 0.040625 0.0734375
34 0.428125 0.62265625 0.0578125 0.078125