19 0.49296875 0.24375 0.1203125 0.1609375
14 0.5890625 0.22421875 0.1265625 0.165625
13 0.69765625 0.19765625 0.153125 0.178125
9 0.8046875 0.17578125 0.1453125 0.1765625
5 0.7984375 0.50390625 0.1296875 0.090625
29 0.68828125 0.52265625 0.1203125 0.084375
7 0.5796875 0.5453125 0.1234375 0.084375
31 0.57578125 0.65546875 0.1140625 0.0828125
24 0.66171875 0.6359375 0.0828125 0.0859375
23 0.7328125 0.61484375 0.1 0.1015625
15 0.815625 0.6 0.103125 0.103125
27 0.6046875 0.8296875 0.1109375 0.0703125
27 0.5984375 0.7765625 0.1125 0.075
25 0.7296875 0.80859375 0.11875 0.0765625
25 0.83828125 0.790625 0.1203125 0.0765625
25 0.71484375 0.74921875 0.115625 0.0765625
25 0.81953125 0.73203125 0.11875 0.078125
39 0.5271555828125 0.46065945937499997 0.515335371875 0.3681074234375 0.47900182343750003 0.3746459203125 0.49070948437500006 0.4672198328125 0.5271555828125 0.46065945937499997
38 0.5668690796875 0.45293993749999995 0.557078090625 0.3599934609375 0.51871531875 0.3669264 0.5296517171875 0.4591261984375 0.5668690796875 0.45293993749999995
40 0.60677888125 0.4462303203125 0.6000691984375 0.3511128078125 0.561794365625 0.35855268125 0.5704309359375 0.4532956453125 0.60677888125 0.4462303203125
41 0.6479367500000001 0.43875407343750006 0.6376741453125 0.3432791125 0.6020828218750001 0.35019736562500003 0.6106212359375001 0.4444353796875 0.6479367500000001 0.43875407343750006
42 0.6887020078125 0.429258015625 0.679711325 0.33668000781249996 0.6427638859375 0.3438618625 0.651680953125 0.4364541796875 0.6887020078125 0.429258015625
35 0.7319773625 0.4218942015625 0.7235720062500001 0.3286783859375 0.685941084375 0.335993096875 0.692838821875 0.42897793125000006 0.7319773625 0.4218942015625
33 0.7716908578125 0.4141746796875 0.7643469984375 0.31918043749999997 0.7260332328125 0.3266278796875 0.7327486249999999 0.42226831562499995 0.7716908578125 0.4141746796875
37 0.8148680593750001 0.40630591406249994 0.8100311828125 0.3097762984375 0.7692104328125 0.3187591109375 0.77572951875 0.41338964375 0.8148680593750001 0.40630591406249994