19 0.49835527187500006 0.1986320078125 0.4929415234375 0.3538782796875 0.5907787609375 0.35940740625 0.6054828359375 0.20125949375 0.49835527187500006 0.1986320078125
14 0.39741535625 0.182662565625 0.3923456296875 0.3445211125 0.4933546046875 0.35177930625 0.498801146875 0.1991016625 0.39741535625 0.182662565625
13 0.29013655 0.1764472546875 0.283749171875 0.3396105640625 0.39926956874999997 0.348396471875 0.40265963281249995 0.196948440625 0.29013655 0.1764472546875
9 0.1863697796875 0.1734925859375 0.18560928593749998 0.3314634453125 0.2924417359375 0.3378912796875 0.2900376640625 0.1865571546875 0.1863697796875 0.1734925859375
32 0.1887140078125 0.36548620781249996 0.192302534375 0.47248451406249997 0.23690255468750002 0.47343429531250003 0.2365349140625 0.36938180625 0.1887140078125 0.36548620781249996
37 0.2353967984375 0.3658704296875 0.2362052328125 0.47413222812500005 0.2840956703125 0.4761333296875 0.28327653750000004 0.3692069140625 0.2353967984375 0.3658704296875
33 0.2817269953125 0.369609334375 0.281107403125 0.47164692500000005 0.32779704375 0.476204178125 0.3264489515625 0.37430980156250004 0.2817269953125 0.369609334375
35 0.368600846875 0.3747831046875 0.325310834375 0.3707984234375 0.3246980234375 0.477009053125 0.3674777109375 0.47867890781250005 0.368600846875 0.3747831046875
45 0.3703782078125 0.376209028125 0.367724228125 0.4752910984375 0.4086137015625 0.47858516875 0.41248628906249996 0.3795846859375 0.3703782078125 0.376209028125
44 0.4108949203125 0.37696723906249996 0.40713009375000003 0.4765462140625 0.450199003125 0.4780555921875 0.45353731875000003 0.3796990046875 0.4108949203125 0.37696723906249996
43 0.45289386093750006 0.3813815046875 0.44883061093750004 0.4759431546875 0.48716906406250005 0.477040934375 0.49269434375000004 0.384514625 0.45289386093750006 0.3813815046875
40 0.49529306249999994 0.38198755 0.4881546359375 0.4779769265625 0.5251961984375 0.47928760937500003 0.5318992515625001 0.384434909375 0.49529306249999994 0.38198755
41 0.5352027046875001 0.3840820640625 0.5262169078125 0.48289515781250003 0.5659810015625 0.48637448125000005 0.5771288718750001 0.389188734375 0.5352027046875001 0.3840820640625
18 0.42857974375 0.5993959531249999 0.5428546203125 0.5998558546874999 0.49587190625 0.547314165625 0.42630385000000004 0.547702853125 0.42857974375 0.5993959531249999
29 0.3137422390625 0.5334219625000001 0.313038440625 0.5994407515625 0.42553687812499996 0.6018763359375 0.42687575468750005 0.5358620593750001 0.3137422390625 0.5334219625000001
5 0.1908439046875 0.5306556 0.1922448234375 0.603539640625 0.311893940625 0.6042830718750001 0.31481086875000003 0.532134178125 0.1908439046875 0.5306556
31 0.5380994421875 0.725176571875 0.5417048984374999 0.662962621875 0.43989126718750005 0.66381245 0.4376408453125 0.7251805734375 0.5380994421875 0.725176571875
24 0.3693140390625 0.65604445625 0.36966757656250004 0.7297792765625 0.43585600312499995 0.7288432765625 0.43784985 0.6565973640625 0.3693140390625 0.65604445625
23 0.2867965 0.637570778125 0.2787535765625 0.73255751875 0.3666039390625 0.730665284375 0.372408821875 0.6399184906250001 0.2867965 0.637570778125
15 0.28257636875 0.7302047875000001 0.28049703593749997 0.6256783578125 0.18905529375000002 0.62551815625 0.193892271875 0.7348847734375 0.28257636875 0.7302047875000001
25 0.210539515625 0.8029186578124999 0.213804978125 0.861139303125 0.3272386515625 0.8557872968750001 0.32742464843749997 0.796302353125 0.210539515625 0.8029186578124999
25 0.2141912890625 0.8614068671874999 0.2175837234375 0.9150699234375 0.32770764531249996 0.9090406156249999 0.3264975484375 0.8539592734375001 0.2141912890625 0.8614068671874999
25 0.327272703125 0.8519405875 0.327521375 0.907730675 0.4292872609375 0.89801541875 0.4311622953125 0.8446584453125 0.327272703125 0.8519405875
27 0.4344084125 0.8435143375 0.4293988953125 0.8971825015625001 0.5320509046875 0.891229803125 0.5361608046875 0.838807784375 0.4344084125 0.8435143375