11 0.57109375 0.0703125 0.0984375 0.140625
10 0.50859375 0.07109375 0.0890625 0.1421875
9 0.47294785156249997 0.0100143359375 0.41680336562500003 0.021948215625 0.44327904531250006 0.14650649531249998 0.5014123703125 0.13840062656250002 0.47294785156249997 0.0100143359375
8 0.39296875 0.0828125 0.121875 0.15625
20 0.3109375 0.09609375 0.1078125 0.1453125
20 0.264377425 0.0389128265625 0.17290198125 0.0591442859375 0.20147161093750002 0.1659102140625 0.2890861046875 0.155158021875 0.264377425 0.0389128265625
21 0.13828125 0.12265625 0.134375 0.1328125
13 0.06640625 0.3015625 0.1328125 0.2
13 0.16640625 0.27578125 0.140625 0.1828125
13 0.2609375 0.26015625 0.128125 0.16875
14 0.33828125 0.25390625 0.09375 0.140625
14 0.40234375 0.24375 0.0859375 0.1328125
14 0.4609375 0.234375 0.0796875 0.1296875
3 0.528125 0.234375 0.0859375 0.1015625
3 0.57734375 0.23046875 0.053125 0.084375
0 0.52109375 0.34921875 0.053125 0.078125
1 0.47265625 0.3703125 0.0890625 0.0859375
28 0.40078125 0.38203125 0.0875 0.10625
29 0.31953125 0.41328125 0.1109375 0.096875
6 0.23828125 0.4265625 0.0953125 0.1265625
5 0.14375 0.4671875 0.1484375 0.1203125
23 0.49609375 0.4703125 0.08125 0.10625
36 0.423963165625 0.5393183484375 0.46390400156249995 0.5223315093750001 0.444212234375 0.44281070156249996 0.40202655312499996 0.45428873750000004 0.423963165625 0.5393183484375
34 0.38379609375 0.5550739250000001 0.4245961734375 0.53947581875 0.4037979 0.45474929687500004 0.3633835890625 0.4666878859375 0.38379609375 0.5550739250000001
35 0.351235409375 0.5692127124999999 0.3845844140625 0.5559326625 0.36504679375000004 0.469264078125 0.3330015171875 0.47858670312499996 0.351235409375 0.5692127124999999
33 0.3542023453125 0.5678314984374999 0.3269375234375 0.4815497671875 0.292479040625 0.49264093124999997 0.323604015625 0.5839615984375001 0.3542023453125 0.5678314984374999
37 0.26273880625 0.5023106765625001 0.287629559375 0.5957935375 0.3235189046875 0.5835611828125 0.2948692234375 0.493388478125 0.26273880625 0.5023106765625001
41 0.2508090703125 0.5987182437499999 0.27446409374999997 0.5889657203125 0.244677996875 0.5065681453125 0.21342176406250002 0.51697865 0.2508090703125 0.5987182437499999
40 0.185429853125 0.5296250390624999 0.2185094171875 0.6278647875 0.2587175109375 0.6119837515625 0.218712778125 0.5208763953125 0.185429853125 0.5296250390624999
44 0.14187540625 0.5451608015625 0.1777505515625 0.6428047 0.21701952656249998 0.62838050625 0.1824829734375 0.5315070140625 0.14187540625 0.5451608015625
45 0.10205690781250001 0.559902465625 0.1386046078125 0.6633643078125 0.17937493437500002 0.6481010203124999 0.14398721875 0.547223115625 0.10205690781250001 0.559902465625
24 0.5578125 0.54375 0.0625 0.0828125
24 0.5171875 0.5625 0.05625 0.0828125
24 0.47734375 0.584375 0.0640625 0.0890625
26 0.43515625 0.59921875 0.0546875 0.0859375
30 0.39609375 0.621875 0.0734375 0.1
12 0.340625 0.65078125 0.0890625 0.10625
16 0.27734375 0.678125 0.090625 0.1125
6 0.20234375 0.7203125 0.109375 0.1234375
7 0.20199013593749998 0.8358513484375001 0.22081462031250002 0.9034190499999999 0.32258665625 0.841607665625 0.30868969687500003 0.7788520218749999 0.20199013593749998 0.8358513484375001
7 0.22857052968749997 0.9792726296875 0.33679302187500004 0.911067775 0.316236259375 0.84847211875 0.20826916718750002 0.9178782828125 0.22857052968749997 0.9792726296875
7 0.3242326203125 1 0.35976294375 0.9718949015625 0.33668488124999996 0.9131834078125 0.2442572984375 0.9822162828125001 0.2497103390625 1 0.3242326203125 1
17 0.3135931515625 0.7783020296875 0.32896005625 0.8453490671875 0.413800771875 0.7904848078125 0.399029653125 0.72624085 0.3135931515625 0.7783020296875
17 0.33625930312499996 0.9111812203125 0.4201867375 0.849396034375 0.40675447499999995 0.794075190625 0.31711044843749997 0.8499604453125 0.33625930312499996 0.9111812203125
17 0.3360039546875 0.9099799000000001 0.3561134171875 0.9642134875 0.4342378046875 0.9050038515625 0.41875585156249995 0.8505372296875 0.3360039546875 0.9099799000000001
31 0.4083579890625 0.725513646875 0.420881415625 0.7866339124999999 0.489908934375 0.7391508234375 0.48145025312499995 0.68360989375 0.4083579890625 0.725513646875
31 0.4064140125 0.7924734375 0.421362746875 0.8499227296875 0.4925359546875 0.8013722390625 0.4836286875 0.746345175 0.4064140125 0.7924734375
31 0.501783790625 0.8522853890625001 0.4896120984375 0.800738128125 0.41625755625 0.8519053296875001 0.43238134375000004 0.9041428609375 0.501783790625 0.8522853890625001
25 0.4996080625 0.8499234984375 0.5667530984375 0.8015011015625 0.558736090625 0.7559110687499999 0.4888000296875 0.802166334375 0.4996080625 0.8499234984375
25 0.49451902031249995 0.73984505 0.49601655468750006 0.79937681875 0.5624720140624999 0.7551169734375 0.560843365625 0.7002169203124999 0.49451902031249995 0.73984505
25 0.48995981874999994 0.733665115625 0.5499599390625 0.6962522843750001 0.540712209375 0.639623471875 0.4725935203125 0.6813071265625 0.48995981874999994 0.733665115625
25 0.5470048984375 0.692982421875 0.603111896875 0.6602611031250001 0.59420461875 0.6052340515625 0.5313217578125 0.6374341546875 0.5470048984375 0.692982421875
25 0.5610512453125 0.7511911812500001 0.6189803359375 0.7112973140625 0.6064843546875001 0.6603813265625 0.5502152875 0.697453603125 0.5610512453125 0.7511911812500001
25 0.5666963671875 0.803340240625 0.6257136859375 0.7613455296875 0.6159483406249999 0.7127788546875 0.556879628125 0.7550500734375001 0.5666963671875 0.803340240625
27 0.67307590625 0.6699510109375 0.7198817921875 0.6354617671875 0.7093043906250001 0.5883232875 0.6639026421875001 0.621411515625 0.67307590625 0.6699510109375
27 0.6860895421875 0.7173956687499999 0.7269165140625 0.6816791390625 0.7200520265625 0.6362626546875 0.6732194203125 0.67049208125 0.6860895421875 0.7173956687499999