11 0.7455747703125 0.169100553125 0.72649241875 0.020068635937500003 0.6303866109375 0.0397836265625 0.6504400640625 0.1887476359375 0.7455747703125 0.169100553125
10 0.6440253640625 0.1854834484375 0.6184596499999999 0.049899509375 0.5482552265625 0.0687314859375 0.5648325609375 0.20308757812499997 0.6440253640625 0.1854834484375
9 0.560295021875 0.208973996875 0.5416002062499999 0.0654841015625 0.45873884218749994 0.0805602015625 0.480779271875 0.22195977500000003 0.560295021875 0.208973996875
8 0.4782521453125 0.22120830156250001 0.4566991140625 0.10762025625 0.37789924375 0.1279814703125 0.40009684375 0.23595532187499998 0.4782521453125 0.22120830156250001
20 0.39387591093749996 0.23546214375000002 0.3679831796875 0.112895690625 0.2992085484375 0.1353404328125 0.3194790046875 0.25087454062500003 0.39387591093749996 0.23546214375000002
20 0.316951878125 0.25012306562500003 0.2960488109375 0.1281358875 0.22913877500000002 0.1420965625 0.2545447109375 0.2600561234375 0.316951878125 0.25012306562500003
19 0.1574845890625 0.158864146875 0.18260224687499998 0.27034655625 0.25099351875 0.25751988593749997 0.22445253593749998 0.147993378125 0.1574845890625 0.158864146875
21 0.185842571875 0.2695011796875 0.158305434375 0.15880674687500002 0.098138590625 0.17043951875000002 0.12730144999999998 0.281639059375 0.185842571875 0.2695011796875
3 0.659375 0.2953125 0.0703125 0.09375
3 0.59140625 0.30234375 0.0703125 0.090625
2 0.734375 0.28515625 0.075 0.09375
14 0.521875 0.303125 0.0859375 0.1171875
14 0.4884491671875 0.3621984625 0.464887078125 0.24936969531250003 0.3888468203125 0.2571621125 0.41496058125 0.3729064078125 0.4884491671875 0.3621984625
14 0.4148744625 0.371674846875 0.38876371875000004 0.257786715625 0.31961816249999997 0.270047340625 0.3412997578125 0.38115122968750004 0.4148744625 0.371674846875
13 0.346009534375 0.377727934375 0.3193363046875 0.267591884375 0.2697069390625 0.27601263593750003 0.279865503125 0.3873035046875 0.346009534375 0.377727934375
13 0.27805157343750003 0.3849551828125 0.2654618984375 0.2756906890625 0.20514616718749998 0.2848587046875 0.212771446875 0.3950891359375 0.27805157343750003 0.3849551828125
13 0.2125992078125 0.39262601406250003 0.19698450781250001 0.2872857984375 0.1324611109375 0.2955104609375 0.1530650015625 0.4023581734375 0.2125992078125 0.39262601406250003
0 0.5981166546875001 0.45601153749999995 0.58111319375 0.37799525 0.5168511515625 0.3886768015625 0.5308503609375 0.46133404687499996 0.5981166546875001 0.45601153749999995
1 0.5308073 0.460718265625 0.5188984359375 0.3965779296875 0.433102125 0.4062901390625 0.44228513437499994 0.46876471249999996 0.5308073 0.460718265625
28 0.43826702500000003 0.47028326875 0.4247191828125 0.39450050625 0.36919306406249996 0.400858434375 0.3833564765625 0.475360571875 0.43826702500000003 0.47028326875
29 0.2889297234375 0.42255956875 0.299587146875 0.480599503125 0.3742841140625 0.47537618125 0.361886909375 0.4143639484375 0.2889297234375 0.42255956875
4 0.24033029843749998 0.41172577187500004 0.24865165 0.4835424671875 0.2986801828125 0.47942534062500003 0.282940765625 0.4062709921875 0.24033029843749998 0.41172577187500004
5 0.24865165 0.4835424671875 0.238815071875 0.42544513593750005 0.16690989843749998 0.4341859828125 0.17965754375 0.4877482140625 0.24865165 0.4835424671875
24 0.6333211078125001 0.6645576328125 0.6225802796875 0.593528915625 0.5651109953125 0.59507239375 0.5714562578125 0.6645521078125001 0.6333211078125001 0.6645576328125
24 0.5697284453125 0.66343534375 0.5622279406249999 0.59156125 0.49981821093749995 0.593450196875 0.5128317296875 0.663701203125 0.5697284453125 0.66343534375
24 0.5088136203125 0.6652197578125 0.4956533125 0.5949790171875 0.44308030625 0.596180115625 0.4512252359375 0.66739035625 0.5088136203125 0.6652197578125
15 0.619993990625 0.568339325 0.6120225453125 0.47793442031250005 0.5392543296875 0.48487924531250004 0.5442608812499999 0.5705411406249999 0.619993990625 0.568339325
23 0.54274836875 0.57250328125 0.530153265625 0.4867532359375 0.46060669218749994 0.49285398750000003 0.4737973234375 0.5773248078125001 0.54274836875 0.57250328125
27 0.8394276312500001 0.7845206765625 0.8290740515625 0.7202715828125 0.7268538312499999 0.718137646875 0.7316858015625 0.780330253125 0.8394276312500001 0.7845206765625
27 0.8463030671875 0.84559335 0.8375175171875 0.7851427640625 0.7318193078124999 0.7798323984375 0.7395853546875 0.8374231546875001 0.8463030671875 0.84559335
27 0.8511664078125 0.9058296828125 0.8436429343749999 0.8448023250000001 0.7391055890625 0.8374567031250001 0.7448927640624999 0.894697321875 0.8511664078125 0.9058296828125
25 0.7424292593749999 0.8931375625 0.7351665359374999 0.8375323015625 0.63744509375 0.8295990390625001 0.6438433906250001 0.882733328125 0.7424292593749999 0.8931375625
25 0.7380529484375 0.8385961734375 0.7298488937500001 0.7775719953125 0.6318316140625 0.77345655 0.6401735421875 0.8302520546875 0.7380529484375 0.8385961734375
25 0.7287882765625 0.7784899671875001 0.718817140625 0.7163236484375 0.623685346875 0.7132721390625 0.6311143796875001 0.7730848 0.7287882765625 0.7784899671875001
25 0.6279618859375 0.7762585671875 0.6197578296875 0.7152343890624999 0.5280789234375 0.7136290421875 0.537180153125 0.7729028718750001 0.6279618859375 0.7762585671875
25 0.639525796875 0.8290316390625 0.6291399390625 0.7770199953125 0.538405675 0.7728171749999999 0.5480669625 0.8240356796875 0.639525796875 0.8290316390625
25 0.6444030578125 0.8826941921874999 0.6378174359375001 0.8287291968750001 0.548115890625 0.823188453125 0.5544470718750001 0.8750617234375 0.6444030578125 0.8826941921874999
25 0.550500040625 0.8749158250000001 0.5422941328124999 0.8219079359375 0.45922904999999997 0.8150593171875 0.46849683750000004 0.8684148546875001 0.550500040625 0.8749158250000001
25 0.5347359703125 0.7701204625 0.5269135796875 0.7145543375 0.44139994375 0.7129397765625 0.450139940625 0.7667541234375 0.5347359703125 0.7701204625
25 0.5456814984375 0.8220929703125 0.537033359375 0.7708036203125 0.45308314687499995 0.767392121875 0.46093867343749995 0.81662738125 0.5456814984375 0.8220929703125
31 0.46236985312499995 0.8692651984375 0.4525143015625 0.81679456875 0.376940396875 0.812797340625 0.38487334687499997 0.8628709921875 0.46236985312499995 0.8692651984375
31 0.4554594328125 0.8186981390625 0.4434239296875 0.767223753125 0.3662867328125 0.7650234546875 0.3763132828125 0.8128411921875 0.4554594328125 0.8186981390625
31 0.44684065312500004 0.7678286390625 0.4350712296875 0.7121166156250001 0.3576080421875 0.7133143375000001 0.367252271875 0.763690228125 0.44684065312500004 0.7678286390625
31 0.3826346765625 0.8630275359375 0.37554810625 0.809941378125 0.30225407656250003 0.8066285328125 0.311382590625 0.8574623890625 0.3826346765625 0.8630275359375
17 0.3755774640625 0.8103612281249999 0.3648961671875 0.7621673703125 0.2926906546875 0.75835650625 0.302793171875 0.8070127375 0.3755774640625 0.8103612281249999
7 0.28993192031250004 0.7598151234375 0.27934055 0.7048645296875 0.2113279890625 0.7049794953124999 0.22395171406249997 0.75725655625 0.28993192031250004 0.7598151234375
7 0.30179127031249997 0.808770409375 0.29208251406249996 0.75839903125 0.223306765625 0.75561404375 0.2328952921875 0.8047281203125 0.30179127031249997 0.808770409375
7 0.31002838593750004 0.8541818578125 0.30223350312499997 0.8070518734375 0.2340778640625 0.8050673296875 0.24334171875 0.8495631765624999 0.31002838593750004 0.8541818578125
23 0.45140077031250003 0.6641434921875 0.44331414843749994 0.604798715625 0.4139074375 0.6093864515625 0.42218062031250003 0.6644991499999999 0.45140077031250003 0.6641434921875
30 0.4198538734375 0.66339614375 0.40690824843750006 0.5989064 0.356044484375 0.6024631406250001 0.3694837921875 0.6669183624999999 0.4198538734375 0.66339614375
12 0.3655367609375 0.6667724640625 0.347583484375 0.6030547921875 0.3000938171875 0.6067974953124999 0.3167869609375 0.669337575 0.3655367609375 0.6667724640625
16 0.3116912375 0.668850096875 0.2972427609375 0.6069968609374999 0.2535423203125 0.6087869859375 0.262824003125 0.6697358078125 0.3116912375 0.668850096875
6 0.259053125 0.6721090078125 0.2472286875 0.599524703125 0.20260248125000002 0.604332884375 0.2134851796875 0.6719202046875 0.259053125 0.6721090078125
36 0.4724536265625 0.571118346875 0.4587153125 0.49529265 0.4192669953125 0.5010044671875 0.4360458734375 0.5732423234375 0.4724536265625 0.571118346875
34 0.43187929062499997 0.57371449375 0.41694561874999997 0.49917782187500004 0.379688765625 0.502777559375 0.39359894375 0.576059821875 0.43187929062499997 0.57371449375
33 0.3916323828125 0.573213878125 0.3795678203125 0.5017915328125 0.354525440625 0.5032111703125 0.3650635140625 0.5724197921874999 0.3916323828125 0.573213878125
35 0.3239531203125 0.5026970328125 0.33627288125 0.5714495703125 0.365155784375 0.573739321875 0.35038231249999996 0.5008489234375 0.3239531203125 0.5026970328125
37 0.3348794171875 0.5747634125000001 0.32422965625 0.503761775 0.29891161093749996 0.5045287390625 0.30995618125 0.5770079375 0.3348794171875 0.5747634125000001
39 0.308205021875 0.575876084375 0.29757271875 0.5051240859374999 0.2709518578125 0.506483875 0.282248546875 0.5776911375 0.308205021875 0.575876084375
38 0.2821438078125 0.5761932937500001 0.26627438125 0.5070618171875 0.243762553125 0.5098903046875 0.256204790625 0.5782579875 0.2821438078125 0.5761932937500001
42 0.2547165796875 0.5761043015625 0.24234947187500003 0.509236534375 0.219078971875 0.510863765625 0.2314572203125 0.5782324765625 0.2547165796875 0.5761043015625