19 0.28965428125 0.1122131953125 0.1998240171875 0.11090048125 0.2265373125 0.2516357734375 0.319618284375 0.24765833750000002 0.28965428125 0.1122131953125
19 0.3766268484375 0.11710096249999999 0.2868935875 0.117469078125 0.31749705 0.24949427968750001 0.3970872796875 0.24561640156250003 0.3766268484375 0.11710096249999999
8 0.57467076875 0.133629409375 0.5063345953125 0.13503271562500002 0.5331140109375 0.24454254843749998 0.5971509859374999 0.2434398734375 0.57467076875 0.133629409375
9 0.6318878296875 0.1313160171875 0.57266895625 0.134613196875 0.5947948796875 0.2419170140625 0.6486991203125 0.2406790828125 0.6318878296875 0.1313160171875
10 0.6883963125 0.13495881406250002 0.6312854078125001 0.1364209796875 0.645341115625 0.24091389687500003 0.69694796875 0.23899280625000002 0.6883963125 0.13495881406250002
11 0.7325304734375 0.1386231046875 0.6842464671874999 0.13778041875 0.698067303125 0.2389145359375 0.7417800921875 0.236701646875 0.7325304734375 0.1386231046875
18 0.5023704437500001 0.129403271875 0.37337228125 0.1316732515625 0.3971459984375 0.24645610156250003 0.5274586171875 0.24409420625 0.5023704437500001 0.129403271875
13 0.333220315625 0.26864615468749997 0.23819670468749998 0.2736032390625 0.26997821875 0.40638986875 0.3558734390625 0.3961644578125 0.333220315625 0.26864615468749997
13 0.411827221875 0.2665246484375 0.3313951109375 0.2713052046875 0.354754103125 0.3962427296875 0.43169464062499996 0.38664349374999996 0.411827221875 0.2665246484375
13 0.47263795468750003 0.2673351859375 0.40674287187499997 0.2710992109375 0.42715858281249997 0.386116878125 0.4950857234375 0.3763041125 0.47263795468750003 0.2673351859375
14 0.53492059375 0.27310563593750004 0.4711908703125 0.2758744375 0.4929644875 0.37814005625 0.5520543796874999 0.3706328625 0.53492059375 0.27310563593750004
14 0.5918440656249999 0.2665937390625 0.537114209375 0.26957701875 0.5519369453125 0.3689534625 0.6087881703125 0.3616028109375 0.5918440656249999 0.2665937390625
14 0.6356846375 0.266059528125 0.5887797781249999 0.268495628125 0.6055475984375 0.36351702812500003 0.6502035703125 0.3587067640625 0.6356846375 0.266059528125
5 0.3694188875 0.432344746875 0.27073414375 0.44937113125000006 0.28768551875 0.5148464749999999 0.3876036390625 0.4960462296875 0.3694188875 0.432344746875
4 0.42723105781250004 0.4063631609375 0.3650592875 0.41492966718749996 0.3830675796875 0.49551961718750004 0.44186388593750003 0.48381392187500005 0.42723105781250004 0.4063631609375
29 0.5029489015624999 0.41119413125 0.42968343906250006 0.42222399375 0.4418051671875 0.4829742203125 0.5160960140624999 0.4676536234375 0.5029489015624999 0.41119413125
18 0.546617290625 0.39210821875 0.5011484375 0.3986629359375 0.5183346828125 0.4674970796875 0.56157773125 0.4585665875 0.546617290625 0.39210821875
1 0.6209219453125 0.392818975 0.5531663140624999 0.40261974843750004 0.567233125 0.45901493125000004 0.63492539375 0.44584336406249997 0.6209219453125 0.392818975
42 0.28743636875 0.561936234375 0.311279653125 0.647120728125 0.3452101984375 0.6394441484375 0.31717954375 0.5545524640624999 0.28743636875 0.561936234375
41 0.35262852499999997 0.5461067140625 0.3214846609375 0.5529254406249999 0.342387225 0.6369895875 0.3762255015625 0.6279934765624999 0.35262852499999997 0.5461067140625
23 0.633537675 0.480054284375 0.566406290625 0.49137847656250006 0.5843013406249999 0.570349003125 0.6460060890625 0.5554263359375 0.633537675 0.480054284375
15 0.68150519375 0.470733153125 0.62838785 0.4804143953125 0.64429326875 0.5562090984375 0.69109303125 0.54299168125 0.68150519375 0.470733153125
38 0.3909656328125 0.538121996875 0.3589331171875 0.5450028640625 0.3743742765625 0.6267969453125 0.40742534375000006 0.619181865625 0.3909656328125 0.538121996875
34 0.5363507515625 0.5060769859375001 0.5015988499999999 0.5124850203125 0.51565304375 0.5870831921875 0.548657975 0.578808346875 0.5363507515625 0.5060769859375001
33 0.4988471953125 0.513340425 0.47201955624999997 0.519194340625 0.489591659375 0.593546515625 0.515699178125 0.5877429578125 0.4988471953125 0.513340425
37 0.450230665625 0.5260218937500001 0.4180455671875 0.5309244578125 0.4368662296875 0.6104932515625 0.46556604375 0.6038454296875 0.450230665625 0.5260218937500001
6 0.3850104578125 0.65522478125 0.3227070453125 0.6715152921875001 0.3452301625 0.7534771484375 0.4054095390625 0.729379275 0.3850104578125 0.65522478125
16 0.431821478125 0.6420065765625 0.380893884375 0.656838621875 0.4017993578125 0.72830574375 0.45184021874999997 0.7108837421875001 0.431821478125 0.6420065765625
12 0.482707984375 0.6238624500000001 0.42912965625000005 0.638879853125 0.45086847187499995 0.7096257109375 0.5018349468750001 0.6928019734374999 0.482707984375 0.6238624500000001
30 0.5242870234375 0.611673090625 0.47926278906249997 0.6227773812499999 0.4972068828125 0.689810646875 0.5428964921875 0.6733559046875001 0.5242870234375 0.611673090625
26 0.5584563765625 0.6072947656250001 0.52476495 0.6162806046875 0.541183671875 0.6741386671875 0.5766886328124999 0.6637000296875 0.5584563765625 0.6072947656250001
24 0.6056395953125 0.5867576359375 0.553606078125 0.599015053125 0.570624559375 0.665450053125 0.6180269890625001 0.6482125484375 0.6056395953125 0.5867576359375
24 0.6426356656250001 0.5722367875 0.600405840625 0.5857976328125 0.6136296015625 0.6485200437499999 0.6533474078125 0.6351348531250001 0.6426356656250001 0.5722367875
24 0.68444538125 0.56334625 0.6402620546875 0.5743917374999999 0.6533474078125 0.6351348531250001 0.6921857375 0.6218111625 0.68444538125 0.56334625
7 0.46014289374999995 0.8826807359375 0.37495327968750003 0.9257652515625001 0.3848927125 0.9794354546875 0.470487578125 0.939637553125 0.46014289374999995 0.8826807359375
17 0.5124969921875 0.7338248234375 0.43354409687500006 0.765202384375 0.44473209062499997 0.824089203125 0.520050034375 0.7889878796875001 0.5124969921875 0.7338248234375
17 0.5216504671875 0.7888759656250001 0.4446398203125 0.822769675 0.4530048390625 0.879201934375 0.529897196875 0.841338553125 0.5216504671875 0.7888759656250001
17 0.529924259375 0.8439886234375 0.4574483609375 0.8795542031249999 0.47090570468750004 0.932978409375 0.53816994375 0.8964512828125001 0.529924259375 0.8439886234375
31 0.588420575 0.7576873187500001 0.523475675 0.787422353125 0.5334612437499999 0.841752321875 0.6009561609375 0.8085240171875 0.588420575 0.7576873187500001
31 0.60002856875 0.8099148625 0.5308689453125 0.8425965828124999 0.5415033140625 0.893566228125 0.6099238453125 0.8609361890624999 0.60002856875 0.8099148625
25 0.6632337953125 0.7783125046875 0.59827159375 0.80804875 0.609647034375 0.856977603125 0.6684855796875 0.8263435843750001 0.6632337953125 0.7783125046875
25 0.71435409375 0.7508701609374999 0.6587768234375 0.7759722046875 0.669365059375 0.826282084375 0.7265830546875 0.7977503578125 0.71435409375 0.7508701609374999
25 0.7648715171875 0.72744791875 0.714512678125 0.7515220625000001 0.724593425 0.7945745328125 0.7715345015625 0.7707393828125 0.7648715171875 0.72744791875
27 0.8106307796875001 0.6612640062499999 0.7626678109375 0.6818556609375 0.7693690531249999 0.7271334203125 0.8182997625 0.7064740953124999 0.8106307796875001 0.6612640062499999
27 0.8191844984375001 0.707738209375 0.7685357109375001 0.727854684375 0.77796765625 0.774267475 0.8248625984375 0.7497725609375 0.8191844984375001 0.707738209375
7 0.4317778453125 0.8183651453125 0.346132509375 0.8548516234375001 0.36000506875 0.914213709375 0.444674321875 0.8738175437500001 0.4317778453125 0.8183651453125