13 0.2171875 0.2765625 0.115625 0.1484375
13 0.31015625 0.2578125 0.1171875 0.1515625
14 0.409375 0.24296875 0.121875 0.15625
14 0.509375 0.228125 0.1265625 0.15625
21 0.60546875 0.2140625 0.1140625 0.1453125
21 0.6890625 0.20078125 0.109375 0.1484375
22 0.7859375 0.190625 0.1234375 0.1453125
9 0.48984375 0.3875 0.1 0.128125
23 0.2453125 0.43828125 0.103125 0.096875
15 0.33046875 0.42109375 0.096875 0.1078125
2 0.8 0.36015625 0.08125 0.09375
1 0.62890625 0.49765625 0.1140625 0.0796875
28 0.525 0.50859375 0.078125 0.084375
29 0.4390625 0.52578125 0.109375 0.078125
4 0.35625 0.53125 0.078125 0.0859375
5 0.27421875 0.54921875 0.1109375 0.0796875
24 0.66484375 0.66484375 0.06875 0.0734375
24 0.60546875 0.6734375 0.0703125 0.0734375
24 0.54296875 0.68203125 0.065625 0.0703125
26 0.49375 0.68984375 0.05 0.0640625
16 0.36953125 0.7046875 0.0703125 0.075
6 0.30390625 0.71953125 0.071875 0.0765625
27 0.815625 0.853125 0.0984375 0.05625
25 0.7680477140625 0.8796873390625001 0.7666405546874999 0.838731725 0.680173990625 0.8495187874999999 0.6826467968750001 0.8927445171875 0.7680477140625 0.8796873390625001
25 0.7614533875 0.8380524062499999 0.7627099703125 0.794704996875 0.6721006 0.8024900468749999 0.6753278171875 0.8465343000000001 0.7614533875 0.8380524062499999
25 0.67243825625 0.855903084375 0.6681266515625001 0.8086332437499999 0.5784566890625 0.8187288109375 0.5857032015625 0.864481490625 0.67243825625 0.855903084375
31 0.5805076515625001 0.867180390625 0.5693097781249999 0.8160814562500001 0.48035873125000006 0.8305139546874999 0.49377259999999995 0.8757588359374999 0.5805076515625001 0.867180390625
31 0.5864497953125001 0.9046976109375 0.579472134375 0.8654467046875001 0.49384506406249995 0.8762163562499999 0.5018330859375 0.9148165296874999 0.5864497953125001 0.9046976109375
7 0.41006027500000003 0.9349799859375001 0.396114240625 0.8915581546875 0.3098518859375 0.9058270281249999 0.325558740625 0.94977070625 0.41006027500000003 0.9349799859375001
7 0.3948180140625 0.89002469375 0.3794550546875 0.8455655734375 0.2928833171875 0.857862121875 0.3072987484375 0.9015413640625001 0.3948180140625 0.89002469375
7 0.38350954531250003 0.8383493 0.3718358140625 0.78759469375 0.2829684484375 0.8031519859375 0.29513364375 0.8523466671875 0.38350954531250003 0.8383493
17 0.481330490625 0.8327050640625 0.46940006562500003 0.782102628125 0.3815439484375 0.79832626875 0.39119866718749996 0.8474495578125 0.481330490625 0.8327050640625
17 0.49075487031250004 0.87248476875 0.48041505781250005 0.83191875 0.3954650703125 0.846773825 0.40664546875 0.8858063890625001 0.49075487031250004 0.87248476875
17 0.498828303125 0.9195134859375 0.4878384515625 0.8787882187499999 0.40234925625000006 0.8902388703125 0.41528558125000004 0.9285243078125 0.498828303125 0.9195134859375
40 0.3544570234375 0.6551926781249999 0.3355599890625 0.5868321203125 0.30444049375 0.5951829828124999 0.3226353015625 0.66023274375 0.3544570234375 0.6551926781249999
42 0.3864618203125 0.6513084796874999 0.3758073140625 0.5834179921875 0.34652729375 0.5885170875 0.3576585484375 0.6554755109375 0.3864618203125 0.6513084796874999
41 0.4194931046875 0.6472616890625 0.40959256718750003 0.5765867234375001 0.3776526609375 0.58240245 0.3886368484375 0.6517538796875 0.4194931046875 0.6472616890625
38 0.45291562812499997 0.6423630265625 0.442736046875 0.5698571 0.41058700156250005 0.57442151875 0.42199834999999997 0.6464699375 0.45291562812499997 0.6423630265625
39 0.485372684375 0.6380122390625 0.4756632734375 0.570069384375 0.44404552812500003 0.5730717171874999 0.455029715625 0.6424231484375 0.485372684375 0.6380122390625
37 0.5183070609375 0.6300312859375 0.509167728125 0.5623624140625 0.476441559375 0.568335634375 0.48642427499999996 0.634686078125 0.5183070609375 0.6300312859375
35 0.551130215625 0.6279922140624999 0.542331409375 0.559016784375 0.511342796875 0.562807821875 0.5211784453125 0.6315512578125 0.551130215625 0.6279922140624999
33 0.58488291875 0.621856421875 0.57442005 0.55393444375 0.5449483921875 0.559065028125 0.5544179 0.6254967406249999 0.58488291875 0.621856421875
34 0.6316500734375 0.6148441765625 0.6212251203125 0.5420806109375 0.5775165890625 0.548772359375 0.58802349375 0.621753946875 0.6316500734375 0.6148441765625
36 0.6786612828125 0.6093730875000001 0.6748415484375 0.54000285625 0.6303926171875001 0.5471117859375 0.6340942953125001 0.6136671453125 0.6786612828125 0.6093730875000001