13 0.8510120765625 0.101437528125 0.7385700046875 0.10567309375 0.7275558703125 0.26312601875 0.8537958968750001 0.260922490625 0.8510120765625 0.101437528125
14 0.684375 0.18359375 0.1265625 0.159375
19 0.57421875 0.1796875 0.1234375 0.165625
29 0.744985321875 0.47703464687499997 0.6324787765625 0.47575099375 0.632996759375 0.542874709375 0.7422576890625 0.5439800796875 0.744985321875 0.47703464687499997
7 0.636287215625 0.474379965625 0.525251178125 0.473163640625 0.52138454375 0.54073684375 0.6321961593750001 0.5401148171875 0.636287215625 0.474379965625
31 0.6182691421875 0.5909577640625 0.51769405625 0.5912266484375001 0.5166374703125001 0.6536142359375 0.61894136875 0.6542716328125 0.6182691421875 0.5909577640625
24 0.65859375 0.61796875 0.08125 0.084375
23 0.78205960625 0.5640609359375001 0.6872860453125 0.5624677453125 0.688928321875 0.6565537531250001 0.772524459375 0.6626256171875 0.78205960625 0.5640609359375001
15 0.76699056875 0.659905528125 0.8590159390625001 0.6625261296875 0.8648170281249999 0.5646461328125 0.778998184375 0.5649369609375 0.76699056875 0.659905528125
25 0.857866228125 0.7201308515625 0.750075734375 0.72160995625 0.7451198671875 0.7832585265625001 0.8509110124999999 0.7826214015625 0.857866228125 0.7201308515625
25 0.63209649375 0.8380524140625001 0.7388776984375001 0.8402123687499999 0.7406625671875 0.7829688421875 0.632207009375 0.7829242171875 0.63209649375 0.8380524140625001
25 0.6431520109375 0.7190561546875001 0.6388920015624999 0.7823044296874999 0.7456662109375001 0.7840621140625 0.7495427421875 0.71963288125 0.6431520109375 0.7190561546875001
27 0.5155659421875 0.715148596875 0.51556776875 0.7767129515625 0.6203829468750001 0.7798578093749999 0.6214210859375 0.7193595453125 0.5155659421875 0.715148596875
27 0.5097042468749999 0.7788272140625 0.5090996062500001 0.8363783437500001 0.612324753125 0.8361950859375 0.6124394953125 0.7827820453125 0.5097042468749999 0.7788272140625
40 0.54140625 0.36796875 0.040625 0.0953125
41 0.6078041578125 0.3209691359375 0.5655249890625 0.3203520890625 0.5638847296875 0.414933428125 0.6052734875 0.41421098437500004 0.6078041578125 0.3209691359375
43 0.6525783281249999 0.3196455859375 0.6092204125 0.3193183765625 0.6039768 0.41571482031249996 0.6446364546875001 0.41500510312500005 0.6525783281249999 0.3196455859375
44 0.6926601859375 0.3205719953125 0.651469221875 0.320206959375 0.6441096203125001 0.4160007109375 0.6869722109375 0.4147043359375 0.6926601859375 0.3205719953125
45 0.772755675 0.319512759375 0.7312177281250001 0.3199668015625 0.7289511640625 0.41629412187500003 0.7699640328124999 0.4156911046875 0.772755675 0.319512759375
33 0.8141893828125 0.320128890625 0.7708595453125 0.32061202187500004 0.76814961875 0.4157315203125 0.8104031109375001 0.414812428125 0.8141893828125 0.320128890625
18 0.8953174515625 0.3172653890625 0.8548906859375001 0.31715145312500004 0.8490890859375 0.4163090484375 0.8923071578125 0.4155546734375 0.8953174515625 0.3172653890625
9 0.9530712171875001 0.11275480468750002 0.9527312625000001 0.11276073906249999 0.842168290625 0.1172682078125 0.8358408984375 0.260828496875 0.9309902875 0.2631555109375 0.9530712171875001 0.11275480468750002
37 0.8567251109375 0.31812708437500004 0.8156951593749999 0.3176066046875 0.80791305 0.4158162734375 0.8510534015625 0.41626921718750004 0.8567251109375 0.31812708437500004
45 0.7320169984375 0.31934300625 0.6915672546875 0.320049059375 0.6865856609375001 0.41589181875000003 0.7268290421875 0.415369859375 0.7320169984375 0.31934300625
18 0.8635867781250001 0.47889116718749997 0.744535325 0.48056684375 0.7413251984375 0.5396442453125 0.8584623312499999 0.5389364078125001 0.8635867781250001 0.47889116718749997
25 0.8535442171875 0.7847230374999999 0.7424205671874999 0.7822010781250001 0.738132496875 0.8438403125 0.8465153890625 0.8455699171875001 0.8535442171875 0.7847230374999999