20 0.7421875 0.22734375 0.128125 0.1515625
19 0.63046875 0.2609375 0.115625 0.1390625
19 0.54296875 0.28046875 0.1109375 0.1390625
14 0.45703125 0.3046875 0.1140625 0.14375
14 0.37265625 0.32421875 0.1078125 0.1390625
13 0.29765625 0.3484375 0.1046875 0.134375
13 0.2140625 0.36953125 0.1171875 0.1359375
23 0.2734375 0.5 0.0921875 0.09375
15 0.34296875 0.48359375 0.0796875 0.0890625
8 0.40546875 0.4546875 0.1015625 0.125
9 0.48203125 0.434375 0.1 0.128125
11 0.63359375 0.40390625 0.1140625 0.128125
3 0.71484375 0.39765625 0.078125 0.090625
2 0.7828125 0.3828125 0.084375 0.096875
5 0.3171875 0.59140625 0.096875 0.075
4 0.3859375 0.56953125 0.06875 0.078125
29 0.45859375 0.5609375 0.103125 0.078125
28 0.53671875 0.5390625 0.071875 0.0765625
1 0.621875 0.52578125 0.1046875 0.078125
12 0.321875 0.66875 0.0671875 0.075
6 0.35546875 0.7453125 0.0640625 0.0703125
16 0.41796875 0.73828125 0.0640625 0.0671875
30 0.46953125 0.7234375 0.065625 0.0765625
24 0.559375 0.71953125 0.0703125 0.0703125
24 0.615625 0.70390625 0.0703125 0.0765625
24 0.66953125 0.68828125 0.0703125 0.075
26 0.515625 0.721875 0.04375 0.0578125
7 0.4140625 0.93203125 0.0953125 0.0671875
7 0.4015625 0.890625 0.0921875 0.0609375
7 0.3859375 0.85 0.0953125 0.06875
31 0.58125 0.9078125 0.0921875 0.0640625
31 0.56640625 0.86953125 0.09375 0.06875
31 0.55390625 0.8171875 0.09375 0.0703125
25 0.665625 0.890625 0.0921875 0.0671875
25 0.75703125 0.88046875 0.0984375 0.0734375
27 0.85234375 0.8625 0.103125 0.071875
17 0.50078125 0.91796875 0.0875 0.0625
17 0.4828125 0.87890625 0.0921875 0.0640625
17 0.46796875 0.834375 0.0953125 0.0671875
36 0.659375 0.59375 0.0578125 0.0796875
34 0.61484375 0.6046875 0.05625 0.0734375
33 0.578125 0.6125 0.0421875 0.06875
35 0.54765625 0.61953125 0.0421875 0.0703125
37 0.51640625 0.6234375 0.0421875 0.071875
39 0.48671875 0.63203125 0.0421875 0.06875
38 0.45703125 0.6375 0.04375 0.0703125
40 0.36796875 0.6546875 0.0421875 0.071875
42 0.4200746546875 0.678903609375 0.4022566125 0.6164975187499999 0.3751578453125 0.6212917890625 0.39254362343750004 0.6841631718750001 0.4200746546875 0.678903609375
41 0.449153565625 0.674017678125 0.4315577484375 0.610463803125 0.405569440625 0.61792565 0.422547646875 0.6790636609375 0.449153565625 0.674017678125