11 0.8375 0.1328125 0.1390625 0.15
10 0.7484375 0.14765625 0.1140625 0.1484375
9 0.66328125 0.16484375 0.1203125 0.14375
8 0.5765625 0.17890625 0.115625 0.15
20 0.49375 0.1953125 0.1109375 0.1421875
20 0.41015625 0.20390625 0.1171875 0.146875
19 0.31328125 0.2140625 0.13125 0.159375
21 0.2140625 0.2296875 0.11875 0.15625
13 0.25 0.37578125 0.1203125 0.14375
13 0.33828125 0.365625 0.1078125 0.1359375
13 0.4234375 0.35 0.1078125 0.1390625
14 0.509375 0.34296875 0.10625 0.1265625
14 0.5921875 0.33515625 0.0984375 0.11875
14 0.6796875 0.31875 0.1125 0.125
3 0.75625 0.315625 0.08125 0.0984375
3 0.82578125 0.3046875 0.0875 0.09375
2 0.8561906265625 0.24995575468750003 0.8546727437499999 0.34018595937499996 0.9157233046875 0.33226049375 0.9189253046875001 0.24385632968749998 0.8561906265625 0.24995575468750003
0 0.7046875 0.434375 0.090625 0.0890625
1 0.61484375 0.4546875 0.115625 0.08125
28 0.52890625 0.46484375 0.0765625 0.08125
29 0.446875 0.48125 0.1109375 0.078125
4 0.36015625 0.4890625 0.08125 0.084375
5 0.271875 0.509375 0.1140625 0.0796875
45 0.25625 0.6 0.0484375 0.0875
44 0.2921875 0.59453125 0.0484375 0.0828125
40 0.3265625 0.5890625 0.0453125 0.0828125
41 0.3625 0.58359375 0.05 0.08125
37 0.396875 0.57890625 0.046875 0.08125
35 0.4328125 0.5734375 0.0484375 0.084375
33 0.4671875 0.5671875 0.05 0.0828125
34 0.5109375 0.5578125 0.0671875 0.0890625
36 0.5609375 0.55078125 0.0609375 0.08125
23 0.6234375 0.5421875 0.0859375 0.0859375
15 0.70078125 0.53046875 0.0921875 0.0859375
24 0.7328125 0.63359375 0.078125 0.0890625
24 0.67109375 0.64375 0.075 0.0875
24 0.60859375 0.6546875 0.0796875 0.0890625
26 0.5578125 0.6671875 0.0546875 0.0671875
30 0.50703125 0.66640625 0.0796875 0.090625
12 0.446875 0.671875 0.06875 0.08125
16 0.378125 0.6875 0.0765625 0.0859375
6 0.3140625 0.69375 0.0796875 0.0921875
25 0.71015625 0.75703125 0.1140625 0.075
25 0.721875 0.815625 0.1109375 0.075
25 0.73125 0.8703125 0.1109375 0.06875
25 0.828125 0.80625 0.1109375 0.071875
25 0.8296875 0.859375 0.1078125 0.071875
25 0.63515625 0.890625 0.1078125 0.0734375
25 0.625 0.8328125 0.1109375 0.0765625
31 0.5265625 0.85078125 0.109375 0.0765625
31 0.53671875 0.90546875 0.109375 0.0734375
27 0.92578125 0.84296875 0.1109375 0.071875
27 0.92421875 0.7875 0.1140625 0.071875
17 0.43671875 0.91171875 0.1078125 0.0703125
17 0.42578125 0.8625 0.1046875 0.0671875
17 0.41328125 0.8078125 0.109375 0.0734375
7 0.33203125 0.93046875 0.1078125 0.0703125
7 0.32578125 0.878125 0.1109375 0.0703125
7 0.315625 0.82578125 0.1125 0.06875