19 0.546875 0.22734375 0.1546875 0.303125
14 0.66484375 0.21953125 0.140625 0.3046875
14 0.765625 0.221875 0.14375 0.2828125
9 0.8671875 0.20234375 0.15625 0.309375
33 0.9006633875000001 0.6683617515625 0.9455011921875001 0.6643170781250001 0.9320575296875001 0.478793634375 0.8886820234374999 0.48217545 0.9006633875000001 0.6683617515625
45 0.7240284453125 0.6853456359375001 0.768255540625 0.6787072578125 0.7532379609375 0.49526442656249997 0.71058478125 0.499822196875 0.7240284453125 0.6853456359375001
18 0.7686194921875 0.680120390625 0.8131871890625 0.67424085 0.79722820625 0.49182883281249995 0.7542676703125 0.4964134984375 0.7686194921875 0.680120390625
18 0.8139862296875 0.6748092390625 0.8601436140625 0.669306565625 0.842483840625 0.48869557031250005 0.798257940625 0.492977890625 0.8139862296875 0.6748092390625
18 0.8590454187500001 0.669525015625 0.8999382140625001 0.6674772109375 0.8869453859374999 0.48356654218750006 0.8433342359375 0.487795075 0.8586784546875 0.6702608609375 0.8590454187500001 0.669525015625
44 0.6682100859375 0.5010511890625 0.6817224625 0.6930906625000001 0.725044665625 0.686908928125 0.7091624750000001 0.498294425 0.6682100859375 0.5010511890625
43 0.6381755640625 0.6944231624999999 0.6816332968750001 0.6898808390625 0.66696013125 0.504464965625 0.6234206921875 0.5095133296875 0.6381755640625 0.6944231624999999
40 0.638780321875 0.6956952390625 0.61928140625 0.5082232624999999 0.5760852140625 0.513654646875 0.5942829296875 0.7004143671875 0.638780321875 0.6956952390625
41 0.549813971875 0.7064891796875 0.594011409375 0.7008511671875 0.576863884375 0.5119343140625 0.531751725 0.5167072187499999 0.549813971875 0.7064891796875
15 0.60390625 0.853125 0.1203125 0.190625
15 0.69921875 0.8421875 0.1078125 0.190625
23 0.7953125 0.82890625 0.1125 0.1890625
23 0.8921875 0.81484375 0.1140625 0.1765625