11 0.86015625 0.27578125 0.103125 0.134375
10 0.77109375 0.275 0.09375 0.125
9 0.690625 0.2671875 0.09375 0.1296875
8 0.6078125 0.26484375 0.0890625 0.125
20 0.52734375 0.25703125 0.084375 0.1296875
20 0.4453125 0.2515625 0.0875 0.128125
19 0.36796875 0.2484375 0.084375 0.125
19 0.290625 0.24375 0.0859375 0.125
13 0.28359375 0.36953125 0.0796875 0.115625
13 0.359375 0.3765625 0.0796875 0.1140625
13 0.434375 0.38046875 0.0828125 0.11875
14 0.5140625 0.3890625 0.0859375 0.109375
14 0.590625 0.4 0.08125 0.0984375
14 0.66796875 0.40234375 0.084375 0.1046875
3 0.73359375 0.41484375 0.0640625 0.084375
3 0.79296875 0.41796875 0.0640625 0.08125
0 0.67890625 0.51015625 0.0671875 0.0703125
1 0.6 0.509375 0.096875 0.0640625
28 0.525 0.50078125 0.0625 0.06875
29 0.44921875 0.5015625 0.0953125 0.0609375
5 0.36796875 0.4875 0.0671875 0.0734375
5 0.290625 0.48828125 0.096875 0.0640625
15 0.665625 0.6015625 0.0828125 0.0859375
23 0.59375 0.59609375 0.075 0.0828125
24 0.659375 0.70078125 0.0578125 0.0578125
24 0.60078125 0.68984375 0.0609375 0.0703125
24 0.53984375 0.684375 0.0625 0.0703125
26 0.48984375 0.68359375 0.04375 0.0625
12 0.3859375 0.67421875 0.0609375 0.0703125
17 0.32734375 0.6703125 0.059375 0.0671875
6 0.2671875 0.66640625 0.0609375 0.0703125
27 0.78984375 0.86015625 0.0953125 0.0578125
27 0.7859375 0.91640625 0.096875 0.05625
25 0.6953125 0.90703125 0.0921875 0.0578125
25 0.70078125 0.85234375 0.090625 0.0578125
25 0.61171875 0.84921875 0.0921875 0.059375
25 0.6078125 0.89921875 0.090625 0.0546875
25 0.51953125 0.890625 0.0890625 0.053125
25 0.5234375 0.840625 0.0890625 0.0546875
31 0.43046875 0.778125 0.09375 0.059375
31 0.434375 0.8328125 0.090625 0.05625
31 0.43359375 0.88359375 0.0875 0.053125
17 0.346875 0.875 0.0859375 0.05625
17 0.3484375 0.82734375 0.0890625 0.0546875
17 0.34375 0.7703125 0.090625 0.0578125
7 0.2625 0.86875 0.0875 0.053125
36 0.5359375 0.59453125 0.0484375 0.071875
33 0.453125 0.5890625 0.0359375 0.0734375
35 0.421875 0.5859375 0.0328125 0.071875
37 0.38984375 0.58203125 0.034375 0.071875
38 0.328125 0.578125 0.034375 0.0734375
41 0.29765625 0.57578125 0.0328125 0.071875
18 0.36015625 0.575 0.03125 0.0625
18 0.2671875 0.56796875 0.0328125 0.0625
18 0.4921875 0.5859375 0.0484375 0.0625
18 0.44296875 0.67734375 0.05625 0.06875