9 0.1515625 0.2421875 0.109375 0.171875
13 0.26171875 0.234375 0.1109375 0.18125
14 0.37265625 0.23203125 0.1109375 0.1734375
21 0.48359375 0.22734375 0.115625 0.1828125
7 0.47421875 0.5765625 0.121875 0.0765625
29 0.353125 0.58125 0.1234375 0.06875
5 0.23125 0.58125 0.11875 0.06875
31 0.4890625 0.6984375 0.1109375 0.071875
24 0.396875 0.68515625 0.065625 0.0859375
23 0.3203125 0.68203125 0.090625 0.0890625
15 0.21953125 0.69296875 0.0953125 0.0828125
27 0.47578125 0.8765625 0.1140625 0.0625
25 0.35546875 0.86796875 0.103125 0.0609375
25 0.2359375 0.828125 0.1171875 0.0625
25 0.24765625 0.8828125 0.1109375 0.0609375
39 0.51171875 0.425 0.0484375 0.10625
38 0.465625 0.4265625 0.0453125 0.1046875
42 0.33359375 0.42890625 0.04375 0.103125
35 0.312197803125 0.4820723828125 0.3022244703125 0.379183165625 0.26104138125 0.38128308906249997 0.26983632812499997 0.481566340625 0.312197803125 0.4820723828125
37 0.22666300781249998 0.4830739859375 0.2105003359375 0.38040090625 0.1666957046875 0.382592378125 0.18346660625 0.483920659375 0.22666300781249998 0.4830739859375