20 0.834375 0.35546875 0.1265625 0.15
19 0.71953125 0.33828125 0.1125 0.1375
19 0.63203125 0.31953125 0.109375 0.1375
14 0.54375 0.3046875 0.1125 0.1421875
14 0.459375 0.28671875 0.10625 0.1375
13 0.38046875 0.27734375 0.103125 0.134375
13 0.29609375 0.2609375 0.115625 0.134375
23 0.29453125 0.4046875 0.090625 0.0921875
15 0.36484375 0.41875 0.078125 0.0875
8 0.43359375 0.41875 0.1 0.1234375
9 0.5109375 0.4328125 0.0984375 0.1265625
11 0.66171875 0.46953125 0.1125 0.1265625
3 0.7375 0.49765625 0.0765625 0.090625
2 0.80625 0.51328125 0.0828125 0.096875
5 0.29609375 0.50546875 0.0953125 0.0734375
4 0.3671875 0.51484375 0.0671875 0.078125
29 0.43671875 0.5375 0.103125 0.0765625
28 0.5171875 0.55078125 0.0703125 0.0765625
1 0.6 0.575 0.103125 0.078125
12 0.2671875 0.57734375 0.0671875 0.0734375
6 0.265625 0.6609375 0.0640625 0.0703125
16 0.325 0.68125 0.0640625 0.065625
30 0.378125 0.68984375 0.065625 0.0765625
24 0.4609375 0.72421875 0.0703125 0.0703125
24 0.51796875 0.73359375 0.06875 0.0765625
24 0.57421875 0.7421875 0.06875 0.075
26 0.42109375 0.7078125 0.0421875 0.0578125
7 0.2390625 0.85546875 0.09375 0.065625
7 0.24609375 0.8125 0.0921875 0.059375
7 0.2484375 0.76953125 0.0953125 0.0671875
31 0.4015625 0.90390625 0.090625 0.0625
31 0.40390625 0.86328125 0.09375 0.06875
31 0.41484375 0.81015625 0.09375 0.06875
25 0.48515625 0.92421875 0.0921875 0.065625
25 0.571875 0.95390625 0.0984375 0.071875
27 0.665625 0.97109375 0.103125 0.0578125
17 0.32421875 0.8796875 0.0875 0.0609375
17 0.32421875 0.83671875 0.0921875 0.0625
17 0.3296875 0.78984375 0.09375 0.065625
36 0.6046875 0.65234375 0.05625 0.078125
34 0.559375 0.64375 0.05625 0.071875
33 0.5234375 0.63515625 0.0421875 0.06875
35 0.49296875 0.62890625 0.0421875 0.06875
37 0.4625 0.61875 0.0421875 0.071875
39 0.43203125 0.6140625 0.040625 0.06875
38 0.403125 0.60625 0.0421875 0.0703125
40 0.31484375 0.584375 0.040625 0.071875
42 0.351955103125 0.6283638234375 0.362180428125 0.56427446875 0.335594459375 0.55716711875 0.3247807296875 0.6214954890625 0.351955103125 0.6283638234375
41 0.3803744328125 0.6362249453125 0.391286234375 0.5711892609375 0.364579315625 0.56696885625 0.35412875625 0.6295540125 0.3803744328125 0.6362249453125