20 0.68046875 0.15234375 0.115625 0.153125
8 0.490625 0.13359375 0.1296875 0.165625
9 0.38828125 0.13359375 0.109375 0.15
10 0.296875 0.125 0.1078125 0.1484375
2 0.184375 0.28984375 0.0796875 0.09375
14 0.3984375 0.29375 0.1015625 0.1296875
14 0.49375 0.29765625 0.10625 0.1359375
14 0.5859375 0.30625 0.10625 0.1375
13 0.68203125 0.3125 0.10625 0.1359375
13 0.7796875 0.31640625 0.1171875 0.1453125
13 0.8796875 0.325 0.1171875 0.146875
7 0.83125 0.46484375 0.125 0.078125
4 0.740625 0.453125 0.0828125 0.0875
29 0.65 0.4515625 0.121875 0.08125
28 0.55546875 0.4375 0.0875 0.0890625
1 0.4609375 0.434375 0.115625 0.078125
0 0.36953125 0.42265625 0.0796875 0.0859375
15 0.3703125 0.53125 0.0921875 0.109375
23 0.4515625 0.540625 0.0921875 0.103125
36 0.5531320484375 0.507183453125 0.49565460781250004 0.502154828125 0.48798548437499994 0.589813309375 0.5418996218750001 0.5947057046875 0.5531320484375 0.507183453125
34 0.575 0.55390625 0.0578125 0.090625
33 0.62109375 0.5578125 0.0484375 0.0890625
35 0.659375 0.5625 0.046875 0.090625
37 0.6984375 0.56328125 0.0484375 0.0921875
40 0.76387439375 0.52560845 0.71928694375 0.521707553125 0.7114455859375 0.6113346859375001 0.7502776109375 0.614354734375 0.76387439375 0.52560845
40 0.802936584375 0.5309705046875 0.7640693296875 0.5270839234375 0.7510188703125 0.6116989515625 0.789977934375 0.616126578125 0.802936584375 0.5309705046875
44 0.8403648390624999 0.5327866343750001 0.8026458609375 0.5294866500000001 0.7904693796875 0.6162438171875 0.8275053343750001 0.6194098 0.8403648390624999 0.5327866343750001
45 0.8775706874999999 0.5360417234375 0.84065393125 0.5320827171875 0.8282319734374999 0.620641009375 0.8665464296875 0.62501308125 0.8775706874999999 0.5360417234375
18 0.42109375 0.6515625 0.1796875 0.084375
26 0.53984375 0.6625 0.0578125 0.08125
30 0.60078125 0.66328125 0.0828125 0.090625
12 0.6734375 0.67421875 0.084375 0.084375
16 0.746875 0.6796875 0.084375 0.0859375
6 0.81640625 0.68515625 0.084375 0.090625
7 0.803125 0.8125 0.121875 0.075
7 0.8516655984374999 0.8497105250000001 0.7377922390625 0.8401146 0.7323609421875 0.9021946078124999 0.84479769375 0.9114487921875 0.8516655984374999 0.8497105250000001
7 0.790625 0.93515625 0.1140625 0.0734375
17 0.67734375 0.9265625 0.115625 0.0703125
17 0.684375 0.865625 0.1203125 0.071875
17 0.69375 0.80234375 0.1171875 0.075
31 0.58359375 0.79296875 0.1140625 0.075
31 0.578125 0.8546875 0.115625 0.071875
31 0.57265625 0.91640625 0.1125 0.06875
25 0.46640625 0.90703125 0.1109375 0.071875
25 0.47109375 0.84375 0.1140625 0.0671875
25 0.47734375 0.78515625 0.1125 0.06875
25 0.3625 0.8953125 0.1109375 0.071875
25 0.3640625 0.8328125 0.1125 0.0734375
25 0.31243649375000004 0.7975813046875 0.20719695 0.7880073421875 0.2052925046875 0.8514084562500001 0.3069491203125 0.8603022578124999 0.31243649375000004 0.7975813046875
25 0.3127498984375 0.8610479578125 0.20356572343749998 0.8518622734375001 0.20278429375 0.913595815625 0.307352165625 0.9227443187500001 0.3127498984375 0.8610479578125
18 0.37109375 0.771875 0.1109375 0.065625
27 0.20788608281249998 0.7861364281250001 0.10494482499999999 0.7782303374999999 0.10483704375 0.8390457859374999 0.20632268593749997 0.848705475 0.20788608281249998 0.7861364281250001
27 0.20732477343750003 0.84842645 0.10835999062499999 0.8397681453124999 0.1056277515625 0.898934634375 0.2072167203125 0.911122821875 0.20732477343750003 0.84842645
22 0.5859375 0.15546875 0.103125 0.134375
21 0.7765625 0.16171875 0.1171875 0.146875
21 0.88671875 0.16875 0.1296875 0.146875
18 0.2046875 0.1125 0.090625 0.140625