3 0.7691350640625 0.2536046453125 0.7738173078125 0.1261116765625 0.691966496875 0.13146784218750002 0.6828223984374999 0.259535421875 0.7691350640625 0.2536046453125
3 0.6815974421875 0.25968582812499996 0.688868159375 0.130711625 0.62402843125 0.13514250156250002 0.6042941484375 0.257976390625 0.6815974421875 0.25968582812499996
35 0.6084207359375 0.26120339531250003 0.6102683328125 0.09838289375 0.5184038640625 0.1154419578125 0.533697384375 0.27037826875 0.6084207359375 0.26120339531250003
35 0.5285716671875 0.26914085625 0.514476053125 0.11597520312500001 0.43834599062499996 0.131805721875 0.450833775 0.27401878125 0.5285716671875 0.26914085625
35 0.4536224890625 0.2764765453125 0.4363788640625 0.13839142499999998 0.3672017125 0.149875315625 0.3859102484375 0.2819903890625 0.4536224890625 0.2764765453125
13 0.37443373750000003 0.2796657734375 0.3567301 0.1481710640625 0.29470236562499996 0.15691031093750002 0.3164084046875 0.2830567390625 0.37443373750000003 0.2796657734375
13 0.316747134375 0.285815465625 0.296026028125 0.160288984375 0.23891824062499997 0.16842682656250002 0.25894760156249996 0.291045440625 0.316747134375 0.285815465625
13 0.26242758906249997 0.2905720421875 0.2422594515625 0.1773389390625 0.19942818281250002 0.1825636359375 0.2168970328125 0.2924288203125 0.26242758906249997 0.2905720421875
0 0.646460084375 0.3963636734375 0.6509960125 0.2848090296875 0.5756208203125001 0.289317896875 0.5730383921875 0.397911384375 0.646460084375 0.3963636734375
1 0.569389440625 0.400599615625 0.5657035796875001 0.3195364890625 0.46777362031249997 0.32645531562499996 0.4727056796875 0.39902968437499997 0.569389440625 0.400599615625
28 0.46575545781249994 0.3991363125 0.453486465625 0.30719439375 0.39592346875 0.3083949953125 0.40979268593749996 0.3970468640625 0.46575545781249994 0.3991363125
29 0.411572115625 0.3953349328125 0.399699115625 0.324993203125 0.332328728125 0.3251642609375 0.343759303125 0.3939537359375 0.411572115625 0.3953349328125
4 0.33022016249999997 0.39710960625 0.3192286640625 0.307820228125 0.26227146874999996 0.31360438749999997 0.277287834375 0.395394815625 0.33022016249999997 0.39710960625
5 0.2753277578125 0.3956354828125 0.266005525 0.330214159375 0.2012689359375 0.335282528125 0.209746 0.396220571875 0.2753277578125 0.3956354828125
15 0.6688216375 0.52987436875 0.6789506015625 0.4213085578125 0.5881825843749999 0.4240318390625 0.577204803125 0.5209616796875001 0.6688216375 0.52987436875
23 0.5685792562499999 0.53172835625 0.5626378125 0.42626117812500003 0.48160871250000004 0.42292951093750003 0.4886318046875 0.5206360671875 0.5685792562499999 0.53172835625
24 0.6731496124999999 0.646139021875 0.677706203125 0.55299735625 0.6043878359375 0.5560130234375 0.60790185625 0.6332419515625001 0.6731496124999999 0.646139021875
24 0.611112790625 0.6350878375 0.6020561640625 0.554822978125 0.545652284375 0.5475434390625 0.551216546875 0.6252672984375 0.611112790625 0.6350878375
24 0.5511262234375 0.6245316640625 0.542545665625 0.5462709968749999 0.49199719843749995 0.5399435 0.498541425 0.61754703125 0.5511262234375 0.6245316640625
27 0.8342768375 0.8809009703124999 0.8354176703125 0.8041678687499999 0.710518790625 0.7803528171874999 0.712059253125 0.8496099218750001 0.8342768375 0.8809009703124999
27 0.8402601046875 0.9458337390624999 0.8368671531249999 0.87675449375 0.7140137140625 0.84932475625 0.7157212140625 0.9118407625 0.8402601046875 0.9458337390624999
30 0.46559870468750003 0.6085014531249999 0.468766253125 0.5329408609375 0.41788179062499997 0.527739228125 0.41354232187499995 0.5977182984375 0.46559870468750003 0.6085014531249999
12 0.40882308125 0.599791221875 0.40981996406250004 0.5289840015625 0.36369829375 0.5239378390625 0.3632788328125 0.5934356203125 0.40882308125 0.599791221875
16 0.366747059375 0.58927610625 0.35933839375 0.523054928125 0.3259035828125 0.5158840062500001 0.32717306874999996 0.5829341718750001 0.366747059375 0.58927610625
6 0.3176442578125 0.586344359375 0.3110818703125 0.5149868921875 0.2588901578125 0.5129112109375 0.26995943125 0.5787581140625 0.3176442578125 0.586344359375
25 0.6064403015625001 0.7509642203125 0.604262178125 0.684222359375 0.5181692734375 0.66398035 0.5236160484375 0.7245437296875 0.6064403015625001 0.7509642203125
25 0.601943521875 0.81156059375 0.5991334625 0.7538851671875 0.51484680625 0.734140128125 0.522510871875 0.788457421875 0.601943521875 0.81156059375
25 0.60666769375 0.8662388609375 0.5975521078125 0.811917859375 0.5154703984375 0.787828409375 0.5196525390625 0.8380928078125001 0.60666769375 0.8662388609375
25 0.521345325 0.7303552625 0.5087488140625 0.6660977828125 0.427298390625 0.6530414546875 0.43808299375 0.7084690390625 0.521345325 0.7303552625
25 0.5195709046875 0.7888184046875 0.50495830625 0.7365291593750001 0.4242865703125 0.717630365625 0.44111821406249996 0.765594878125 0.5195709046875 0.7888184046875
25 0.519291234375 0.8351502234374999 0.51617891875 0.7873926906250001 0.441298865625 0.7670661703125 0.44894930781250003 0.8131710468750001 0.519291234375 0.8351502234374999
31 0.44112367968750005 0.7656393953125 0.42737405781250004 0.7124716453125 0.362679678125 0.693877096875 0.3726513515625 0.7426839078125 0.44112367968750005 0.7656393953125
31 0.4496638359375 0.8108883062500001 0.4422707671875 0.762883809375 0.37372171875000004 0.7432992359374999 0.38440245 0.7897787609375 0.4496638359375 0.8108883062500001
17 0.3728798984375 0.744545275 0.36070525625 0.686141003125 0.29880753437499996 0.6759799078125 0.3097592421875 0.72466635625 0.3728798984375 0.744545275
17 0.384721325 0.7923757874999999 0.376504703125 0.7439053625 0.31297018906249996 0.7265123265625 0.31918896406249997 0.76905931875 0.384721325 0.7923757874999999
7 0.3065483 0.7228204140625001 0.293052671875 0.6720585906250001 0.23711839375000002 0.6596588890625 0.24788945468749998 0.7068740734375 0.3065483 0.7228204140625001
7 0.3142890703125 0.76966095 0.3067240171875 0.722621209375 0.2453107890625 0.7101776125 0.2548308359375 0.7553062078125 0.3142890703125 0.76966095
7 0.30440279375 0.6648386078125 0.3022119046875 0.6149612109375 0.2516460390625 0.6078439390625 0.26134688437500003 0.6544438078125 0.30440279375 0.6648386078125
42 0.2771339765625 0.493708665625 0.271272721875 0.41858744999999997 0.249275184375 0.4187222359375 0.25563193281249996 0.4907482953125 0.2771339765625 0.493708665625
41 0.297797590625 0.4949051765625 0.290771690625 0.41910852656250003 0.2710509390625 0.41884877343750004 0.278302478125 0.493098490625 0.297797590625 0.4949051765625
38 0.3222491625 0.49656998906250005 0.3149363078125 0.419639784375 0.292327075 0.4199700578125 0.300191140625 0.49414458593750005 0.3222491625 0.49656998906250005
37 0.3700965234375 0.5014293875 0.36034317968749996 0.422227215625 0.3396664484375 0.42069144375 0.347256709375 0.497699834375 0.3700965234375 0.5014293875
33 0.370510853125 0.42272793125 0.3762778421875 0.5011371171875 0.400672959375 0.502342159375 0.392687521875 0.4221153078125 0.370510853125 0.42272793125
35 0.426631659375 0.5061554609375001 0.41898113906249995 0.42493922343749996 0.39413829218749996 0.42380401718750005 0.4015112 0.50410604375 0.426631659375 0.5061554609375001
34 0.46573493125 0.5106883578125 0.4626447234375 0.42599155624999996 0.42638275312499996 0.4231118609375 0.4297505453125 0.5062392124999999 0.46573493125 0.5106883578125