11 0.83203125 0.309375 0.1109375 0.1296875
10 0.746875 0.29296875 0.1 0.1265625
9 0.66171875 0.2765625 0.0984375 0.1265625
8 0.58203125 0.26171875 0.096875 0.1296875
22 0.5 0.2453125 0.096875 0.1265625
22 0.4203125 0.2296875 0.103125 0.1328125
21 0.3453125 0.21953125 0.090625 0.121875
21 0.26875 0.20625 0.0953125 0.125
13 0.265625 0.33046875 0.09375 0.1125
13 0.34375 0.34609375 0.0921875 0.1125
13 0.41640625 0.36015625 0.090625 0.1140625
14 0.4859375 0.37421875 0.0890625 0.1125
14 0.5578125 0.38828125 0.0921875 0.1171875
14 0.6359375 0.403125 0.096875 0.11875
3 0.7 0.43046875 0.071875 0.084375
3 0.75703125 0.4390625 0.0703125 0.084375
2 0.81328125 0.44921875 0.0671875 0.0859375
0 0.6390625 0.50546875 0.071875 0.071875
1 0.5625 0.4921875 0.0984375 0.0734375
28 0.4875 0.475 0.06875 0.0703125
29 0.4109375 0.46328125 0.0953125 0.06875
4 0.33671875 0.4453125 0.06875 0.071875
5 0.26015625 0.43203125 0.0984375 0.0703125
15 0.61484375 0.5921875 0.084375 0.0875
23 0.5453125 0.578125 0.08125 0.0875
24 0.59765625 0.690625 0.0703125 0.0765625
24 0.54140625 0.67734375 0.065625 0.0765625
24 0.48515625 0.66640625 0.0671875 0.075
30 0.3875 0.646875 0.06875 0.078125
12 0.328125 0.63828125 0.065625 0.071875
16 0.27109375 0.62578125 0.06875 0.0765625
26 0.43671875 0.6609375 0.0515625 0.0640625
27 0.7046875 0.92890625 0.0984375 0.06875
27 0.71640625 0.878125 0.1015625 0.06875
25 0.61796875 0.90703125 0.096875 0.0671875
25 0.62734375 0.85703125 0.0953125 0.0671875
25 0.53984375 0.83828125 0.0953125 0.0671875
25 0.53203125 0.88671875 0.09375 0.0625
25 0.4453125 0.86796875 0.090625 0.0640625
25 0.45546875 0.81953125 0.09375 0.065625
31 0.3609375 0.85078125 0.0921875 0.065625
31 0.37109375 0.80234375 0.0921875 0.0640625
31 0.3796875 0.74921875 0.0953125 0.0671875
17 0.27890625 0.8328125 0.0921875 0.065625
17 0.28671875 0.784375 0.0890625 0.0625
17 0.29609375 0.73203125 0.090625 0.065625
7 0.1984375 0.81328125 0.090625 0.0625
7 0.20390625 0.76484375 0.09375 0.0625
7 0.21171875 0.7140625 0.09375 0.0671875
36 0.490625 0.56640625 0.0546875 0.0765625
34 0.44765625 0.5578125 0.053125 0.075
33 0.4109375 0.5515625 0.04375 0.0734375
35 0.3796875 0.5453125 0.04375 0.0734375
37 0.34921875 0.53828125 0.0421875 0.0734375
39 0.31953125 0.5328125 0.0421875 0.0734375
38 0.28984375 0.52578125 0.040625 0.0734375
41 0.259375 0.5203125 0.040625 0.075
42 0.22734375 0.5140625 0.04375 0.075