13 0.94140625 0.21796875 0.1171875 0.1546875
13 0.8359375 0.2140625 0.1078125 0.153125
14 0.73359375 0.21015625 0.1140625 0.1515625
14 0.628125 0.20859375 0.1140625 0.153125
14 0.52265625 0.2 0.1203125 0.1578125
19 0.403125 0.190625 0.11875 0.1671875
19 0.29453125 0.18671875 0.1109375 0.1671875
20 0.2 0.190625 0.1046875 0.146875
8 0.92578125 0.37265625 0.1484375 0.1359375
18 0.81484375 0.36953125 0.0921875 0.1234375
10 0.7171875 0.36328125 0.1234375 0.128125
3 0.5296875 0.3703125 0.0828125 0.103125
3 0.45859375 0.365625 0.0765625 0.1078125
2 0.38828125 0.36328125 0.0734375 0.096875
18 0.6140625 0.3609375 0.0953125 0.1234375
0 0.403125 0.4796875 0.0890625 0.096875
1 0.5 0.49453125 0.1265625 0.084375
28 0.59921875 0.49375 0.0828125 0.096875
29 0.69765625 0.5078125 0.1265625 0.0828125
4 0.7984375 0.50078125 0.0890625 0.0984375
5 0.90703125 0.5203125 0.1390625 0.08125
23 0.48828125 0.5953125 0.096875 0.090625
15 0.3953125 0.5921875 0.0984375 0.090625
6 0.8953125 0.74296875 0.0859375 0.1
16 0.821875 0.73828125 0.08125 0.0953125
12 0.746875 0.73515625 0.0828125 0.0921875
30 0.6703125 0.72890625 0.084375 0.09375
26 0.60078125 0.73203125 0.0578125 0.0765625
24 0.5375 0.71875 0.08125 0.09375
24 0.4640625 0.7140625 0.0796875 0.0890625
24 0.39375 0.71015625 0.0734375 0.084375
27 0.1953125 0.88984375 0.1125 0.0671875
27 0.2203125 0.80859375 0.11875 0.0703125
25 0.32421875 0.8921875 0.1140625 0.06875
25 0.43125 0.89921875 0.1078125 0.0703125
25 0.53984375 0.90859375 0.1140625 0.06875
31 0.6515625 0.9234375 0.1171875 0.0703125
17 0.76171875 0.8546875 0.1171875 0.075
17 0.76171875 0.9265625 0.1125 0.0703125
7 0.87734375 0.9421875 0.128125 0.071875
7 0.87734375 0.87109375 0.1265625 0.071875
36 0.56328125 0.60078125 0.0625 0.090625
34 0.6203125 0.603125 0.059375 0.090625
33 0.6703125 0.6078125 0.0453125 0.0890625
35 0.71328125 0.61015625 0.046875 0.0890625
37 0.7546875 0.61328125 0.046875 0.090625
39 0.796875 0.61640625 0.0484375 0.090625
38 0.83828125 0.61953125 0.046875 0.090625
41 0.88125 0.6203125 0.0484375 0.0875
42 0.92421875 0.621875 0.05 0.0890625