13 0.1125 0.15703125 0.1796875 0.2078125
14 0.34140625 0.1578125 0.1265625 0.175
14 0.44609375 0.153125 0.10625 0.178125
14 0.52578125 0.15625 0.0796875 0.15625
19 0.59609375 0.15703125 0.0875 0.153125
19 0.6640625 0.16015625 0.08125 0.1390625
22 0.73125 0.15625 0.0734375 0.13125
8 0.1296875 0.36171875 0.146875 0.171875
9 0.23671875 0.3515625 0.1265625 0.1546875
10 0.34296875 0.34921875 0.121875 0.1484375
11 0.434375 0.334375 0.1078125 0.146875
3 0.50390625 0.3421875 0.0609375 0.090625
3 0.55078125 0.33671875 0.05 0.0890625
2 0.5984375 0.328125 0.06875 0.0921875
5 0.2653859015625 0.555485725 0.2511148453125 0.47670703750000004 0.1330456109375 0.4996196453125 0.1477973984375 0.5838927578125 0.2653859015625 0.555485725
4 0.2586430359375 0.45541244843750006 0.26938015000000004 0.5551362734375 0.3469266578125 0.5397008484375 0.3391601640625 0.440315065625 0.2586430359375 0.45541244843750006
29 0.43349549375 0.4451480140625 0.3409416953125 0.46834489843749993 0.3486198109375 0.533104203125 0.4458647375 0.5087789453125 0.43349549375 0.4451480140625
28 0.43004604375 0.43639011562499996 0.44596462187499997 0.5109981078125 0.4957433578125 0.4979995203125 0.48206887812500004 0.42529558593749994 0.43004604375 0.43639011562499996
1 0.5770568 0.40691891875 0.5058595593749999 0.42120091562499995 0.5093583984375 0.4918623421875 0.5869458953125 0.47643433437500005 0.5770568 0.40691891875
0 0.5775476671875001 0.40486269375 0.5844187875 0.475732415625 0.62393938125 0.46791437968749994 0.6158528390625 0.397988221875 0.5775476671875001 0.40486269375
45 0.1400047125 0.6098317125 0.16712231093750002 0.7051025156249999 0.2068128078125 0.6910604124999999 0.1785283546875 0.605454690625 0.1400047125 0.6098317125
44 0.1850106546875 0.6028743078125001 0.210807053125 0.6907109609375001 0.251866790625 0.6782166609375 0.22736393906250002 0.5885992421874999 0.1850106546875 0.6028743078125001
40 0.22878279531249998 0.5894817484375 0.25213484375 0.68004881875 0.29075942499999996 0.6683983859375 0.267447734375 0.5790525734374999 0.22878279531249998 0.5894817484375
41 0.27011058593750004 0.5788196046875 0.2910722109375 0.66506596875 0.325828859375 0.6551407078125 0.3068221015625 0.5690646640625 0.27011058593750004 0.5788196046875
33 0.3788263375 0.5486722515625 0.3967318734375 0.6306561453125 0.4280115390625 0.6210409640625 0.41300616406249996 0.5406487546875 0.3788263375 0.5486722515625
35 0.379623165625 0.5501124859375001 0.346862196875 0.5590184890625001 0.3642331046875 0.6425591265625 0.3973924140625 0.633406765625 0.379623165625 0.5501124859375001
36 0.5006855 0.5198205078125 0.45736015312499995 0.5315340125 0.4737906484375 0.60668579375 0.5177750984375 0.5952282859375 0.5006855 0.5198205078125
23 0.5779635375 0.5743309796875 0.56827919375 0.5038709984375 0.5097217625 0.5185017421875 0.519312871875 0.5946976984375001 0.5779635375 0.5743309796875
18 0.61178798125 0.4942542421875 0.56906955625 0.5048582374999999 0.577871815625 0.5732825921875 0.6222061671875 0.5575762578125001 0.61178798125 0.4942542421875
6 0.153609853125 0.7368665609375 0.18151795937499998 0.83055766875 0.26248535624999997 0.7977653140625 0.24320337812499998 0.706843665625 0.153609853125 0.7368665609375
16 0.2613461515625 0.721102434375 0.265339015625 0.798926996875 0.33085164218749996 0.770397421875 0.333519875 0.6931317906250001 0.2613461515625 0.721102434375
30 0.36260835 0.6715716125 0.389472334375 0.7452823875 0.452137703125 0.7201814140625 0.4320793421875 0.6448938156249999 0.36260835 0.6715716125
26 0.45695461249999997 0.6395483 0.4309113578125 0.6476369937500001 0.4466540078125 0.7149259484375 0.47316653750000004 0.7041551578125 0.45695461249999997 0.6395483
24 0.52325950625 0.681285540625 0.51151448125 0.6194570671874999 0.46422670000000005 0.6341582578125 0.47591680625 0.702259071875 0.52325950625 0.681285540625
24 0.562066053125 0.6018293265625 0.5197603765625 0.6171510375 0.529684696875 0.682308015625 0.5739560734375 0.663978109375 0.562066053125 0.6018293265625
24 0.6118731875 0.583738521875 0.5702660875000001 0.5989991046875 0.5841421718750001 0.6690923578125 0.6235430859375 0.6513227890625 0.6118731875 0.583738521875
7 0.31634958750000003 0.8267775015625001 0.1983769984375 0.8703754828125 0.2171434328125 0.9400408859375 0.326597271875 0.8907723265625 0.31634958750000003 0.8267775015625001
7 0.2474908890625 1 0.3446764015625 0.9525583687499999 0.33632977343750003 0.8942239140625 0.2263172140625 0.9402946953125 0.239519046875 1 0.2474908890625 1
17 0.3241429140625 0.8836696937499999 0.4199429921875 0.844124353125 0.4148066015625 0.785415128125 0.3203306640625 0.8251804843749999 0.3241429140625 0.8836696937499999
17 0.34580622031249997 0.9462150125000001 0.43369216718750003 0.904721075 0.42781126875000003 0.84554876875 0.3329203 0.8906151828125 0.34580622031249997 0.9462150125000001
31 0.4243640359375 0.84637858125 0.43616559375 0.900807275 0.5199973796874999 0.8612526125000001 0.5130861421875 0.8063960703124999 0.4243640359375 0.84637858125
25 0.593608215625 0.769243796875 0.5120099453125 0.8101876546875 0.5187835984375 0.863471628125 0.5936815171875 0.8183601578124999 0.593608215625 0.769243796875
25 0.6605705937499999 0.73803165625 0.5895540578125 0.77118309375 0.5956291328125001 0.8245281859375 0.6621329046875 0.7880741578125 0.6605705937499999 0.73803165625
18 0.681731603125 0.701431834375 0.636511828125 0.72640180625 0.6992787171875 0.7643267421875 0.76008325625 0.7349880421874999 0.681731603125 0.701431834375