9 0.6984375 0.14609375 0.1375 0.1703125
13 0.6 0.1796875 0.121875 0.15625
14 0.51328125 0.20390625 0.115625 0.15625
21 0.4265625 0.234375 0.1171875 0.1515625
5 0.7515625 0.46484375 0.134375 0.1015625
29 0.63984375 0.4890625 0.1203125 0.0921875
7 0.54140625 0.50859375 0.1125 0.0890625
15 0.8015625 0.559375 0.1046875 0.1109375
23 0.71796875 0.5734375 0.096875 0.1046875
24 0.64453125 0.590625 0.0796875 0.090625
31 0.565625 0.60859375 0.1109375 0.0890625
27 0.5984375 0.771875 0.10625 0.0875
25 0.6921875 0.69921875 0.1171875 0.0890625
25 0.70390625 0.759375 0.121875 0.0984375
25 0.8109375 0.68203125 0.1234375 0.0953125
25 0.82578125 0.746875 0.1265625 0.0953125
35 0.6390625 0.340625 0.0578125 0.0984375
33 0.68046875 0.3296875 0.05625 0.096875
37 0.7481344578125 0.36020688125 0.7303619234375 0.268519315625 0.692921909375 0.2771083671875 0.71191024375 0.367965490625 0.7481344578125 0.36020688125
32 0.7931403578125 0.35025875 0.775419228125 0.2553756046875 0.7388412546875001 0.2656593890625 0.752275584375 0.35981091875 0.7931403578125 0.35025875
42 0.6294803265625 0.3910637796875 0.6060682546875 0.3039650265625 0.5744389890625 0.3122160625 0.59659896875 0.398625459375 0.6294803265625 0.3910637796875
41 0.59006279375 0.3996185734375 0.5682473859375 0.3121217515625 0.5356940390625 0.322671490625 0.55892751875 0.40738146875 0.59006279375 0.3996185734375
40 0.5554352359375 0.40697909218749995 0.5335686640625 0.322677765625 0.5035634796874999 0.3298873109375 0.521106584375 0.41553818593749997 0.5554352359375 0.40697909218749995
38 0.5214054265625 0.4167367765625 0.49679367343749997 0.3350295421875 0.46238379375000005 0.3433354671875 0.48707671250000006 0.4252958875 0.5214054265625 0.4167367765625
39 0.484032753125 0.42669136874999997 0.457674921875 0.3447829421875 0.42682025 0.35379290625 0.45194966875000003 0.4340540421875 0.484032753125 0.42669136874999997