20 0.797514165625 0.35469608125 0.9069043703125 0.37815303437500003 0.9448706281250001 0.25306675156249997 0.8298918687500001 0.22630787031250002 0.797514165625 0.35469608125
19 0.6828894484375 0.33184255937499996 0.79502265625 0.3578919640625 0.8290709218750001 0.22133182499999998 0.7156604328125 0.1949639578125 0.6828894484375 0.33184255937499996
19 0.58396826875 0.3071787390625 0.68400945625 0.32735045 0.7165446921874999 0.21045277968749998 0.6108638875 0.186966409375 0.58396826875 0.3071787390625
14 0.48504708750000003 0.28251491875 0.5846402734375 0.30448347343750004 0.6053349828125001 0.18749644375000002 0.5071594828125 0.167789903125 0.48504708750000003 0.28251491875
14 0.35721034375 0.2582758140625 0.45086952187499996 0.2768563109375 0.4731872265625 0.1669538421875 0.3797687328125 0.14843335468750002 0.35721034375 0.2582758140625
13 0.27676319375 0.241080903125 0.358805846875 0.25867361875 0.3800035421875 0.15326325937500002 0.2917991375 0.134134246875 0.27676319375 0.241080903125
13 0.17876551093749998 0.21951015312500002 0.27449568593749996 0.243378365625 0.292950378125 0.13537555625 0.198118021875 0.11554828125000001 0.17876551093749998 0.21951015312500002
23 0.1527538171875 0.3170403421875 0.258057009375 0.34329537656250003 0.27575314687499997 0.27232004062500004 0.174989053125 0.2491052765625 0.1527538171875 0.3170403421875
18 0.2534945015625 0.3412035453125 0.3430666671875 0.362582121875 0.3661663375 0.276731415625 0.282753359375 0.25879704062500003 0.2534945015625 0.3412035453125
8 0.333269646875 0.3610937234375 0.43378633125 0.38615534687499997 0.455263009375 0.29322008125 0.363443421875 0.27509824374999997 0.333269646875 0.3610937234375
9 0.4324148296875 0.38485912031249997 0.5331555140625001 0.40902232187500004 0.5530366890625 0.3156892515625 0.45415677656250003 0.29198999375 0.4324148296875 0.38485912031249997
10 0.5577600625 0.41229411093749996 0.6534902359375 0.4361623234375 0.6793054187500001 0.3462173125 0.5884347937500001 0.324514990625 0.5577600625 0.41229411093749996
11 0.65029923125 0.43536671718750003 0.752859421875 0.4590292984375 0.78298561875 0.3653877859375 0.6771042609375 0.3428056859375 0.65029923125 0.43536671718750003
3 0.7476249078125 0.45963273281249994 0.832634565625 0.4789194765625 0.8548932109375 0.4100359734375 0.7734166078125 0.39163011875 0.7476249078125 0.45963273281249994
2 0.8314870671874999 0.47672482968749996 0.9160487203125 0.4978084171875 0.9428423828125 0.42432998906249997 0.85545068125 0.4025407921875 0.8314870671874999 0.47672482968749996
1 0.5533859125 0.511402059375 0.6744201328125 0.54253355 0.6926192546875 0.4831348875 0.5655019546875 0.45048671249999994 0.5533859125 0.511402059375
28 0.46745275781249995 0.48902224531250005 0.551566409375 0.5119026765625 0.57200555 0.44351979375 0.484532153125 0.4217102265625 0.46745275781249995 0.48902224531250005
29 0.334802015625 0.4569029734375 0.4588032390625 0.48972849375000005 0.47381135625 0.429534221875 0.3514298828125 0.398066821875 0.334802015625 0.4569029734375
6 0.25298336250000003 0.4384118359375 0.3343540125 0.45869981718749997 0.3540936578125 0.38632544062499996 0.26976020625 0.36529875 0.25298336250000003 0.4384118359375
7 0.151767184375 0.4093587203125 0.25547487343749997 0.4352159515625 0.266871471875 0.3827096734375 0.1649636625 0.3573012015625 0.151767184375 0.4093587203125
36 0.593426996875 0.6265798625000001 0.650677396875 0.6408539906249999 0.6647116468750001 0.5685727093749999 0.6085965343749999 0.554581640625 0.593426996875 0.6265798625000001
34 0.53456306875 0.610780765625 0.5907431703125 0.625349375 0.6065227171875 0.5540645796875 0.54864806875 0.5390734734375 0.53456306875 0.610780765625
33 0.490583871875 0.599254184375 0.532817771875 0.609784278125 0.547790553125 0.5377369984375 0.5085451953125 0.52795203125 0.490583871875 0.599254184375
35 0.4491567359375 0.589486575 0.4896453390625 0.59902018125 0.5075654796875 0.5271464234375001 0.46549429531250003 0.5166568984375 0.4491567359375 0.589486575
37 0.4089316625 0.5788960015625 0.4491567359375 0.589486575 0.46452481562500003 0.5158538453125 0.42338214843750005 0.5055958265625 0.4089316625 0.5788960015625
39 0.36789982499999996 0.5675429421875 0.408124896875 0.578133515625 0.42698356875 0.5064937609375 0.38220875625 0.494768809375 0.36789982499999996 0.5675429421875
38 0.32848151875 0.5577148546874999 0.36575923125 0.56813190625 0.3815387796875 0.4968471109375 0.34157881875 0.48576129999999995 0.32848151875 0.5577148546874999
41 0.2882564453125 0.54712428125 0.32660445781249997 0.5572468515625 0.34452459687500003 0.48537309375 0.3071084671875 0.4760442046875 0.2882564453125 0.54712428125
42 0.2524443265625 0.5348272984375 0.2897220390625 0.54524435 0.30899217968750003 0.47595253125000003 0.2707606078125 0.46585899218750004 0.2524443265625 0.5348272984375
40 0.2138327859375 0.525761696875 0.2523125609375 0.5353557828125 0.264749453125 0.4654829171875 0.22637565781250002 0.45591525468749994 0.2138327859375 0.525761696875
12 0.14492471406250002 0.5102649953125 0.21276248749999999 0.5260561781249999 0.22710878281250002 0.46451808906250003 0.1576159 0.44775290468750006 0.14492471406250002 0.5102649953125
24 0.546081778125 0.708518553125 0.6233210328125 0.7305831453125 0.6405823453124999 0.6613518046875 0.5699740156249999 0.641501825 0.546081778125 0.708518553125
24 0.47178988437499997 0.6866274859375 0.54809060625 0.708458075 0.566306621875 0.6433941234375 0.4929962203125 0.62230910625 0.47178988437499997 0.6866274859375
24 0.377261771875 0.6619363078125 0.45101043281250003 0.6820079234375 0.46894674375 0.614067553125 0.394954153125 0.595619128125 0.377261771875 0.6619363078125
26 0.3247040296875 0.6488321906250001 0.3743144125 0.661762784375 0.38640451875 0.605275528125 0.33854635312500003 0.593904484375 0.3247040296875 0.6488321906250001
30 0.2506918359375 0.62981754375 0.3244404984375 0.6498891578125 0.3401206203125 0.58699961875 0.2670365265625 0.5687777078125 0.2506918359375 0.62981754375
16 0.1797587671875 0.6104479328125 0.25270066406249997 0.6297570625 0.2632928359375 0.5672829640625 0.18951527343750002 0.54776548125 0.1797587671875 0.6104479328125
18 0.12436925937500001 0.5927084234375 0.17961083125 0.607043028125 0.194236828125 0.548381359375 0.1456573859375 0.5357078078125 0.12436925937500001 0.5927084234375
27 0.6741538312500001 0.9105354312499999 0.79672228125 0.94670854375 0.8096353234375 0.894917159375 0.68622759375 0.8590961281249999 0.6741538312500001 0.9105354312499999
27 0.7853058875000001 1 0.794861390625 0.950173925 0.6731827859374999 0.911415996875 0.660318428125 0.9660262 0.7775174046875 1 0.7853058875000001 1
25 0.53114791875 0.9203483015625 0.6471628218750001 0.958816784375 0.6623482234375 0.9059079531249999 0.5461383375 0.8690748656249999 0.53114791875 0.9203483015625
25 0.4179486078125 0.8825818249999999 0.5302093859375 0.9201142984375 0.5412453671875 0.8678549109375 0.428086128125 0.8306597609375 0.4179486078125 0.8825818249999999
18 0.543649490625 0.86620898125 0.6630070531250001 0.9032655359374999 0.6834121718749999 0.8494127828125 0.5705635609375 0.8151017625 0.543649490625 0.86620898125
18 0.4297913515625 0.831084921875 0.540027134375 0.8647444906249999 0.566606675 0.8141152 0.45373002968750004 0.7797971921875 0.4297913515625 0.831084921875
18 0.46346767499999997 0.7799797140625 0.5959485 0.8163789109374999 0.617491 0.745969646875 0.47701916093749996 0.710384746875 0.46346767499999997 0.7799797140625
31 0.316941225 0.7479372578125 0.431589959375 0.7798904171875 0.44275770468750003 0.7271025437499999 0.3320060109375 0.6961210265625 0.316941225 0.7479372578125
31 0.30898437031250003 0.7998416859375 0.4184133859375 0.8327387671875 0.43200142656249996 0.782238353125 0.3186976703125 0.7494978625 0.30898437031250003 0.7998416859375
31 0.3010275140625 0.8517461140625 0.40790446874999997 0.8828842218749999 0.4217722109375 0.8352602265625 0.31248766875 0.802399165625 0.3010275140625 0.8517461140625
17 0.20375808437499998 0.7141041671874999 0.311441803125 0.7460047624999999 0.32167101875 0.6929828875 0.2151724796875 0.6608164546874999 0.20375808437499998 0.7141041671874999
17 0.2006256515625 0.7666501218749999 0.30737083906249996 0.7983167140625 0.31600269375 0.74770325625 0.21192689687500002 0.717824890625 0.2006256515625 0.7666501218749999
17 0.1911870328125 0.8165010953125 0.29887074999999996 0.8484016890625 0.30898437031250003 0.7998416859375 0.20235717968750003 0.7682045125 0.1911870328125 0.8165010953125
5 0.093670240625 0.683849503125 0.1986701328125 0.7145196078125 0.21064464374999997 0.6624942218750001 0.10948861875 0.6327825015624999 0.093670240625 0.683849503125
5 0.0909331046875 0.7348100078125 0.1948627 0.76577459375 0.2033627875 0.71568961875 0.0965755765625 0.684573884375 0.0909331046875 0.7348100078125
5 0.084162140625 0.7819580828125 0.18998496874999998 0.817324059375 0.1967397625 0.7662425984375 0.0937088984375 0.736063428125 0.084162140625 0.7819580828125