11 0.1057015875 0.228701515625 0.23125243593749997 0.228627971875 0.2056575359375 0.0554032375 0.077537290625 0.0591577015625 0.1057015875 0.228701515625
8 0.231197 0.2254520296875 0.3426635359375 0.2266832828125 0.33829668125 0.0573238984375 0.2062193078125 0.0542656421875 0.231197 0.2254520296875
10 0.3469498203125 0.229785375 0.44854452343749995 0.231188984375 0.4399654078125 0.062962078125 0.33877440000000003 0.069150271875 0.3469498203125 0.229785375
9 0.44147470312500003 0.230253390625 0.5500654171875 0.2283579328125 0.5458648703125 0.06852639375 0.43928818906249995 0.067395796875 0.44147470312500003 0.230253390625
9 0.550102375 0.230475240625 0.6446457375 0.23200188906250002 0.6434321015625 0.081648984375 0.543513459375 0.0761601609375 0.550102375 0.230475240625
19 0.645963696875 0.226684021875 0.7362577328125 0.22722588593749998 0.7295876828125001 0.0875579265625 0.640662046875 0.0837250953125 0.645963696875 0.226684021875
20 0.7376680859375 0.22720126875000002 0.8236758375000001 0.22464104218749997 0.8240203875000001 0.0827326890625 0.7341222375 0.0820937421875 0.7376680859375 0.22720126875000002
20 0.8222656984375 0.22466565625 0.9026324625000001 0.2222038515625 0.9031246265625 0.088764715625 0.8206211703124999 0.08587570781250001 0.8222656984375 0.22466565625
14 0.352689965625 0.3970028765625 0.4499800109375 0.3942456765625 0.45036141093750004 0.254454634375 0.34912918125000003 0.2581517796875 0.352689965625 0.3970028765625
14 0.44573079375 0.393260890625 0.5416104859375 0.39052830625 0.5434206109375 0.25177132343749997 0.4478334015625 0.2537829859375 0.44573079375 0.393260890625
14 0.5416104859375 0.39052830625 0.6360799328125 0.3878203796875 0.635143478125 0.25334720312500003 0.5413166765625 0.253474184375 0.5416104859375 0.39052830625
14 0.6374902859375 0.38779576250000003 0.7179124875 0.388509940625 0.7282397421875 0.2527811984375 0.6347999515625 0.253165378125 0.6374902859375 0.38779576250000003
14 0.720603628125 0.38105015 0.8037541453125 0.37642184375 0.811463959375 0.252387471875 0.7283063140625 0.254179125 0.720603628125 0.38105015
13 0.8037541453125 0.37642184375 0.8742305953124999 0.37307371875 0.88327685 0.244780153125 0.8110937640625 0.247442253125 0.8037541453125 0.37642184375
3 0.234246003125 0.4001292796875 0.325913434375 0.39852921874999997 0.321281909375 0.2948307609375 0.23332192499999999 0.29324702343750003 0.234246003125 0.4001292796875
2 0.129941571875 0.40512682968749997 0.22721313906249999 0.40131099531250003 0.2267200703125 0.2922454375 0.1292813359375 0.295063059375 0.129941571875 0.40512682968749997
5 0.775967828125 0.4817451140625 0.8647038968749999 0.47384248125 0.8776424109375001 0.4069012953125 0.7840477859375 0.41592935000000003 0.775967828125 0.4817451140625
4 0.7167735656249999 0.48489630781250004 0.7801986765625 0.4816712640625 0.7886476421874999 0.3999829328125 0.7168308265625 0.4051960515625 0.7167735656249999 0.48489630781250004
29 0.6082938312499999 0.4931436859375 0.7140085078125 0.48812148125 0.7156463578125 0.42031867187499994 0.6131134296874999 0.425527784375 0.6082938312499999 0.4931436859375
28 0.5378542296875 0.49860908125 0.6111512828125 0.495211725 0.6125304296875 0.41258779843750004 0.54062935625 0.41620937500000005 0.5378542296875 0.49860908125
1 0.4321949890625 0.5068072296875 0.5406933109375001 0.499618521875 0.5422757218750001 0.42863973125 0.42981218906249996 0.43401913125 0.4321949890625 0.5068072296875
0 0.346261046875 0.513602075 0.4308217 0.5089491125000001 0.4293249171875 0.4231984796875 0.348534203125 0.42617717343750006 0.346261046875 0.513602075
15 0.35542195468750004 0.633667871875 0.442332825 0.6240641578125 0.43616403750000005 0.5278053234375 0.346655775 0.5339945359375 0.35542195468750004 0.633667871875
23 0.44230930781250005 0.622716778125 0.5203046078125 0.61663811875 0.5195557453124999 0.5223063640625 0.4352185515625 0.5273973921875 0.44230930781250005 0.622716778125
24 0.3481643703125 0.7321827453124999 0.42159007031250006 0.7214666015625 0.421193984375 0.6473454359375 0.3498346203125 0.6518021171874999 0.3481643703125 0.7321827453124999
24 0.4170440578125 0.7181764953124999 0.48690355937499996 0.7088703875 0.4902148515625 0.6414234265625 0.41816907031249995 0.6438743031249999 0.4170440578125 0.7181764953124999
24 0.49144957187499994 0.7121604953125 0.5560537109375 0.7103589953125 0.5636875890625 0.6334020375 0.494388046875 0.6374926203125 0.49144957187499994 0.7121604953125
26 0.5567982687499999 0.7015853625 0.5980218546875 0.6974963437499999 0.598640928125 0.630096375 0.5560335875 0.6322071984375001 0.5567982687499999 0.7015853625
16 0.65708854375 0.6870308374999999 0.717087871875 0.6785707484375 0.7176362515625 0.6071286484375 0.6634527828125 0.6126527281249999 0.65708854375 0.6870308374999999
12 0.7225196234375 0.6811714875 0.7843726078125 0.6760485 0.7893729265625 0.6025070203125 0.72734265 0.6073281328125 0.7225196234375 0.6811714875
6 0.7861086703125 0.6726487390625 0.845269434375 0.66757274375 0.8503285484375 0.5973996968749999 0.7912325171875 0.6020035359375 0.7861086703125 0.6726487390625
27 0.18194270625 0.9810808140624999 0.2938291484375 0.9622805375000001 0.28752728125 0.9098269953125 0.176214440625 0.9301271218749999 0.18194270625 0.9810808140624999
27 0.176279565625 0.9137905015625 0.28990207031250004 0.891590465625 0.2809784015625 0.8432260515625 0.17726883124999998 0.8619165140625 0.176279565625 0.9137905015625
27 0.3811981203125 0.8246294203125 0.2836472421875 0.841831678125 0.2934246046875 0.892722290625 0.3964038671875 0.8728841781250001 0.3811981203125 0.8246294203125
27 0.29467954375 0.95957014375 0.39939816875 0.9415688640625 0.397571759375 0.8883633203124999 0.294767128125 0.9053270437500001 0.29467954375 0.95957014375
25 0.39939816875 0.9415688640625 0.5013774703125 0.920919846875 0.5022551765625 0.8683409859375001 0.3988198328125 0.8858313359375 0.39939816875 0.9415688640625
25 0.392484821875 0.854083625 0.4946169921875 0.8421925265624999 0.48305982968750005 0.7972435140624999 0.3895837734375 0.8068559203125 0.392484821875 0.854083625
25 0.502310178125 0.9229252375 0.5998375390625 0.9043756000000001 0.60163619375 0.8531284515625 0.50960551875 0.8662181046875 0.502310178125 0.9229252375
25 0.3862182328125 0.8036511359375 0.48300103437499997 0.7938750828125001 0.468880865625 0.7563836296875001 0.382189715625 0.769100425 0.3862182328125 0.8036511359375
25 0.482977515625 0.7925277296875 0.572568915625 0.78220330625 0.555756459375 0.7447588359374999 0.47175713124999996 0.7557507140624999 0.482977515625 0.7925277296875
25 0.5055509140625001 0.8514361671874999 0.600456475 0.8369756328125 0.5790510359375001 0.7935463109375 0.4872707625 0.8085183046875001 0.5055509140625001 0.8514361671874999
31 0.6043482765625 0.905644653125 0.698297609375 0.8878313515625 0.6983602015625 0.839983965625 0.6104092578125 0.853514140625 0.6043482765625 0.905644653125
31 0.61037544375 0.8394980750000001 0.700782096875 0.8244421875000001 0.66507616875 0.7846319265624999 0.5836886828125001 0.801784046875 0.61037544375 0.8394980750000001
17 0.7006880234375 0.8190527031249999 0.7839032031250001 0.8034484359375 0.7446429703125 0.7657219109375 0.667468990625 0.7784328031250001 0.7006880234375 0.8190527031249999
17 0.69549941875 0.8818151859375 0.774298075 0.8703313749999999 0.780583946875 0.8190058765625 0.7020740921875 0.8317090281249999 0.69549941875 0.8818151859375
7 0.7769551546875 0.8682633265625 0.8575369125 0.8560744859374999 0.8629135265625001 0.804090975 0.7871675437500001 0.8192792875 0.7769551546875 0.8682633265625
7 0.743792509375 0.7684323187500001 0.8243389890625 0.7542224375 0.78608195 0.7225434125 0.7116063109375 0.73472655 0.743792509375 0.7684323187500001
7 0.7865955625 0.803401440625 0.867142040625 0.7891915703125 0.8261338500000001 0.7541911078125 0.7480884765625 0.766923034375 0.7865955625 0.803401440625
36 0.5227339859375 0.611828440625 0.57152864375 0.6068996875 0.56763780625 0.525426709375 0.5198914968749999 0.530305609375 0.5227339859375 0.611828440625
34 0.5754644359375 0.6060897046875 0.6203361968750001 0.6027119796875 0.6203941265624999 0.5211700828125 0.5747567625000001 0.5256436640625 0.5754644359375 0.6060897046875
33 0.6242720281249999 0.601901996875 0.6553102484375 0.5980244671875 0.6563747531249999 0.5175769171875 0.62220766875 0.5206481046875 0.6242720281249999 0.601901996875
35 0.65728459375 0.5979900046875 0.6898165453125 0.594827671875 0.688913134375 0.5147851140624999 0.6573309359375 0.5167937921875 0.65728459375 0.5979900046875
37 0.6917650203125 0.59331109375 0.7223419921875001 0.5912948171875 0.722932275 0.511967465625 0.6899935234375 0.5134454625 0.6917650203125 0.59331109375
39 0.7238098546875 0.5905279125 0.753399615625 0.5885288531249999 0.757457975 0.5098822562499999 0.7270006796875 0.5114104 0.7238098546875 0.5905279125
38 0.7548610109375 0.5873914265625 0.7859185578125001 0.584625478125 0.79195780625 0.5063149390625 0.759046078125 0.5080728437500001 0.7548610109375 0.5873914265625
39 0.7864186484375 0.5849873859375 0.8169826468749999 0.5822300515625 0.8254963312499999 0.5042469546875 0.794233984375 0.5079216718749999 0.7864186484375 0.5849873859375
42 0.818450509375 0.581463146875 0.8495145984375 0.57906771875 0.8555473796875 0.5003866484375 0.826856171875 0.5022588796874999 0.818450509375 0.581463146875