11 0 0.22103534218749998 0.023919275 0.2865829625 0.1490273578125 0.264817953125 0.09988336249999999 0.10604867656250001 0 0.11808454531250001 0 0.22103534218749998
10 0.09208872812499999 0.11197267968749999 0.1436512765625 0.26350182499999997 0.24353629062499998 0.239957103125 0.19542076875 0.0833081953125 0.09208872812499999 0.11197267968749999
9 0.26875 0.15234375 0.140625 0.184375
8 0.37265625 0.1359375 0.146875 0.1796875
22 0.47578125 0.11640625 0.1328125 0.171875
22 0.58203125 0.10078125 0.1359375 0.159375
21 0.6921875 0.08046875 0.140625 0.1609375
21 0.7984375 0.06953125 0.140625 0.1390625
13 0.7500745765625 0.1575760765625 0.7689989734375 0.3026415140625 0.870365909375 0.2846361140625 0.856049253125 0.13784236875 0.7500745765625 0.1575760765625
13 0.6534004906249999 0.1965513859375 0.6671531078124999 0.32428952031249997 0.771057875 0.3032329375 0.7462456203125 0.1745830125 0.6534004906249999 0.1965513859375
13 0.5474047890625 0.20568030624999997 0.5729143671875 0.3432038125 0.6689181734375 0.325589490625 0.6466289765625 0.1857063125 0.5474047890625 0.20568030624999997
14 0.51015625 0.28828125 0.1328125 0.15
14 0.40546875 0.30546875 0.134375 0.1578125
14 0.309375 0.3265625 0.13125 0.1546875
3 0.23515625 0.3546875 0.09375 0.11875
3 0.16328125 0.37109375 0.0921875 0.1140625
2 0.09375 0.38671875 0.09375 0.109375
0 0.33046875 0.4515625 0.0953125 0.0953125
1 0.42578125 0.4375 0.13125 0.1046875
28 0.51640625 0.41796875 0.0890625 0.0953125
29 0.609375 0.4015625 0.13125 0.1015625
4 0.71640625 0.3796875 0.09375 0.096875
5 0.82109375 0.3640625 0.1390625 0.1109375
45 0.8418569734375 0.42360292343749995 0.8546611484375 0.5175109671875 0.8947923875000001 0.508513959375 0.88363496875 0.415548628125 0.8418569734375 0.42360292343749995
44 0.79894159375 0.43148602656249996 0.8149900062500001 0.5251174375 0.856877690625 0.5165729781249999 0.8442385609375 0.42185785937500003 0.79894159375 0.43148602656249996
40 0.7603238515624999 0.43886858437500004 0.774288278125 0.530465271875 0.8151108640625001 0.5220452859375 0.8004377406250001 0.43075506093750004 0.7603238515624999 0.43886858437500004
41 0.7197672671875 0.447489153125 0.7352278171875 0.5383548890625 0.7766123359375 0.5292996265625 0.7610185390625 0.4395468203125 0.7197672671875 0.447489153125
37 0.6792106578125 0.45610972656250004 0.69473236875 0.5498530859375 0.7365626359374999 0.5409083671875 0.7226527390624999 0.44811466875 0.6792106578125 0.45610972656250004
35 0.6361166390624999 0.461140171875 0.656126790625 0.552690646875 0.6959658937500001 0.5458743671875 0.6789480359375 0.45286196875 0.6361166390624999 0.461140171875
33 0.5964226765625 0.471229171875 0.6159901078125001 0.5632866953125 0.6540535359375 0.554731121875 0.6382006484375 0.46317488593749995 0.5964226765625 0.471229171875
34 0.541728903125 0.4832676375 0.561151190625 0.572052434375 0.6182566625 0.5611016171875 0.598697465625 0.4715715453125 0.541728903125 0.4832676375
36 0.487349690625 0.49276156249999997 0.5064132375 0.582448503125 0.5601147484375 0.573511578125 0.5437915515625 0.4811774203125 0.487349690625 0.49276156249999997
23 0.45078125 0.54609375 0.1109375 0.109375
15 0.3578125 0.56875 0.1234375 0.11875
24 0.371875 0.67734375 0.09375 0.1046875
24 0.44609375 0.6625 0.090625 0.1046875
24 0.51796875 0.64921875 0.0875 0.1046875
26 0.5734375 0.64765625 0.0703125 0.0875
30 0.6296875 0.62890625 0.0921875 0.1046875
12 0.696875 0.6125 0.0796875 0.0953125
18 0.7625 0.59765625 0.084375 0.090625
6 0.84921875 0.5828125 0.0984375 0.10625
7 0.87890625 0.840625 0.1265625 0.090625
7 0.800407046875 0.7490687828125 0.8036855421875 0.8113719015624999 0.9131881375 0.78786783125 0.9088706078125 0.730285334375 0.800407046875 0.7490687828125
17 0.7984726859375 0.750013859375 0.6913711265625 0.7685078062499999 0.703610934375 0.8294400281250001 0.8086954984375 0.8084773500000001 0.7984726859375 0.750013859375
17 0.7126667296875 0.8419076234375 0.7226464390625 0.902252440625 0.8292459265625001 0.8825620609374999 0.8166395640624999 0.8187397125 0.7126667296875 0.8419076234375
31 0.7109238734375001 0.8428119687500001 0.5987002265625 0.86399634375 0.6097952203125 0.9262397078125 0.719913475 0.902999503125 0.7109238734375001 0.8428119687500001
31 0.646875 0.815625 0.1203125 0.0828125
25 0.5484375 0.903125 0.1234375 0.0859375
25 0.53828125 0.83984375 0.1203125 0.084375
25 0.4421875 0.925 0.121875 0.084375
25 0.43125 0.8640625 0.121875 0.0859375
25 0.3234375 0.88046875 0.1203125 0.0859375
25 0.334375 0.95 0.125 0.0859375
27 0.22890625 0.9609375 0.1171875 0.078125
27 0.2203125 0.8921875 0.1203125 0.0921875