19 0.5375 0.22265625 0.1328125 0.175
13 0.3796875 0.1875 0.121875 0.1640625
9 0.2921875 0.17109375 0.1171875 0.1546875
7 0.45859375 0.5328125 0.1203125 0.096875
28 0.3640625 0.5015625 0.10625 0.09375
5 0.278125 0.47109375 0.1046875 0.096875
31 0.43984375 0.653125 0.1140625 0.0984375
24 0.3878104015625 0.663205025 0.40431224062500004 0.586240840625 0.3506821296875 0.56150569375 0.33258309375 0.6390514171875 0.3878104015625 0.663205025
23 0.3311721640625 0.639675959375 0.3499651734375 0.5527876375 0.28586453125 0.529436303125 0.267942946875 0.611774403125 0.3311721640625 0.639675959375
15 0.2649598875 0.6082348640624999 0.280306175 0.525302209375 0.22241134687500003 0.50243331875 0.20633294531250002 0.5823461078125 0.2649598875 0.6082348640624999
27 0.4148579296875 0.858994065625 0.42940187031250004 0.8002180015624999 0.3432124859375 0.7605829984375 0.3328646078125 0.8174038546875 0.4148579296875 0.858994065625
25 0.3297688390625 0.8181511125 0.3368756921875 0.7620439765625 0.258831228125 0.7250203609375 0.2526852828125 0.7806183515625 0.3297688390625 0.8181511125
25 0.33993524062499997 0.765674271875 0.3450678734375 0.705456425 0.2659007625 0.6732905265625 0.25822613906249997 0.7270736234374999 0.33993524062499997 0.765674271875
25 0.2588670265625 0.724297640625 0.26846498125 0.665841678125 0.19173411093749998 0.6357002031250001 0.18375768750000002 0.6908755953125 0.2588670265625 0.724297640625
25 0.2527215046875 0.7762408 0.25963191406249997 0.7252052140624999 0.18647923125000002 0.6922348984375 0.1782530515625 0.740042771875 0.2527215046875 0.7762408
39 0.532029503125 0.45935257968750004 0.5534630421875 0.36346546874999996 0.5171800890625 0.3535050859375 0.49574500468749993 0.44886390781249996 0.532029503125 0.45935257968750004
38 0.4954240171875 0.4472059984375 0.5152898593749999 0.352012825 0.4816708875 0.34266746875 0.46059150156250006 0.43652460781249997 0.4954240171875 0.4472059984375
40 0.45870281718749994 0.4355606359375 0.47700095625000005 0.341061396875 0.44369394531250006 0.3333718671875 0.42587470312500003 0.425341996875 0.45870281718749994 0.4355606359375
41 0.4255537140625 0.42368408906250005 0.444288559375 0.3303415390625 0.4123102125 0.32295875625 0.39461428593750003 0.4144294234375 0.4255537140625 0.42368408906250005
42 0.3735820859375 0.3134897296875 0.3593450671875 0.4025913421875 0.3909264703125 0.41516182500000004 0.40350669687499996 0.321454240625 0.3735820859375 0.3134897296875
35 0.3411906765625 0.30442778125 0.3251806859375 0.3920642015625 0.3578930859375 0.40278405937499995 0.3731124015625 0.3128533609375 0.3411906765625 0.30442778125
33 0.3069105765625 0.2944018609375 0.29357312343749997 0.382655284375 0.326285521875 0.39337514218749997 0.33882406875000004 0.3028255390625 0.3069105765625 0.2944018609375