19 0.771875 0.24375 0.1125 0.1546875
19 0.67265625 0.25625 0.1125 0.1515625
20 0.578125 0.2609375 0.103125 0.146875
22 0.484375 0.2671875 0.10625 0.1546875
8 0.3890625 0.275 0.1078125 0.153125
9 0.29453125 0.28203125 0.1171875 0.1609375
10 0.18359375 0.30078125 0.125 0.1515625
11 0.08046875 0.29375 0.1140625 0.159375
13 0.771875 0.39140625 0.1109375 0.1359375
13 0.6796875 0.4015625 0.096875 0.128125
13 0.59296875 0.40625 0.096875 0.13125
14 0.5046875 0.41953125 0.0921875 0.1234375
14 0.41640625 0.42578125 0.1015625 0.128125
14 0.325 0.434375 0.109375 0.1296875
3 0.2421875 0.45234375 0.0796875 0.0984375
3 0.17109375 0.4578125 0.0828125 0.096875
2 0.1 0.4640625 0.0828125 0.103125
5 0.75703125 0.52265625 0.109375 0.078125
4 0.665625 0.52109375 0.0734375 0.0859375
29 0.58203125 0.53359375 0.1109375 0.0765625
28 0.49140625 0.5390625 0.0796875 0.0859375
0 0.31015625 0.55546875 0.084375 0.084375
18 0.40234375 0.5453125 0.1125 0.0859375
24 0.321875 0.7515625 0.0734375 0.0796875
24 0.3859375 0.7453125 0.06875 0.071875
24 0.44921875 0.73984375 0.0671875 0.071875
26 0.5 0.7375 0.0453125 0.0640625
30 0.55234375 0.725 0.06875 0.075
12 0.61875 0.71953125 0.075 0.0765625
16 0.68984375 0.7140625 0.0765625 0.075
6 0.7546875 0.70625 0.0703125 0.071875
27 0.19765625 0.9109375 0.10625 0.0609375
27 0.20390625 0.959375 0.103125 0.0609375
25 0.2953125 0.90234375 0.1015625 0.0546875
25 0.3046875 0.95 0.1 0.0546875
25 0.39296875 0.89375 0.1015625 0.05625
25 0.3984375 0.93984375 0.0953125 0.0546875
25 0.48828125 0.87734375 0.0953125 0.0578125
25 0.490625 0.9296875 0.0953125 0.05625
25 0.38828125 0.834375 0.1015625 0.0578125
31 0.5921875 0.82578125 0.0984375 0.0625
31 0.58359375 0.9234375 0.0921875 0.0546875
31 0.6386630421875 0.8926348687500001 0.6389889125 0.8485066437500001 0.547180634375 0.8567447890625 0.546456315625 0.9048104125 0.6386630421875 0.8926348687500001
17 0.72859064375 0.8272893140625 0.732362278125 0.7765885031249999 0.6411602953125 0.7863504265625 0.6418536265625 0.8364057421875 0.72859064375 0.8272893140625
17 0.7309344 0.8810736374999999 0.7323803078125 0.831859359375 0.64144830625 0.8383024515624999 0.6385984875 0.8920206703125 0.7309344 0.8810736374999999
17 0.7236960406249999 0.9302757187499999 0.72697215625 0.8827322234375 0.6377242875 0.8914520109374999 0.6337504078125 0.9403504171874999 0.7236960406249999 0.9302757187499999
7 0.8146821781250001 0.812030309375 0.8187120562500001 0.7637865328125 0.731335284375 0.768338246875 0.727493109375 0.8168469734375 0.8146821781250001 0.812030309375
7 0.7299044890624999 0.8240460140625 0.7295995937499999 0.8762456468750001 0.8148293296875 0.8685296828125001 0.81727235 0.8182708875 0.7299044890624999 0.8240460140625
7 0.809852134375 0.9156309609375001 0.8150875718749999 0.8709866953125 0.7285445140625 0.8795788546875001 0.7239333140624999 0.9246613921875 0.809852134375 0.9156309609375001
15 0.3265625 0.653125 0.0890625 0.0953125
23 0.4109375 0.64453125 0.0859375 0.09375
36 0.4765625 0.6390625 0.053125 0.08125
34 0.5265625 0.634375 0.0546875 0.0796875
33 0.5877538015625 0.6680211093749999 0.5832151 0.59335206875 0.5519602609375001 0.5971068078124999 0.5557120249999999 0.670146746875 0.5877538015625 0.6680211093749999
35 0.62306875625 0.66555149375 0.6209847734375 0.5906244046875 0.5877712359375 0.5933429234375 0.5910269734375 0.667677084375 0.62306875625 0.66555149375
37 0.6571417203125 0.6610684890625 0.6553375890625001 0.587229871875 0.6226217468749999 0.58902826875 0.624359090625 0.6640172171875001 0.6571417203125 0.6610684890625
39 0.6900519078125 0.6593333671875 0.6921238828125 0.584590528125 0.6587018765625 0.5858567781249999 0.6578205406250001 0.661230503125 0.6900519078125 0.6593333671875
38 0.7235923890625 0.6572985984375 0.72571601875 0.5830471953125 0.6932739828125001 0.58408515625 0.691412775 0.659687159375 0.7235923890625 0.6572985984375
42 0.79198254375 0.6496369796875 0.7934892359375 0.57541935 0.761404365625 0.577964009375 0.76120040625 0.6519407296875 0.79198254375 0.6496369796875
41 0.7580834578125 0.651802559375 0.7608175453125 0.5774559421875 0.7289930171875 0.5796249046875 0.7272529046875 0.6536456578125 0.7580834578125 0.651802559375