21 0.3953125 0.284375 0.153125 0.190625
14 0.28828125 0.31328125 0.1375 0.18125
13 0.1875 0.33515625 0.1390625 0.175
9 0.08203125 0.35625 0.146875 0.1875
5 0.20078125 0.6703125 0.1328125 0.096875
7 0.44765625 0.6140625 0.134375 0.1015625
31 0.4921875 0.72734375 0.1265625 0.096875
24 0.39921875 0.74296875 0.09375 0.0953125
23 0.3140625 0.75390625 0.109375 0.1140625
27 0.515625 0.9109375 0.125 0.0890625
25 0.4015625 0.9359375 0.1296875 0.090625
25 0.2875 0.9578125 0.128125 0.084375
18 0.225 0.77421875 0.10625 0.115625
18 0.3234375 0.621875 0.1390625 0.121875
40 0.37421875 0.48125 0.0625 0.1046875
41 0.3328125 0.4890625 0.0609375 0.1046875
42 0.290625 0.49921875 0.0640625 0.10625
35 0.24609375 0.5109375 0.0671875 0.10625
33 0.203125 0.51953125 0.0734375 0.109375
37 0.1609375 0.53046875 0.0703125 0.10625
32 0.11796875 0.53828125 0.0734375 0.10625