19 0.73046875 0.1890625 0.1109375 0.146875
19 0.6234375 0.19453125 0.1046875 0.1515625
20 0.5265625 0.20234375 0.0984375 0.1421875
20 0.43203125 0.2015625 0.1015625 0.1453125
8 0.33671875 0.203125 0.1109375 0.15
9 0.23359375 0.2046875 0.109375 0.1515625
10 0.12734375 0.2078125 0.1046875 0.1546875
11 0.0421875 0.21171875 0.084375 0.1515625
13 0.7171875 0.340625 0.0953125 0.134375
13 0.625 0.34921875 0.0921875 0.1296875
13 0.53828125 0.35078125 0.0953125 0.1328125
14 0.4453125 0.3578125 0.0984375 0.1296875
14 0.35234375 0.3625 0.096875 0.1328125
14 0.253125 0.365625 0.10625 0.1328125
3 0.1734375 0.3828125 0.078125 0.103125
3 0.10078125 0.38515625 0.075 0.1
2 0.0359375 0.38984375 0.071875 0.0984375
0 0.24453125 0.4984375 0.084375 0.0828125
1 0.340625 0.5 0.1140625 0.0734375
28 0.42890625 0.4875 0.075 0.084375
29 0.5171875 0.49140625 0.109375 0.0703125
4 0.609375 0.47890625 0.0765625 0.084375
5 0.70234375 0.48046875 0.1109375 0.0703125
15 0.259375 0.59765625 0.0875 0.0828125
23 0.33984375 0.5921875 0.0875 0.0828125
24 0.26484375 0.70703125 0.075 0.08125
24 0.33359375 0.70234375 0.0703125 0.08125
24 0.403125 0.69609375 0.06875 0.0828125
26 0.45859375 0.69765625 0.04375 0.06875
30 0.51015625 0.68984375 0.0703125 0.08125
12 0.57734375 0.68671875 0.0671875 0.078125
16 0.64296875 0.6796875 0.071875 0.078125
6 0.71171875 0.67421875 0.075 0.0859375
27 0.11640625 0.88671875 0.109375 0.0640625
27 0.11640625 0.94765625 0.1109375 0.059375
25 0.2234375 0.9359375 0.10625 0.0640625
25 0.32734375 0.928125 0.1078125 0.0625
25 0.32734375 0.8625 0.1046875 0.0609375
25 0.4296875 0.86328125 0.10625 0.059375
25 0.43046875 0.91796875 0.1015625 0.0609375
31 0.5328125 0.8515625 0.1015625 0.059375
31 0.53203125 0.9046875 0.096875 0.053125
31 0.53046875 0.790625 0.1 0.0625
17 0.6296875 0.896875 0.1 0.059375
17 0.63046875 0.84453125 0.1015625 0.0578125
17 0.634375 0.78125 0.103125 0.059375
7 0.7265625 0.8890625 0.0984375 0.0578125
7 0.73125 0.8359375 0.1015625 0.0578125
42 0.725 0.565625 0.0375 0.0796875
41 0.68671875 0.56875 0.0375 0.078125
38 0.6691845015625 0.6063197640625 0.6642664328125 0.530618709375 0.63362523125 0.5332943890624999 0.6360181921875 0.6084145515625 0.6691845015625 0.6063197640625
39 0.61640625 0.57265625 0.0375 0.0765625
33 0.58046875 0.57265625 0.0390625 0.08125
35 0.54296875 0.57578125 0.0390625 0.0828125
36 0.40546875 0.58359375 0.05625 0.0828125