11 0.198564003125 0.19586649375 0.2288457 0.1019277640625 0.102925028125 0.0688341109375 0.07655680468750001 0.1616401296875 0.198564003125 0.19586649375
8 0.5471013390625 0.293860659375 0.5763140859375 0.191195071875 0.4613942765625 0.1620098890625 0.43265794218750003 0.26319564375 0.5471013390625 0.293860659375
20 0.6691085390625 0.328087025 0.699719171875 0.22656329843749998 0.58040473125 0.1948572328125 0.54869080625 0.29428655625 0.6691085390625 0.328087025
20 0.7821544140625 0.357610271875 0.8195612984375 0.2625114671875 0.70465875 0.23198535312500002 0.670889953125 0.32779705 0.7821544140625 0.357610271875
19 0.9117254234375001 0.39539795624999996 0.9555176 0.28282727812499997 0.8314785640625001 0.25158778593750003 0.7883204609375001 0.3600297625 0.9117254234375001 0.39539795624999996
19 1 0.2937222734375 0.96758726875 0.2842236453125 0.9178917046875 0.39781753750000004 1 0.42087879375000004 1 0.2937222734375
10 0.314021503125 0.22910517187499999 0.338712521875 0.1305991609375 0.2323522859375 0.10255545156250001 0.1995779875 0.1984401234375 0.314021503125 0.22910517187499999
9 0.43126030000000004 0.2620538453125 0.4567185078125 0.160684165625 0.340156671875 0.1295243703125 0.3150354890625 0.23167880312500003 0.43126030000000004 0.2620538453125
13 1 0.44382667343750004 0.914541928125 0.41859149375 0.8762759687499999 0.5086230234375 0.99529605625 0.5412816921875 1 0.522424128125 1 0.44382667343750004
13 0.8750702718750001 0.5067653546875001 0.917492228125 0.41838153437500003 0.79378361875 0.384317225 0.7588454609374999 0.47639031249999997 0.8750702718750001 0.5067653546875001
13 0.7576395296875 0.47453255156249996 0.7922511296875 0.37715014999999996 0.67970675625 0.348957475 0.6463750703125 0.44471932968749994 0.7576395296875 0.47453255156249996
14 0.6489787640625 0.44771892031249994 0.67843818125 0.350490628125 0.5641920109375 0.31896398125 0.5331374828125 0.41591204218750005 0.6489787640625 0.44771892031249994
14 0.5354943890625 0.413474309375 0.5604320765625 0.32040559062499996 0.446450115625 0.28933231406250004 0.4212426984375 0.3820933578125 0.5354943890625 0.413474309375
14 0.4202287125 0.379519728125 0.44300145 0.2881728484375 0.3316543125 0.2566556921875 0.3075666171875 0.34856467812499997 0.4202287125 0.379519728125
3 0.3095127453125 0.3457370484375 0.3283372703125 0.2852643078125 0.2527726625 0.2635692078125 0.22177448437499997 0.3210471640625 0.3095127453125 0.3457370484375
3 0.22392469843749999 0.3228038015625 0.24397198437499998 0.262658696875 0.1622019734375 0.24077561875 0.141857190625 0.30140411093749997 0.22392469843749999 0.3228038015625
2 0.1447452078125 0.30040723125 0.16093465 0.2350967328125 0.071392846875 0.21275650468750001 0.053043728125 0.2758358953125 0.1447452078125 0.30040723125
0 0.353680703125 0.4498909859375 0.3686896671875 0.3889861015625 0.2765708953125 0.36433007968750003 0.266237565625 0.42409969218750004 0.353680703125 0.4498909859375
1 0.4878810890625 0.487030334375 0.5061998375 0.43822689531250003 0.38003358593750003 0.4001639625 0.3599416984375 0.45097835937499997 0.4878810890625 0.487030334375
28 0.5757669062499999 0.5111695234375 0.5920408187499999 0.45532550625 0.5052147328125 0.434443525 0.48910375625 0.487357946875 0.5757669062499999 0.5111695234375
29 0.7060041671875 0.5484274421875 0.7247655 0.497971875 0.5929661640624999 0.46164333125 0.5753242265625 0.5128216265625001 0.7060041671875 0.5484274421875
4 0.7940375484375 0.572015915625 0.8152444046875 0.5222156234375 0.7294022796874999 0.496726525 0.7096722640625 0.54941030625 0.7940375484375 0.572015915625
5 0.930240584375 0.6114626171875 0.9523750796874999 0.5630913703125 0.82021140625 0.5247456390624999 0.797410525 0.5741001890625 0.930240584375 0.6114626171875
27 0 0.646543875 0.0888482578125 0.6710791625 0.10591204375 0.6285894734374999 0 0.599031734375 0 0.646543875
27 0 0.6919962875000001 0.0754750421875 0.7125115203125 0.088044390625 0.6698406578125 0 0.6465641078125001 0 0.6919962875000001
25 0.21498456093749999 0.7089695984375 0.227298128125 0.6672533281249999 0.10544756562499999 0.6308597734375 0.091899390625 0.6724082453125 0.21498456093749999 0.7089695984375
25 0.2014468953125 0.7467771109375 0.210197796875 0.7056408109375 0.09096763125 0.671647046875 0.0815406609375 0.7110675515625 0.2014468953125 0.7467771109375
25 0.336206209375 0.7440085515625 0.35144303125 0.704098615625 0.231689084375 0.6685204437500001 0.21260949375 0.7093563078125 0.336206209375 0.7440085515625
25 0.32215699999999997 0.7837251734375 0.33421480312499996 0.7429634218750001 0.2137207734375 0.7090790625000001 0.201319003125 0.747254415625 0.32215699999999997 0.7837251734375
25 0.35144303125 0.704098615625 0.3647796921875 0.658564090625 0.2436714484375 0.6238016546875 0.22386342812499999 0.667356053125 0.35144303125 0.704098615625
25 0.476519678125 0.74170515625 0.49197563437499997 0.6967384937500001 0.3702324984375 0.6602698234375 0.351315146875 0.704575884375 0.476519678125 0.74170515625
25 0.46433399218750004 0.7829441765625 0.47639179374999996 0.742182425 0.3539556015625 0.7051160140625 0.3401890953125 0.746098871875 0.46433399218750004 0.7829441765625
25 0.4534270796875 0.8194104203125001 0.464589759375 0.781989640625 0.3414470609375 0.746498515625 0.3266513484375 0.7839063625 0.4534270796875 0.8194104203125001
31 0.6039714765624999 0.778925009375 0.620614959375 0.733765009375 0.4966337828125 0.6973342421875001 0.4762639109375 0.7426596937500001 0.6039714765624999 0.778925009375
31 0.591657825 0.8206412765625 0.6080821734375 0.7805380015625001 0.478552590625 0.7436141515625 0.4663254 0.7839893078125 0.591657825 0.8206412765625
31 0.5750689453125 0.857119684375 0.5895385359375 0.8200734140625 0.4638733421875 0.7824978359375 0.451855890625 0.8210356000000001 0.5750689453125 0.857119684375
17 0.7371050796875 0.8161326546875 0.754004484375 0.7700181984375 0.6271698359375 0.734867509375 0.6070224468750001 0.78025405 0.7371050796875 0.8161326546875
17 0.5952204937500001 0.8200612875 0.72174045 0.8565199171875 0.7392243703125 0.8167005171874999 0.6105734093749999 0.7809062 0.5952204937500001 0.8200612875
17 0.5771883984375 0.8576875890625001 0.70065721875 0.8928171375 0.719621159375 0.8559520546874999 0.5944093953125 0.8200311031249999 0.5771883984375 0.8576875890625001
7 0.7352415578125 0.8146102562499999 0.8676080031250001 0.8546816265625001 0.8915411890625 0.8119864703124999 0.7577058875 0.7724007765625001 0.7352415578125 0.8146102562499999
7 0.7211922671875 0.8543268546875 0.84931996875 0.893262459375 0.873289971875 0.8546694625000001 0.738938753125 0.8159406515625 0.7211922671875 0.8543268546875
7 0.7011687640625001 0.890908028125 0.8334071640625 0.9314566234375 0.85301053125 0.8922051640625 0.722774740625 0.855065553125 0.7011687640625001 0.890908028125
24 0.31147013437500004 0.594722140625 0.327236615625 0.540119409375 0.244857625 0.51867469375 0.23013191718749998 0.5719045609375 0.31147013437500004 0.594722140625
24 0.39479975 0.6185848859374999 0.4116258828125 0.5642660703125 0.32716745937499997 0.5400904875 0.3102825953125 0.5949155140625 0.39479975 0.6185848859374999
24 0.4745667 0.6430276218750001 0.4945718484375 0.5895606203125 0.416948009375 0.56542523125 0.393612140625 0.6187782015625001 0.4745667 0.6430276218750001
26 0.5324277859375 0.655973740625 0.5475001515625 0.6124389781249999 0.49654184062500006 0.5969772843750001 0.47389070625 0.6413118859375 0.5324277859375 0.655973740625
30 0.6108793125 0.68108711875 0.6286372859375 0.627529521875 0.5499742984375 0.604264815625 0.53072879375 0.658076209375 0.6108793125 0.68108711875
12 0.69382535625 0.706381690625 0.715785271875 0.649857665625 0.63265054375 0.6296131468749999 0.613291015625 0.684802578125 0.69382535625 0.706381690625
16 0.7703767203125 0.725870496875 0.7922089125 0.6698237859375 0.7182494421875 0.6493540046875 0.6951406890625 0.7057110625 0.7703767203125 0.725870496875
6 0.8658741515624999 0.7509473843750001 0.892328578125 0.694604590625 0.7990745109375 0.671011015625 0.7743595359375 0.7279607578125 0.8658741515624999 0.7509473843750001
15 0.34323323906250003 0.527044240625 0.36663662656249996 0.46937233125000005 0.2657868203125 0.44056587656249996 0.24095765937500002 0.49759336562499995 0.34323323906250003 0.527044240625
23 0.44826764218750004 0.55467655 0.46399757187499996 0.49597165312499997 0.369982615625 0.47040223281250004 0.34548050468749997 0.52713481875 0.44826764218750004 0.55467655
36 0.5090886140625 0.5735311921874999 0.52944078125 0.514530196875 0.4658619921875 0.49417585781250006 0.44483285781250004 0.554779271875 0.5090886140625 0.5735311921874999
34 0.5761755078124999 0.592337690625 0.5940705140625 0.531910984375 0.5346734046875 0.5151381046875 0.5159666453125 0.57543744375 0.5761755078124999 0.592337690625
33 0.623764365625 0.6054727390625 0.642070384375 0.5466907953125 0.5969202375 0.5332549765625 0.5777650999999999 0.5927636203125 0.623764365625 0.6054727390625
35 0.6689690781250001 0.61796895625 0.69124870625 0.5602517375 0.6466077796875 0.5465687140625 0.624655071875 0.60532775 0.6689690781250001 0.61796895625
37 0.71557130625 0.631606965625 0.7372480921875 0.5729609 0.6930744234375 0.5599780015625 0.6712573078124999 0.6189657359375 0.71557130625 0.631606965625
39 0.7614747828125 0.6446740671875 0.7848369484375 0.586095946875 0.737433740625 0.573301928125 0.71547539375 0.6319649171874999 0.7614747828125 0.6446740671875
38 0.8080770109375001 0.6583120796874999 0.8348100625000001 0.59986986875 0.7871212828124999 0.5866156640625 0.7631601625 0.6447420125 0.8080770109375001 0.6583120796874999
39 0.85229510625 0.671311234375 0.8785211015625001 0.61158220625 0.836569178125 0.600823778125 0.8094746531249999 0.659453878125 0.85229510625 0.671311234375
42 0.8995687374999999 0.6824435328125 0.9222046609375001 0.620217915625 0.879145478125 0.6088770015625 0.8559536124999999 0.6703732437500001 0.8995687374999999 0.6824435328125