11 0.27890625 0.12109375 0.0921875 0.14375
10 0.3375 0.10234375 0.0828125 0.14375
9 0.3690958125 0.1629240515625 0.4262728296875 0.1496584109375 0.40635231093749996 0.023885203125 0.34966020000000003 0.0328643515625 0.3690958125 0.1629240515625
8 0.45 0.0734375 0.115625 0.146875
20 0.53046875 0.06328125 0.1015625 0.1265625
20 0.5570939312500001 0 0.5733247718750001 0.10247749843750001 0.6589731890625 0.081117309375 0.6504200250000001 0 0.5570939312500001 0
21 0.70234375 0.040625 0.1296875 0.08125
13 0.8515625 0.153125 0.1640625 0.1953125
13 0.73125 0.171875 0.1328125 0.178125
13 0.63671875 0.190625 0.121875 0.165625
14 0.5625 0.2125 0.0875 0.1390625
14 0.49921875 0.22578125 0.08125 0.1296875
14 0.44140625 0.23828125 0.0734375 0.128125
3 0.378125 0.2625 0.08125 0.1
3 0.33046875 0.27578125 0.05 0.0828125
0 0.42578125 0.3671875 0.0484375 0.0765625
1 0.47890625 0.36875 0.0859375 0.0828125
28 0.55078125 0.3546875 0.0828125 0.1046875
29 0.6375 0.35390625 0.1078125 0.0921875
6 0.71796875 0.3375 0.090625 0.1234375
5 0.8203125 0.34140625 0.14375 0.1140625
23 0.49296875 0.47109375 0.078125 0.1046875
36 0.575084640625 0.4222143171875 0.5315875546875 0.42661664374999997 0.541701415625 0.5079126109375001 0.5850769375 0.5094576765625 0.575084640625 0.4222143171875
34 0.6156044125 0.41994151874999996 0.5735959953124999 0.4232790796875 0.5845424046875001 0.5098315375 0.628222421875 0.5097721828124999 0.6156044125 0.41994151874999996
35 0.648232675 0.4201620609375 0.6149749015625 0.4229426421875 0.6277942046875 0.5108563921875 0.663687328125 0.5113031734375 0.648232675 0.4201620609375
33 0.694768984375 0.5151702375 0.6911002515625 0.41876085625000004 0.6549557687500001 0.42075517968750004 0.660422471875 0.511076953125 0.694768984375 0.5151702375
37 0.6891367203125001 0.4203153171875 0.6947049453125 0.5147659171875001 0.7325942203125 0.5133242124999999 0.7223304796875001 0.41713039375000005 0.6891367203125001 0.4203153171875
41 0.7736284359375001 0.41315048125000003 0.7407174375000001 0.41463266875000004 0.7424383703124999 0.502231815625 0.7680172296875 0.5028593781249999 0.7736284359375001 0.41315048125000003
40 0.770085675 0.41868546875 0.765387996875 0.5180779281250001 0.8086167390625001 0.518494859375 0.804293196875 0.41492549843750004 0.770085675 0.41868546875
44 0.807718784375 0.4156264046875 0.810192490625 0.518442396875 0.85202240625 0.5178357984375 0.8505222937499999 0.41382086406249996 0.807718784375 0.4156264046875
45 0.8492898156249999 0.41650300625 0.8524039437500001 0.523362465625 0.8959361953125 0.52300119375 0.8929790046875 0.41331371875 0.8492898156249999 0.41650300625
24 0.46171875 0.56171875 0.059375 0.08125
24 0.50625 0.56484375 0.053125 0.08125
24 0.5515625 0.57109375 0.059375 0.0875
26 0.59609375 0.56953125 0.0515625 0.084375
30 0.64140625 0.5765625 0.0703125 0.096875
12 0.703125 0.58359375 0.0859375 0.103125
16 0.771875 0.58671875 0.0859375 0.109375
6 0.85703125 0.59921875 0.10625 0.1203125
7 0.77853518125 0.6917713078125 0.7880508640625 0.755338975 0.9052144640625001 0.7765730375000001 0.898574534375 0.7067470609375001 0.77853518125 0.6917713078125
7 0.9221083796875 0.7855760046875 0.7964394703125001 0.7594717156249999 0.7996803546875 0.8252766781249999 0.9251571890625 0.8501679234375 0.9221083796875 0.7855760046875
7 0.8005394890625 0.8272130375 0.8000345781249999 0.8902953765625 0.9162701828125 0.926598028125 0.911567240625 0.8585376953124999 0.8005394890625 0.8272130375
17 0.675341409375 0.67502949375 0.6845743578125 0.740299890625 0.7834415796875 0.7611158953125 0.7737603140625 0.6930150875 0.675341409375 0.67502949375
17 0.7961567125 0.7611744671875 0.6924393203125 0.741126634375 0.699724440625 0.797586784375 0.8002192812500001 0.8251913203125 0.7961567125 0.7611744671875
17 0.7014692546875 0.7981393984375 0.7065346984375 0.8545366062499999 0.8006889328125 0.8818162859375 0.8000271546875 0.823978284375 0.7014692546875 0.7981393984375
31 0.5831175828124999 0.6647669671875 0.5951248109375 0.7196502125 0.6765839703125 0.7392422453124999 0.6663720515625 0.6776935671875 0.5831175828124999 0.6647669671875
31 0.6035661515624999 0.7241160796874999 0.6149704375 0.7786803484375 0.6988152921874999 0.7984999390625 0.692183153125 0.7395092578125 0.6035661515624999 0.7241160796874999
31 0.7079593015625 0.85306750625 0.7042918984375001 0.79852131875 0.6174728484374999 0.7770405390625 0.62458248125 0.8295259984375001 0.7079593015625 0.85306750625
25 0.618742803125 0.778082865625 0.5368754609375 0.759962696875 0.5457289453125 0.805397696875 0.625767271875 0.8265412718749999 0.618742803125 0.778082865625
25 0.514949153125 0.708722909375 0.533103096875 0.7605601796875 0.6110059234375 0.7780648 0.5910697140625001 0.7219504359375 0.514949153125 0.708722909375
25 0.590560815625 0.65944318125 0.5120284546875 0.644939690625 0.5236889078125 0.70112133125 0.59311140625 0.7145471 0.590560815625 0.65944318125
25 0.5200106171875001 0.6395305515625 0.44976492187500006 0.6320043671875 0.4611691953125 0.6865686281250001 0.5252758625 0.6970096609375 0.5200106171875001 0.6395305515625
25 0.523881034375 0.70233436875 0.4580638171875 0.6878894468750001 0.46464447187499996 0.7399017765625 0.533022621875 0.7563859796875 0.523881034375 0.70233436875
25 0.5383000640625 0.7584935921875 0.46800602031249994 0.74019834375 0.4762940265625 0.789038828125 0.546440996875 0.8070943515625 0.5383000640625 0.7584935921875
27 0.390493696875 0.6720848687500001 0.336249753125 0.657464878125 0.34326781875 0.7052630421875 0.39932471718749996 0.7206877953124999 0.390493696875 0.6720848687500001
27 0.3993846359375 0.7212443578125 0.343395903125 0.706071740625 0.3532631640625 0.75093169375 0.4041780859375 0.76964486875 0.3993846359375 0.7212443578125