19 0.57421875 0.25390625 0.15 0.1609375
14 0.703125 0.275 0.1515625 0.1625
13 0.83671875 0.3015625 0.153125 0.1671875
9 0.94375 0.32734375 0.1125 0.1578125
7 0.565625 0.56875 0.15 0.09375
29 0.703125 0.5953125 0.15 0.090625
31 0.53203125 0.66875 0.140625 0.0890625
24 0.64140625 0.68515625 0.0984375 0.090625
27 0.50234375 0.8375 0.14375 0.0828125
27 0.51484375 0.78125 0.14375 0.0828125
25 0.63515625 0.8640625 0.1453125 0.0828125
25 0.6515625 0.80625 0.1453125 0.084375
39 0.53203125 0.42734375 0.0703125 0.096875
38 0.5875 0.4375 0.065625 0.096875
40 0.6390625 0.446875 0.0625 0.0953125
41 0.68984375 0.45625 0.0640625 0.0953125
42 0.7390625 0.465625 0.0625 0.0953125
35 0.7890625 0.475 0.0640625 0.0953125
33 0.84140625 0.48515625 0.0640625 0.096875
37 0.89375 0.49609375 0.0671875 0.0984375
32 0.94375 0.50546875 0.065625 0.0984375