13 0.784375 0.24140625 0.175 0.15
14 0.61640625 0.2578125 0.15625 0.134375
14 0.46875 0.26953125 0.1515625 0.1328125
14 0.33125 0.27421875 0.1265625 0.125
19 0.20234375 0.28359375 0.1375 0.121875
19 0.071875 0.2890625 0.14375 0.125
2 0.18203125 0.4234375 0.0828125 0.084375
3 0.27421875 0.4203125 0.1015625 0.0875
3 0.36015625 0.41640625 0.084375 0.0875
9 0.759375 0.39609375 0.1515625 0.1171875
8 0.9171875 0.38984375 0.1609375 0.1171875
11 0.47109375 0.40703125 0.146875 0.109375
5 0.89296875 0.52578125 0.190625 0.078125
4 0.7375 0.51640625 0.1140625 0.0890625
29 0.59296875 0.5265625 0.171875 0.0734375
28 0.45625 0.51796875 0.1078125 0.0828125
1 0.32421875 0.528125 0.1546875 0.06875
0 0.21015625 0.52265625 0.0828125 0.075
23 0.34453125 0.615625 0.1234375 0.08125
15 0.22890625 0.61328125 0.1125 0.078125
6 0.9453125 0.73359375 0.109375 0.0828125
16 0.82734375 0.7296875 0.1140625 0.084375
12 0.71171875 0.7234375 0.1140625 0.08125
30 0.596875 0.71953125 0.1109375 0.0828125
24 0.2390625 0.70390625 0.0921875 0.0765625
24 0.3296875 0.70859375 0.0953125 0.0765625
24 0.42578125 0.7109375 0.1 0.0796875
26 0.509375 0.7203125 0.0671875 0.06875
25 0.0741408203125 0.8374377859375001 0.20542082968750003 0.8466969484375 0.2046477859375 0.7938217375 0.074513090625 0.78366405625 0.0741408203125 0.8374377859375001
25 0.0867587703125 0.8913825796875001 0.219128115625 0.9010981265625 0.2131325671875 0.8523606109375 0.085965159375 0.842559521875 0.0867587703125 0.8913825796875001
25 0.3487010265625 0.8614700187500001 0.34147810624999997 0.8083256359375 0.20528030312499998 0.8000980125 0.21740368906250002 0.8517170343749999 0.3487010265625 0.8614700187500001
25 0.3612500015625 0.9134395796874999 0.3561885078125 0.8607141437499999 0.22183611875000003 0.8514033281250001 0.2298491984375 0.9007237390625 0.3612500015625 0.9134395796874999
25 0.5046568031249999 0.8703619093749999 0.4931281875 0.8168734625 0.351854234375 0.8079504015625 0.3582982828125 0.8596516218750001 0.5046568031249999 0.8703619093749999
25 0.503423534375 0.927262484375 0.5004200859375 0.8719930765624999 0.3617287671875 0.8601066921875 0.362322090625 0.9134021421874999 0.503423534375 0.927262484375
31 0.658744303125 0.8872296468749999 0.6544273453125 0.8250843718749999 0.49847125 0.81703660625 0.501647375 0.8763999437500001 0.658744303125 0.8872296468749999
31 0.6564216187499999 0.9436738578125 0.6556141671875 0.88981101875 0.503242040625 0.8767830484375001 0.5078154500000001 0.9300755875 0.6564216187499999 0.9436738578125
17 0.8211094890625 0.95671050625 0.8202158171875 0.9003786125 0.6606266578125 0.8867285609375 0.6627681125 0.94098016875 0.8211094890625 0.95671050625
17 0.8357456265625001 0.8840150953125001 0.8347138390625 0.8237327609375 0.6714040703124999 0.810997659375 0.6721126828124999 0.8704471640625 0.8357456265625001 0.8840150953125001
7 1 0.9121975375 0.8221622265624999 0.90023508125 0.8318731609375 0.9575557046875 1 0.9735372859375 1 0.9121975375
7 1 0.8211615890624999 0.8459359671875 0.81231479375 0.8458367718750001 0.865601659375 1 0.8749417296875001 1 0.8211615890624999
36 0.48556356562499997 0.6539209421875001 0.487429675 0.5792817718750001 0.41777407968749997 0.577608278125 0.41842747031250005 0.65255725 0.48556356562499997 0.6539209421875001
34 0.5652507140624999 0.6560823078125 0.5616843765625 0.5795728062500001 0.4894144734375 0.5792242765625 0.493661871875 0.6552861609375 0.5652507140624999 0.6560823078125
33 0.620757978125 0.6574400515625001 0.61808511875 0.5808993484375 0.564334465625 0.5786668796875001 0.567916575 0.6555772078125 0.620757978125 0.6574400515625001
35 0.683470065625 0.660194215625 0.6798318765625 0.58162716875 0.6236504453125 0.5796838203125 0.6252394640625 0.657695559375 0.683470065625 0.660194215625
37 0.7398849703125 0.6619322671875 0.739777446875 0.5820058968749999 0.681867240625 0.5812538625 0.6834556953125001 0.6597827125 0.7398849703125 0.6619322671875
39 0.7989803109375 0.66357671875 0.80332553125 0.5830828343750001 0.744516678125 0.58163968125 0.7452886765625 0.6629795796875 0.7989803109375 0.66357671875
38 0.862672096875 0.6687687296875 0.871311859375 0.5831807578125 0.8105354796875 0.5824225546874999 0.8044414984375001 0.6662700734375 0.862672096875 0.6687687296875
41 0.9279206484375001 0.667314240625 0.9312575656250001 0.5835594828125 0.87318491875 0.582808371875 0.8715201109375 0.665987690625 0.9279206484375001 0.667314240625
42 0.9977514125000001 0.66899580625 0.9974714453125 0.5841313218749999 0.9380865859374999 0.58363025625 0.9359328 0.666210409375 0.9977514125000001 0.66899580625