13 0.19609375 0.07265625 0.1265625 0.1453125
13 0.3140625 0.07421875 0.115625 0.1484375
14 0.43046875 0.07265625 0.1078125 0.1453125
14 0.54765625 0.07734375 0.1125 0.1546875
21 0.659375 0.08046875 0.103125 0.1578125
19 0.77578125 0.08203125 0.128125 0.15625
20 0.9015625 0.08515625 0.115625 0.1578125
23 0.178125 0.2359375 0.096875 0.1171875
15 0.275 0.2390625 0.1078125 0.11875
8 0.38515625 0.2359375 0.1203125 0.140625
9 0.4984375 0.24140625 0.103125 0.1296875
10 0.6078125 0.24296875 0.1140625 0.140625
11 0.71953125 0.24609375 0.1046875 0.1328125
3 0.80546875 0.26015625 0.08125 0.1046875
2 0.88515625 0.26640625 0.0765625 0.0984375
1 0.63828125 0.41015625 0.1140625 0.0828125
28 0.53984375 0.4015625 0.084375 0.090625
29 0.43828125 0.40546875 0.11875 0.08125
4 0.334375 0.39453125 0.0875 0.1015625
5 0.23046875 0.3984375 0.1296875 0.084375
12 0.2078125 0.50859375 0.0828125 0.09375
24 0.65 0.6453125 0.0734375 0.0765625
24 0.57734375 0.64296875 0.0734375 0.078125
24 0.50078125 0.640625 0.075 0.0796875
26 0.43828125 0.64296875 0.0515625 0.0765625
30 0.3734375 0.6375 0.071875 0.0828125
16 0.29453125 0.63828125 0.08125 0.0796875
6 0.2171875 0.63515625 0.0796875 0.0875
7 0.2265625 0.76640625 0.121875 0.0671875
7 0.225 0.83125 0.11875 0.06875
7 0.23203125 0.89296875 0.1078125 0.0578125
17 0.3375 0.83671875 0.11875 0.065625
17 0.3421875 0.89609375 0.1140625 0.0625
31 0.45546875 0.83828125 0.109375 0.0640625
31 0.45625 0.89765625 0.109375 0.0609375
31 0.45703125 0.76328125 0.109375 0.0625
25 0.57109375 0.78046875 0.1140625 0.065625
25 0.57265625 0.84453125 0.1125 0.0609375
25 0.56953125 0.903125 0.109375 0.0609375
27 0.79453125 0.9109375 0.1140625 0.0671875
34 0.60703125 0.5125 0.05625 0.0921875
33 0.55703125 0.51171875 0.0390625 0.0921875
35 0.51640625 0.51171875 0.040625 0.0921875
37 0.475 0.51015625 0.040625 0.0921875
18 0.434375 0.50546875 0.040625 0.078125
38 0.39375 0.509375 0.0390625 0.0921875
41 0.353125 0.5078125 0.0390625 0.0953125
42 0.31171875 0.5078125 0.0421875 0.0921875
41 0.2703125 0.50546875 0.0421875 0.0953125