21 0.415625 0.33828125 0.1140625 0.153125
14 0.31171875 0.32734375 0.1140625 0.15625
13 0.209375 0.32265625 0.1046875 0.1390625
9 0.09921875 0.3109375 0.1265625 0.153125
5 0.14921875 0.6078125 0.1234375 0.075
29 0.26640625 0.615625 0.1125 0.0734375
7 0.3765625 0.62421875 0.1140625 0.0734375
31 0.37578125 0.7453125 0.109375 0.0671875
24 0.28984375 0.73359375 0.0734375 0.08125
23 0.2140625 0.72265625 0.0921875 0.0984375
15 0.12734375 0.71328125 0.0890625 0.1046875
25 0.1265625 0.84375 0.11875 0.06875
25 0.125 0.9 0.11875 0.0640625
25 0.24296875 0.90703125 0.1171875 0.0578125
25 0.246875 0.853125 0.1171875 0.0640625
27 0.3578125 0.89921875 0.10625 0.059375
27 0.36484375 0.8484375 0.109375 0.0640625
39 0.4328125 0.48828125 0.04375 0.09375
38 0.39375 0.48515625 0.04375 0.0921875
40 0.35 0.48203125 0.0453125 0.09375
41 0.3078125 0.47890625 0.04375 0.096875
42 0.28356015156250003 0.5214465374999999 0.28418688593749997 0.429217659375 0.24587021406249998 0.426538296875 0.2458598234375 0.519356265625 0.28356015156250003 0.5214465374999999
35 0.24284873906249999 0.5207836859375 0.2457242859375 0.427620078125 0.20675005624999998 0.42380274843750004 0.20240328124999998 0.5163174890625 0.24284873906249999 0.5207836859375
33 0.20099272343750002 0.515672859375 0.2031439953125 0.42245860312500005 0.164007659375 0.42081390937499996 0.160395290625 0.513380003125 0.20099272343750002 0.515672859375
37 0.15684990000000001 0.5120401 0.15884919687500001 0.4209991875 0.11695657343750002 0.4169777859375 0.11690075468750001 0.5108845609375 0.15684990000000001 0.5120401
32 0.113355365625 0.509544659375 0.11260953437500001 0.41612781718749997 0.0720788296875 0.413293634375 0.0742824703125 0.5062664234375001 0.113355365625 0.509544659375