21 0.5625 0.271875 0.1234375 0.1515625
14 0.4640625 0.2625 0.1078125 0.1484375
13 0.36015625 0.2453125 0.1328125 0.1640625
7 0.50859375 0.57890625 0.11875 0.0828125
29 0.396875 0.565625 0.1203125 0.084375
5 0.28359375 0.55390625 0.1203125 0.08125
31 0.5078125 0.6984375 0.1140625 0.0765625
24 0.41875 0.68359375 0.08125 0.08125
23 0.33203125 0.66796875 0.096875 0.0953125
27 0.48671875 0.89140625 0.1125 0.0703125
27 0.49296875 0.8296875 0.1171875 0.0765625
25 0.3640625 0.86484375 0.1125 0.0734375
25 0.2546875 0.85546875 0.1140625 0.0734375
38 0.52734375 0.440625 0.0515625 0.1
40 0.5012046859375 0.484988625 0.506786665625 0.3888877625 0.47085794375 0.38505931875 0.46278003125 0.4814367703125 0.5012046859375 0.484988625
41 0.45978786875 0.48048632968750005 0.4659944703125 0.385628259375 0.42838336874999994 0.3827593453125 0.4238012859375 0.47606773281250003 0.45978786875 0.48048632968750005
42 0.41913672812499997 0.476078046875 0.4231168375 0.380363546875 0.386402478125 0.376438640625 0.38154827343750003 0.4720458140625 0.41913672812499997 0.476078046875
35 0.3793217828125 0.47118938593750004 0.3812768640625 0.37930759375 0.344764284375 0.37365831250000003 0.3416628015625 0.46773154375 0.3793217828125 0.47118938593750004
18 0.24453125 0.4 0.05 0.090625
18 0.2859375 0.40546875 0.0484375 0.0890625
18 0.32421875 0.41015625 0.0453125 0.0875