19 0.57734375 0.275 0.1546875 0.1984375
14 0.68515625 0.30859375 0.14375 0.18125
13 0.7890625 0.33359375 0.1515625 0.184375
9 0.8953125 0.3546875 0.1515625 0.1921875
7 0.53203125 0.60859375 0.125 0.0953125
29 0.64140625 0.63515625 0.125 0.09375
5 0.75078125 0.66015625 0.128125 0.09375
31 0.4828125 0.7109375 0.115625 0.0828125
24 0.5671875 0.71953125 0.078125 0.0828125
23 0.6375 0.73125 0.1 0.0953125
15 0.72109375 0.7515625 0.10625 0.1046875
27 0.46171875 0.81015625 0.1125 0.075
27 0.44765625 0.86484375 0.1078125 0.0671875
25 0.54921875 0.88671875 0.1109375 0.075
25 0.56328125 0.8359375 0.115625 0.078125
38 0.5484375 0.46875 0.065625 0.1078125
39 0.5046875 0.45625 0.065625 0.109375
40 0.5959123578125001 0.5292814156250001 0.6239522734375 0.43547758593749997 0.5854212000000001 0.4246778703125 0.557598475 0.5203251125 0.5959123578125001 0.5292814156250001
41 0.6355832593749999 0.53917248125 0.667516003125 0.445742821875 0.6306116562499999 0.434752275 0.597409375 0.5296546640625001 0.6355832593749999 0.53917248125
35 0.7180590890625 0.5591395968749999 0.747905296875 0.4645932859375 0.7093449484375001 0.45378627031249996 0.6792766984374999 0.5488736421875 0.7180590890625 0.5591395968749999
18 0.83046875 0.52578125 0.05625 0.09375
18 0.790625 0.515625 0.05625 0.09375
18 0.75234375 0.50703125 0.0546875 0.0921875
18 0.675 0.48984375 0.0609375 0.09375