13 0.2703125 0.14140625 0.1484375 0.18125
14 0.378125 0.16484375 0.1390625 0.1828125
21 0.48671875 0.18828125 0.146875 0.1859375
5 0.15703125 0.47109375 0.1421875 0.103125
29 0.28203125 0.49765625 0.1359375 0.0984375
7 0.40390625 0.52578125 0.1359375 0.1
31 0.38203125 0.65234375 0.1296875 0.0953125
24 0.28515625 0.6203125 0.103125 0.1078125
15 0.1265625 0.57890625 0.1203125 0.125
18 0.2109375 0.6015625 0.09375 0.10625
25 0.09921875 0.79296875 0.13125 0.0875
25 0.21328125 0.81875 0.128125 0.0859375
27 0.34296875 0.84609375 0.128125 0.0890625
39 0.47734375 0.3859375 0.0609375 0.1078125
38 0.43203125 0.37578125 0.0640625 0.109375
40 0.3984401796875 0.42146560624999996 0.41239978437499997 0.31710886562499996 0.372998103125 0.31062473281249997 0.3570911671875 0.412462778125 0.3984401796875 0.42146560624999996
41 0.355029646875 0.41198683750000004 0.370125384375 0.3089790421875 0.3322012578125 0.2991697203125 0.31448682968749997 0.4026267921875 0.355029646875 0.41198683750000004
42 0.311289171875 0.4008019296875 0.3253404890625 0.2991829765625 0.2890908375 0.2898956703125 0.2705081828125 0.3924735203125 0.311289171875 0.4008019296875
33 0.22527431718750002 0.3814871171875 0.24058084218750003 0.2807013375 0.19599613437500002 0.2697606078125 0.18267003125 0.3716511421875 0.22527431718750002 0.3814871171875
37 0.18129566875 0.3713338453125 0.19143478281249998 0.2709850640625 0.15217525781250002 0.2596437609375 0.1385722921875 0.3620137203125 0.18129566875 0.3713338453125
32 0.135704528125 0.36189496875 0.1487387421875 0.2584112515625 0.10704881718749999 0.2512618203125 0.09310024375 0.3520589953125 0.135704528125 0.36189496875
18 0.27097499062499997 0.37791138750000003 0.285484828125 0.289981571875 0.244113175 0.2808693015625 0.23100025156249998 0.3692257734375 0.27097499062499997 0.37791138750000003