11 0.07265625 0.19296875 0.1453125 0.1765625
10 0.18203125 0.16484375 0.134375 0.1671875
9 0.28125 0.13828125 0.1453125 0.178125
8 0.38828125 0.1109375 0.140625 0.1765625
20 0.48984375 0.08671875 0.128125 0.16875
20 0.5875 0.07421875 0.134375 0.1484375
21 0.68828125 0.0609375 0.1328125 0.121875
21 0.79453125 0.0484375 0.1484375 0.096875
14 0.52734375 0.2546875 0.125 0.15
14 0.43125 0.27890625 0.125 0.146875
14 0.33671875 0.3015625 0.125 0.1515625
3 0.25 0.340625 0.0984375 0.1171875
3 0.18046875 0.35546875 0.0921875 0.1109375
2 0.1140625 0.37265625 0.0921875 0.1171875
0 0.33984375 0.446875 0.0921875 0.103125
1 0.4328125 0.4296875 0.1265625 0.1
28 0.5203125 0.3984375 0.09375 0.109375
29 0.6125 0.384375 0.128125 0.1015625
4 0.70546875 0.3484375 0.096875 0.1078125
5 0.80546875 0.33359375 0.134375 0.1046875
15 0.365625 0.5578125 0.1078125 0.115625
23 0.45390625 0.5375 0.1078125 0.1125
24 0.39296875 0.68359375 0.0921875 0.0953125
24 0.4625 0.6671875 0.0875 0.0984375
24 0.528125 0.64609375 0.0828125 0.096875
26 0.584375 0.63984375 0.0609375 0.08125
30 0.63828125 0.6234375 0.0828125 0.090625
12 0.71328125 0.6046875 0.084375 0.0984375
16 0.7796875 0.58203125 0.084375 0.0953125
6 0.8546875 0.5609375 0.0953125 0.1
27 0.28359375 0.9609375 0.1171875 0.078125
27 0.26796875 0.909375 0.1265625 0.090625
25 0.3875 0.9359375 0.1140625 0.08125
25 0.38046875 0.88046875 0.1203125 0.090625
25 0.50234375 0.91640625 0.1171875 0.0828125
25 0.49140625 0.85703125 0.11875 0.0890625
25 0.61015625 0.8828125 0.1125 0.0828125
25 0.596875 0.8234375 0.11875 0.0875
31 0.71484375 0.8515625 0.115625 0.0859375
31 0.70546875 0.79375 0.115625 0.0828125
31 0.69453125 0.7328125 0.121875 0.0921875
17 0.825 0.828125 0.11875 0.0890625
17 0.8109375 0.7671875 0.115625 0.0859375
17 0.7984375 0.7046875 0.121875 0.0890625
7 0.92578125 0.80078125 0.115625 0.084375
7 0.91328125 0.73828125 0.121875 0.0890625
33 0.628125 0.49140625 0.0609375 0.096875
35 0.66640625 0.4828125 0.059375 0.096875
37 0.70234375 0.47265625 0.059375 0.096875
39 0.7677310421875 0.503151453125 0.7527154765625 0.4173071390625 0.7146005484375 0.426321765625 0.7309197953125001 0.5118167625 0.7677310421875 0.503151453125
38 0.8066279203125 0.493328184375 0.7925072703125 0.4078431953125 0.753656390625 0.417055021875 0.768476178125 0.50295179375 0.8066279203125 0.493328184375
41 0.843439165625 0.48466287656249996 0.8285696187499999 0.3963829625 0.7922628953124999 0.4061113203125 0.8082679703125001 0.493487853125 0.843439165625 0.48466287656249996
42 0.8814411281250001 0.47448028124999997 0.8692563281250001 0.38727834687499996 0.8328093624999999 0.3964451640625 0.8447796593750001 0.48370457499999997 0.8814411281250001 0.47448028124999997
18 0.5796875 0.49921875 0.0703125 0.0859375
18 0.709375 0.20625 0.303125 0.203125
25 0.45 0.8 0.1234375 0.0953125