20 0.6991204640625 0.23546465625000002 0.8072370828125001 0.206702840625 0.7842772828125 0.07801382500000001 0.66968218125 0.1063707515625 0.6991204640625 0.23546465625000002
19 0.5866138109375 0.2671405515625 0.6983514125 0.23944333125 0.666691634375 0.10230976562500001 0.5536713875 0.130303109375 0.5866138109375 0.2671405515625
19 0.4872772546875 0.290074203125 0.5855723703125 0.2626295796875 0.5614910453124999 0.1437023046875 0.4566661703125 0.170753878125 0.4872772546875 0.290074203125
14 0.387940696875 0.31300785468750003 0.48665239062500004 0.28736761875 0.45198051093749997 0.1737362109375 0.3555589171875 0.20074829843750003 0.387940696875 0.31300785468750003
14 0.2630330015625 0.34944732031250003 0.35491930781250003 0.32348228749999997 0.3249098515625 0.21542644531250002 0.2332652390625 0.241335678125 0.2630330015625 0.34944732031250003
13 0.1835477390625 0.37064878437500004 0.2646352046875 0.3490774234375 0.23566718749999999 0.24553255312500002 0.148392096875 0.268532440625 0.1835477390625 0.37064878437500004
13 0.0864382484375 0.395919121875 0.18257040156249998 0.37372526562499997 0.149981403125 0.269115803125 0.0564837609375 0.29450255937500003 0.0864382484375 0.395919121875
23 0.1075394390625 0.49462822031250003 0.21328480625 0.470214978125 0.196830053125 0.3989416125 0.09650930468749999 0.42400304687499996 0.1075394390625 0.49462822031250003
18 0.2082699109375 0.47042247656249997 0.297784965625 0.4488060171875 0.27939151875 0.361825446875 0.1969279734375 0.3837145 0.2082699109375 0.47042247656249997
8 0.28838003749999996 0.45192759687499995 0.3893187984375 0.4286240484375 0.3662629296875 0.3360679125 0.2762239375 0.3616064578125 0.28838003749999996 0.45192759687499995
9 0.3875083078125 0.4280917515625 0.48823877812500005 0.40388600781250006 0.46358070781249994 0.31169976875 0.36471882187500004 0.33547411562499996 0.3875083078125 0.4280917515625
10 0.511646953125 0.3956309609375 0.607779103125 0.3734371046875 0.58994641875 0.2815756640625 0.49912745156250005 0.30349315625 0.511646953125 0.3956309609375
11 0.6045746984375 0.37417690000000003 0.7066990843750001 0.3486990625 0.6910293656250001 0.25158685625 0.5864363265625 0.2795351875 0.6045746984375 0.37417690000000003
3 0.702309053125 0.351613146875 0.7868092109375 0.3302041828125 0.775369353125 0.25872331875 0.694417084375 0.2793131859375 0.702309053125 0.351613146875
2 0.7847904328124999 0.32876969218749996 0.869707165625 0.30916511875 0.8602219859375 0.2315312921875 0.772463321875 0.25179197656249996 0.7847904328124999 0.32876969218749996
1 0.5527436234375 0.4859226125 0.6747193031250001 0.4587125875 0.6639684124999999 0.3975257625 0.5358841078125 0.42614607187500003 0.5527436234375 0.4859226125
28 0.4660163984375 0.5049948875 0.5513497093749999 0.487194703125 0.5385159374999999 0.41698593281249996 0.4506752328125 0.43726555625 0.4660163984375 0.5049948875
29 0.333241878125 0.5365985828125 0.45863025 0.5095509593750001 0.444674953125 0.4491039265625 0.32134636250000004 0.47662629531249995 0.333241878125 0.5365985828125
6 0.2519461234375 0.5572677500000001 0.33365845312500003 0.538402971875 0.3183893265625 0.46495532031250003 0.233701753125 0.4845069859375 0.2519461234375 0.5572677500000001
7 0.14857200937499998 0.57733241875 0.2527151734375 0.553289075 0.23903226718749998 0.501331690625 0.1366965390625 0.5249577546875 0.14857200937499998 0.57733241875
36 0.6407101187500001 0.570368515625 0.6982009171875 0.5570957187500001 0.6778905109375 0.48632120937499995 0.6215397671875 0.499330803125 0.6407101187500001 0.570368515625
34 0.581089334375 0.5830150796875 0.6377601828125 0.5704905734375 0.619457240625 0.4998115921875 0.5610847328124999 0.5127289578124999 0.581089334375 0.5830150796875
33 0.536670625 0.5927109578125 0.5790818671875 0.5829195515625 0.5597139328125 0.5119274546875 0.52030378125 0.5210260046874999 0.536670625 0.5927109578125
35 0.49532437500000004 0.6028154812500001 0.5357281515625 0.5929285453124999 0.5190651109375 0.520752984375 0.476817265625 0.5305066671875001 0.49532437500000004 0.6028154812500001
37 0.45467555156249995 0.6116410125 0.49532437500000004 0.6028154812500001 0.47558887343749995 0.5302312765625 0.43427344687499997 0.5397696937500001 0.45467555156249995 0.6116410125
39 0.41296173593749996 0.6201534265624999 0.45361055781250004 0.611327896875 0.4378899890625 0.53893475 0.39267232343749997 0.54881508125 0.41296173593749996 0.6201534265624999
38 0.373377909375 0.6292920734375 0.41132183749999995 0.62165000625 0.3930188984375 0.5509710234375 0.352381459375 0.5592349375000001 0.373377909375 0.6292920734375
41 0.3327290875 0.6381176046875 0.37149296718749997 0.629727246875 0.354829925 0.5575516875 0.31725668281249997 0.566226153125 0.3327290875 0.6381176046875
42 0.29523754375 0.6434192750000001 0.3331814703125 0.6357772078124999 0.3188934625 0.565289284375 0.2802465140625 0.5736526453125 0.29523754375 0.6434192750000001
40 0.2567187109375 0.6528710375 0.295360065625 0.6439499765625001 0.2747198 0.5760465671875 0.23618487031250002 0.58494305625 0.2567187109375 0.6528710375
12 0.1882858140625 0.670346984375 0.25589876093749997 0.6536193265625 0.2407436953125 0.59227540625 0.1712138484375 0.608886625 0.1882858140625 0.670346984375
24 0.6357246078125 0.6648707015624999 0.714562403125 0.649464509375 0.6985119734375 0.5799424609375 0.6265877890625 0.5943115109375 0.6357246078125 0.6648707015624999
24 0.5595917078125 0.6790934328125 0.6374870296874999 0.663904825 0.6241792015625001 0.5976625234374999 0.5492867578125 0.6121578609375 0.5595917078125 0.6790934328125
24 0.464156984375 0.7000082953125 0.53897984375 0.6844110453125001 0.52411693125 0.6157328171875001 0.44981364218750003 0.6328870828125 0.464156984375 0.7000082953125
26 0.411378546875 0.7121931578125 0.4614520890625 0.701191759375 0.446579775 0.6453724515625 0.398775490625 0.6569679296875 0.411378546875 0.7121931578125
30 0.3368007296875 0.728851815625 0.4116235921875 0.7132545640625 0.39704343125 0.6501009468750001 0.3236524515625 0.667044590625 0.3368007296875 0.728851815625
16 0.264805284375 0.7437963062499999 0.3385631515625 0.7278859375 0.31963819843749997 0.6674123640625 0.24504115781250002 0.6835164703125 0.264805284375 0.7437963062499999
18 0.20739930312500002 0.753136596875 0.263127678125 0.7408296765625 0.24952769687499998 0.6819216828125 0.200489425 0.6926840703125 0.20739930312500002 0.753136596875
27 0.8415513859375 0.7867255625 0.9671829234375 0.7633111296874999 0.95517573125 0.7113022703125 0.8289562328125 0.735411434375 0.8415513859375 0.7867255625
27 0.8544162328124999 0.8424493406250001 0.98181019375 0.81806903125 0.9670981078124999 0.767243634375 0.8410859453124999 0.787950996875 0.8544162328124999 0.8424493406250001
25 0.718587134375 0.8603922203125001 0.8394214953124999 0.841998225 0.8289316812499999 0.7879620828125 0.70866604375 0.8079017453124999 0.718587134375 0.8603922203125001
25 0.6005801875000001 0.8781334546874999 0.7176446609375 0.8606098062499999 0.7037525265625 0.8090361203124999 0.5860406609375 0.8272682187499999 0.6005801875000001 0.8781334546874999
18 0.7051473796875001 0.8064781375000001 0.8283190703125 0.7853085703125 0.8220515265625 0.7280616859375 0.7059257999999999 0.748722540625 0.7051473796875001 0.8064781375000001
18 0.5877530453124999 0.8268728843750001 0.701254971875 0.80681778125 0.7019522984375001 0.7496398953125001 0.5857984218750001 0.7703072515625 0.5877530453124999 0.8268728843750001
18 0.594557590625 0.7660490796875 0.729123759375 0.7383359671874999 0.7163531296875 0.6658207625 0.5750365984375 0.6978872640625 0.594557590625 0.7660490796875
31 0.449454596875 0.804020659375 0.5661137984375 0.780441696875 0.5520991390625001 0.72833730625 0.43935334218750005 0.751012790625 0.449454596875 0.804020659375
31 0.46592910468750004 0.853880178125 0.5783660328125 0.8335119609375001 0.5675463578125 0.7823469203125 0.45172809999999997 0.8046137578125 0.46592910468750004 0.853880178125
31 0.4824036109375 0.9037397 0.5917680796875 0.8829628359375 0.5825034875 0.834233721875 0.4702116375 0.8545684453125 0.4824036109375 0.9037397
17 0.333247778125 0.8252592249999999 0.44367724218750004 0.8047954781250001 0.42872011250000003 0.752908675 0.31922596406250003 0.7725974984375 0.333247778125 0.8252592249999999
17 0.3543121234375 0.873500109375 0.463799115625 0.853253946875 0.44851212343749997 0.8042382453125001 0.342215415625 0.8248658499999999 0.3543121234375 0.873500109375
17 0.368534121875 0.9222026937500001 0.4789635828125 0.901738946875 0.46592910468750004 0.853880178125 0.35656060625 0.8740989828125001 0.368534121875 0.9222026937500001
5 0.2214234625 0.8482809578125 0.3289029859375 0.8279392671875 0.3159533234375 0.77614799375 0.21233380624999998 0.79559853125 0.2214234625 0.8482809578125
5 0.24212024062499998 0.8949297328125001 0.348779815625 0.8753363328124999 0.33361534531250003 0.8268513328125 0.224340996875 0.8476073906250001 0.24212024062499998 0.8949297328125001
5 0.2574920453125 0.9400129296875 0.36783669375 0.9234816859375 0.35066475937499997 0.874901159375 0.24516253125 0.8947863546875 0.2574920453125 0.9400129296875