11 0.16875 0.23515625 0.1296875 0.15
10 0.25390625 0.21796875 0.1203125 0.1546875
9 0.34609375 0.2 0.11875 0.153125
8 0.4328125 0.1796875 0.1109375 0.1484375
20 0.51328125 0.165625 0.1046875 0.1359375
22 0.59296875 0.14375 0.1109375 0.1453125
21 0.6796875 0.12421875 0.1140625 0.1453125
21 0.7703125 0.1046875 0.1125 0.14375
13 0.77421875 0.24921875 0.109375 0.13125
13 0.690625 0.2671875 0.1109375 0.1359375
13 0.6078125 0.2875 0.103125 0.1296875
14 0.52890625 0.3109375 0.103125 0.121875
14 0.45546875 0.328125 0.090625 0.1140625
14 0.38515625 0.34375 0.09375 0.1140625
3 0.3234375 0.36640625 0.0703125 0.0890625
3 0.26484375 0.3796875 0.0734375 0.0859375
2 0.2078125 0.390625 0.071875 0.090625
5 0.78828125 0.37265625 0.1140625 0.0828125
4 0.70625 0.38671875 0.0765625 0.084375
29 0.6234375 0.40859375 0.109375 0.0828125
28 0.54609375 0.4234375 0.0765625 0.08125
1 0.471875 0.4421875 0.1 0.078125
0 0.3921875 0.4546875 0.0765625 0.0796875
15 0.421875 0.54921875 0.090625 0.0921875
23 0.49296875 0.53125 0.0859375 0.0953125
24 0.434375 0.6390625 0.0734375 0.0796875
24 0.490625 0.62578125 0.06875 0.0796875
24 0.54765625 0.61484375 0.071875 0.0796875
26 0.6078125 0.60703125 0.053125 0.0703125
30 0.66640625 0.59453125 0.0703125 0.078125
12 0.7265625 0.5796875 0.06875 0.08125
16 0.7828125 0.56796875 0.0703125 0.0796875
6 0.84296875 0.55390625 0.071875 0.084375
27 0.3125 0.834375 0.1078125 0.075
27 0.32578125 0.8828125 0.1 0.0671875
25 0.40390625 0.80703125 0.0984375 0.0734375
25 0.41484375 0.86015625 0.0984375 0.0703125
25 0.49296875 0.7953125 0.0984375 0.071875
25 0.4796875 0.73984375 0.10625 0.075
25 0.50625 0.84296875 0.0984375 0.06875
25 0.59453125 0.821875 0.0953125 0.0703125
25 0.584375 0.77421875 0.0984375 0.06875
25 0.5703125 0.721875 0.10625 0.075
31 0.6828125 0.803125 0.0953125 0.06875
31 0.6765625 0.75078125 0.0984375 0.06875
17 0.76953125 0.78828125 0.0984375 0.071875
17 0.76484375 0.734375 0.1 0.075
17 0.75703125 0.67890625 0.1015625 0.0765625
7 0.86015625 0.76796875 0.1015625 0.071875
7 0.86015625 0.7140625 0.1109375 0.0765625
36 0.5515625 0.52109375 0.0546875 0.078125
34 0.59765625 0.51015625 0.05625 0.0796875
38 0.765625 0.475 0.046875 0.08125
41 0.79921875 0.46796875 0.0453125 0.078125
33 0.63671875 0.503125 0.0453125 0.078125
35 0.66953125 0.496875 0.046875 0.0796875
18 0.7 0.48359375 0.0421875 0.06875
18 0.73203125 0.4765625 0.040625 0.065625