13 0.165625 0.178125 0.125 0.146875
13 0.26640625 0.19140625 0.1140625 0.1453125
14 0.36328125 0.19140625 0.1234375 0.165625
14 0.4671875 0.20390625 0.115625 0.1671875
14 0.57109375 0.21953125 0.1203125 0.1546875
19 0.67265625 0.23046875 0.115625 0.153125
19 0.78046875 0.23984375 0.1296875 0.1640625
20 0.896875 0.25078125 0.1328125 0.171875
8 0.15703125 0.33359375 0.125 0.1421875
9 0.25859375 0.3515625 0.1109375 0.140625
10 0.36171875 0.36171875 0.1203125 0.134375
11 0.4640625 0.37734375 0.1046875 0.128125
3 0.54140625 0.40078125 0.0734375 0.096875
3 0.60703125 0.41015625 0.0734375 0.09375
2 0.66953125 0.4171875 0.06875 0.0921875
0 0.63046875 0.52421875 0.075 0.0875
1 0.540625 0.525 0.115625 0.071875
28 0.4453125 0.503125 0.08125 0.0875
29 0.3546875 0.4984375 0.115625 0.0765625
4 0.2625 0.48203125 0.0828125 0.0828125
5 0.1609375 0.4765625 0.1234375 0.0765625
15 0.60703125 0.63046875 0.09375 0.096875
23 0.52578125 0.6203125 0.0875 0.09375
24 0.59453125 0.72578125 0.071875 0.0640625
24 0.52890625 0.7171875 0.0671875 0.065625
24 0.465625 0.71015625 0.071875 0.0671875
26 0.4125 0.703125 0.04375 0.059375
30 0.36015625 0.6953125 0.06875 0.065625
12 0.29609375 0.6890625 0.06875 0.0671875
16 0.22421875 0.6828125 0.078125 0.071875
6 0.16015625 0.67421875 0.0671875 0.0640625
27 0.73359375 0.91328125 0.1109375 0.0625
25 0.63203125 0.896875 0.10625 0.0671875
25 0.5328125 0.8859375 0.1046875 0.065625
25 0.434375 0.87109375 0.1 0.0671875
31 0.3359375 0.8640625 0.103125 0.0640625
31 0.3484375 0.77421875 0.1 0.059375
17 0.2375 0.846875 0.1046875 0.0625
7 0.13515625 0.834375 0.1125 0.06875
36 0.46171875 0.615625 0.0578125 0.084375
34 0.4078125 0.61015625 0.059375 0.0859375
33 0.372886309375 0.6459501640624999 0.3782031140625 0.5647640125 0.34603337343749996 0.560814065625 0.33724775937499996 0.6415743 0.372886309375 0.6459501640624999
37 0.295989390625 0.6369324453125 0.3069091140625 0.5560102109375 0.2709095953125 0.5511659890625 0.2620726890625 0.6323439625 0.295989390625 0.6369324453125
39 0.2575152859375 0.6326324546875 0.26700418125000003 0.5540787546875 0.23324144375000003 0.5495091750000001 0.22415543593749998 0.6281123453124999 0.2575152859375 0.6326324546875
38 0.222939146875 0.6288110765625 0.22482724375 0.5476279703125 0.191631390625 0.5431279953125 0.185732621875 0.6233946171875 0.222939146875 0.6288110765625
41 0.18289706875 0.623470490625 0.1887771359375 0.5419294640625 0.153816721875 0.5380609015625 0.1499914859375 0.6198542296875 0.18289706875 0.623470490625
18 0.321875 0.5921875 0.04375 0.0703125
18 0.13515625 0.57109375 0.0359375 0.071875