11 0.19453125 0.20625 0.1109375 0.140625
10 0.28203125 0.2234375 0.1015625 0.1296875
9 0.36171875 0.2328125 0.1015625 0.134375
8 0.44296875 0.24765625 0.096875 0.1296875
20 0.52421875 0.25625 0.0921875 0.1328125
20 0.60546875 0.26875 0.0953125 0.1328125
19 0.68125 0.28203125 0.0921875 0.1296875
19 0.7578125 0.2921875 0.09375 0.1296875
13 0.7390625 0.41796875 0.0875 0.11875
13 0.66328125 0.40859375 0.0859375 0.1171875
13 0.5890625 0.396875 0.090625 0.121875
14 0.509375 0.38828125 0.0921875 0.1140625
14 0.43203125 0.3828125 0.0859375 0.103125
14 0.35546875 0.36953125 0.090625 0.109375
3 0.2890625 0.36796875 0.06875 0.0890625
3 0.23046875 0.35859375 0.06875 0.0859375
0 0.3234375 0.47265625 0.071875 0.075
1 0.4 0.48828125 0.1 0.0703125
28 0.475 0.49609375 0.0671875 0.071875
29 0.54921875 0.5125 0.0984375 0.0671875
5 0.63203125 0.515625 0.071875 0.0765625
5 0.70703125 0.53203125 0.1 0.06875
15 0.31640625 0.56484375 0.0875 0.090625
23 0.38828125 0.57421875 0.08125 0.0875
24 0.30234375 0.66328125 0.0625 0.0625
24 0.36171875 0.6640625 0.065625 0.0734375
24 0.42265625 0.671875 0.0671875 0.0734375
26 0.471875 0.68125 0.046875 0.0640625
12 0.575 0.69453125 0.065625 0.0734375
17 0.63359375 0.70234375 0.0625 0.0703125
6 0.69296875 0.7109375 0.065625 0.075
27 0.1421875 0.7921875 0.0984375 0.0640625
27 0.13359375 0.84765625 0.0984375 0.0625
25 0.22421875 0.85703125 0.0953125 0.0640625
25 0.23046875 0.803125 0.09375 0.0640625
25 0.31796875 0.81875 0.0953125 0.065625
25 0.31171875 0.86796875 0.0921875 0.059375
25 0.39921875 0.878125 0.0921875 0.059375
25 0.40625 0.828125 0.0921875 0.0609375
31 0.51015625 0.7859375 0.096875 0.065625
31 0.49453125 0.8390625 0.0921875 0.0625
31 0.48515625 0.8890625 0.090625 0.059375
17 0.571875 0.89921875 0.0890625 0.0609375
17 0.5796875 0.8515625 0.0921875 0.0609375
17 0.59609375 0.796875 0.09375 0.0640625
7 0.65546875 0.91015625 0.090625 0.059375
36 0.4453125 0.58515625 0.053125 0.075
33 0.52734375 0.596875 0.040625 0.075
35 0.55859375 0.60078125 0.0375 0.0734375
37 0.590625 0.603125 0.0390625 0.0734375
38 0.6515625 0.61171875 0.0390625 0.075
41 0.6828125 0.61640625 0.0375 0.0734375
18 0.62109375 0.60234375 0.034375 0.0640625
18 0.71328125 0.61484375 0.0359375 0.0640625
18 0.48984375 0.58515625 0.053125 0.065625
18 0.51875 0.6859375 0.0609375 0.071875