13 0.7931620374999999 0.3348904890625 0.7840165546875 0.231385528125 0.7044900562499999 0.2377495921875 0.715356821875 0.3416820328125 0.7931620374999999 0.3348904890625
13 0.7136599953125 0.34315153593750003 0.7034640359375001 0.2378621140625 0.635450771875 0.241226415625 0.6401907484375 0.347613634375 0.7136599953125 0.34315153593750003
14 0.6411801265625 0.34889527187499997 0.6330466390625 0.244473790625 0.56221645625 0.2490491796875 0.565967046875 0.3541546828125 0.6411801265625 0.34889527187499997
14 0.5676638765625001 0.35268520625 0.561450925 0.2503240578125 0.487851825 0.25357383906250003 0.4952310046875 0.359101028125 0.5676638765625001 0.35268520625
20 0.336493234375 0.373101278125 0.32599493125 0.2693102375 0.2500331265625 0.27731550625 0.2589182 0.3793999484375 0.336493234375 0.373101278125
19 0.418184771875 0.36738885 0.405494175 0.261021146875 0.3349879578125 0.2683155609375 0.34408591718750003 0.3734444421875 0.418184771875 0.36738885
23 0.8031219609375 0.452070515625 0.7958973874999999 0.378409459375 0.7224509515624999 0.38079150781250004 0.728901453125 0.45638639062499997 0.8031219609375 0.452070515625
15 0.7284741515625 0.4586015 0.72105134375 0.38036725 0.65356645625 0.3864824578125 0.6572113796875 0.463584678125 0.7284741515625 0.4586015
8 0.6561438468749999 0.4649704609375 0.65086106875 0.365619709375 0.5733424390625 0.37155113281249996 0.578904878125 0.4677493015625 0.6561438468749999 0.4649704609375
9 0.5777156906250001 0.46739538593749996 0.5701028984375001 0.37672679375 0.492564846875 0.38200714687500004 0.49959166093749996 0.47416948437500006 0.5777156906250001 0.46739538593749996
10 0.49730457499999997 0.47476645156249997 0.49117612812500006 0.3827918828125 0.4126419 0.38803294374999997 0.4192414140625 0.48241038906249994 0.49730457499999997 0.47476645156249997
11 0.41643727343750003 0.47561374843750004 0.407446746875 0.382640896875 0.33659202499999996 0.39116564062500003 0.34395490624999997 0.47980814687500006 0.41643727343750003 0.47561374843750004
3 0.3431931109375 0.47723911562500004 0.3362178078125 0.4050934640625 0.28487271875000003 0.4092047296875 0.28989078125 0.4809663765625 0.3431931109375 0.47723911562500004
2 0.2881223234375 0.480652984375 0.282188203125 0.4132395203125 0.230685465625 0.4169272734375 0.2349416453125 0.4861199296875 0.2881223234375 0.480652984375
5 0.7993371781249999 0.5394860968749999 0.7938883484375 0.485018446875 0.7109168046875001 0.4906012796875 0.7141998296875001 0.54587651875 0.7993371781249999 0.5394860968749999
4 0.713772528125 0.548091628125 0.7054703390625 0.48028139062499997 0.6441993171875 0.485651628125 0.6515668171875 0.5493821515625 0.713772528125 0.548091628125
29 0.6499503343749999 0.5512434093749999 0.6438897453125 0.494961378125 0.5560723421875 0.49924382968750003 0.5612151078125 0.5561372140625 0.6499503343749999 0.5512434093749999
28 0.561916165625 0.5578363640624999 0.5533743828125 0.4914629671875 0.49414186875 0.49614466718749994 0.5005026609375001 0.562130815625 0.561916165625 0.5578363640624999
1 0.4970872609375 0.5632437375 0.49045887343750005 0.5078742796875 0.40342215625 0.514288628125 0.41024223437499996 0.5701906609375 0.4970872609375 0.5632437375
12 0.8044040828125001 0.6369242296875 0.8001573125 0.5746688109375 0.7455332609374999 0.57766925625 0.7515899703125 0.63930621875 0.8044040828125001 0.6369242296875
6 0.8128649078124999 0.7246158328125001 0.8060083453125 0.658342484375 0.7524095843749999 0.6593530203125 0.757123521875 0.726765478125 0.8128649078124999 0.7246158328125001
16 0.7577333 0.7271599109375 0.748128540625 0.66348181875 0.6935872890625 0.6673996765625 0.6997352359375 0.7303414015625 0.7577333 0.7271599109375
30 0.6981187531249999 0.7322026265625 0.6876194718749999 0.6622531015625001 0.6319305281250001 0.668214775 0.6418892390625001 0.7356975218749999 0.6981187531249999 0.7322026265625
26 0.63762071875 0.7329366984375 0.62802225 0.6740644375 0.593050203125 0.6783633328125 0.5993517390624999 0.7351756703125 0.63762071875 0.7329366984375
24 0.6005713375 0.735964515625 0.5934413109375 0.66883868125 0.538987653125 0.6712176109375 0.5450427921875 0.74115855 0.6005713375 0.735964515625
24 0.5450427921875 0.74115855 0.537010403125 0.6738766984375 0.4806839421875 0.6783539281250001 0.487715378125 0.7456043296875 0.5450427921875 0.74115855
24 0.48945346875 0.745482790625 0.48065548125 0.6800013875 0.42576521874999995 0.6839423921875001 0.43096724062499997 0.7500096187499999 0.48945346875 0.745482790625
7 0.8280167953124999 0.866364478125 0.8241190234375001 0.8132298656250001 0.736272259375 0.81989735625 0.739769696875 0.8699130500000001 0.8280167953124999 0.866364478125
7 0.8270419734375001 0.8654407359375 0.7376042625 0.8722496984375001 0.739454846875 0.9236916875000001 0.8285869578125 0.9161478109375001 0.8270419734375001 0.8654407359375
17 0.7393423953125 0.8721281578125 0.7347840328124999 0.8162008234375 0.6483612671875 0.81992604375 0.6518267671875 0.877810790625 0.7393423953125 0.8721281578125
17 0.737137346875 0.92385374375 0.735761603125 0.8718236812500001 0.64947885625 0.877537934375 0.65196963125 0.9298092499999999 0.737137346875 0.92385374375
31 0.6483505421875 0.878053871875 0.6430071765625 0.8258944390625 0.55718536875 0.8315462359374999 0.56034674375 0.8850817921875 0.6483505421875 0.878053871875
31 0.651511871875 0.93158945 0.6474550078125 0.8790906640625 0.5615055140625 0.8850007625 0.5657647921875 0.93758546875 0.651511871875 0.93158945
25 0.5614446890625 0.884130921875 0.5537861671875 0.8304954046875 0.46732187343750003 0.8369560078125 0.47344089062499994 0.8911588406250001 0.5614446890625 0.884130921875
25 0.5643323078125 0.9337522203124999 0.5560226640625 0.8833002671875001 0.4712450875 0.8930605765624999 0.47513936875 0.9404262375 0.5643323078125 0.9337522203124999
25 0.472852325 0.9410232000000001 0.4661152015625 0.888495225 0.3816567421875 0.8940806515625 0.385824825 0.9453606000000001 0.472852325 0.9410232000000001
18 0.46859300625 0.888438515625 0.46315425625 0.8357410203125 0.37632993125 0.842881746875 0.3822057359375 0.8936052078125 0.46859300625 0.888438515625
27 0.369611625 0.8966711015625 0.363790984375 0.8410511984375001 0.2782943890625 0.8479888687500001 0.282553709375 0.90057355625 0.369611625 0.8966711015625
27 0.3749079328125 0.9474351015625 0.36774233125 0.897558096875 0.2832242671875 0.901837815625 0.2901979734375 0.951610409375 0.3749079328125 0.9474351015625
36 0.45711598125 0.660618996875 0.4504813078125 0.590944303125 0.40870319374999997 0.5934214890625 0.41612019218749996 0.6641048625 0.45711598125 0.660618996875
34 0.501869903125 0.657799065625 0.4961516796875 0.5877507203125 0.45589789999999997 0.5901213125 0.46119832812499995 0.6600239609375 0.501869903125 0.657799065625
33 0.5317839078125 0.655069403125 0.5242942046875 0.58462256875 0.4972596828125 0.58597195625 0.5038990015625 0.6573288749999999 0.5317839078125 0.655069403125
35 0.561601621875 0.6509627421874999 0.5555694578125 0.582048846875 0.5276600874999999 0.5843011515625001 0.5337598031249999 0.6538383640625 0.561601621875 0.6509627421874999
37 0.592466946875 0.6500427296875 0.587330946875 0.5790543765625 0.5571003859375 0.5806946171875 0.5649708828125 0.6519654421875 0.592466946875 0.6500427296875
39 0.6240022421875 0.6469088359375 0.6175798984374999 0.5765524203125 0.58913223125 0.5787643015625 0.5952534859374999 0.6486095749999999 0.6240022421875 0.6469088359375
38 0.6548675671875 0.6459888234375 0.6494490359375 0.5750974015625 0.621164109375 0.5768339953125 0.6269180359375001 0.6473241046875 0.6548675671875 0.6459888234375
41 0.687288284375 0.6437217453125 0.6822368265625001 0.5720311671875 0.6518570953125 0.57344943125 0.6585610703125 0.6457305484375 0.687288284375 0.6437217453125
42 0.7159724125 0.6410968171875 0.710946328125 0.5696368578125 0.6830681765625 0.5715765203125 0.68929714375 0.6429621328125 0.7159724125 0.6410968171875
40 0.7483715890625 0.6385216781249999 0.7418160796875 0.56863846875 0.71462504375 0.5687507 0.719644375 0.6405304796875 0.7483715890625 0.6385216781249999