13 0.16328125 0.16484375 0.1625 0.1375
13 0.303125 0.18828125 0.15625 0.1375
14 0.43828125 0.21640625 0.1453125 0.1375
14 0.5640625 0.24609375 0.1390625 0.125
21 0.709375 0.27109375 0.1296875 0.1265625
19 0.83046875 0.29765625 0.1359375 0.1265625
22 0.9484375 0.315625 0.103125 0.140625
23 0.15078125 0.28984375 0.140625 0.109375
15 0.28125 0.3140625 0.1328125 0.1046875
8 0.41171875 0.33515625 0.134375 0.1125
9 0.54921875 0.35859375 0.1453125 0.121875
3 0.878125 0.42890625 0.1 0.0859375
2 0.95546875 0.44375 0.0890625 0.084375
18 0.72578125 0.40078125 0.225 0.109375
5 0.16015625 0.39921875 0.1640625 0.0859375
29 0.415625 0.4453125 0.1515625 0.08125
28 0.54375 0.4625 0.1078125 0.08125
1 0.67109375 0.4890625 0.15 0.0796875
12 0.128125 0.49140625 0.103125 0.0890625
6 0.11953125 0.5828125 0.1078125 0.0828125
16 0.21640625 0.5984375 0.1 0.078125
30 0.30859375 0.6109375 0.1 0.0765625
26 0.384375 0.6234375 0.065625 0.0625
24 0.4671875 0.63515625 0.0984375 0.075
24 0.559375 0.6484375 0.096875 0.0734375
24 0.64921875 0.66328125 0.0921875 0.0734375
17 0.2671875 0.76484375 0.159375 0.08125
17 0.253125 0.81640625 0.153125 0.0765625
7 0.207145925 0.7143859984375001 0.21622556875 0.662892784375 0.06982586406249999 0.642056146875 0.061890271875 0.6931980249999999 0.207145925 0.7143859984375001
7 0.19056763593749998 0.7811489390624999 0.19712749062499998 0.7303175453125 0.045969184375 0.7091949046875 0.041248557812499996 0.7625628625 0.19056763593749998 0.7811489390624999
7 0.17566141875000002 0.8316147734375001 0.18552805781249998 0.7824725859375 0.033203609375 0.7611443203125 0.027696815625 0.8121613968749999 0.17566141875000002 0.8316147734375001
31 0.4760090078125 0.8182064046875 0.4917968015625 0.769555209375 0.35460034218750003 0.7514474843750001 0.33765066093749996 0.7987876765624999 0.4760090078125 0.8182064046875
31 0.461197371875 0.86813585 0.47018243593750003 0.8171790234375 0.334337690625 0.7982035109375001 0.32409891874999996 0.8483862109375 0.461197371875 0.86813585
25 0.6133911984375 0.8363468812500001 0.6258722046874999 0.7860064828125 0.49346418593749997 0.7681900203125 0.4798832703125 0.8166772828125 0.6133911984375 0.8363468812500001
25 0.598674140625 0.8857399390625 0.6076592046875 0.8347831109375001 0.4729177921875 0.8165552109374999 0.4661423671875 0.8673485937500001 0.598674140625 0.8857399390625
25 0.751654965625 0.856301996875 0.7618053437500001 0.8055506453125 0.6283583562499999 0.7869979218750001 0.6167925624999999 0.837499696875 0.751654965625 0.856301996875
25 0.7281828671875 0.9008329187499999 0.7399072390625 0.8547836203125 0.6133561796875 0.8379999 0.6015722484375 0.8829325656250001 0.7281828671875 0.9008329187499999
27 0.8648726437500001 0.916085978125 0.8781406468749999 0.86809660625 0.753480190625 0.854411575 0.7391435984375 0.9000002671875 0.8648726437500001 0.916085978125
27 0.8754317 0.8698312046875 0.8900541765625001 0.8209745343750001 0.7650801734375 0.802256634375 0.7545530734375 0.8534946234375 0.8754317 0.8698312046875
40 0.20078125 0.5015625 0.0609375 0.08125
38 0.3546875 0.5265625 0.0578125 0.078125
39 0.40703125 0.5359375 0.0578125 0.0765625
35 0.50625 0.5515625 0.059375 0.0765625
34 0.6140625 0.56953125 0.0765625 0.0796875
36 0.6828125 0.58125 0.0703125 0.0765625
18 0.55625 0.55546875 0.0546875 0.0671875
18 0.45625 0.53828125 0.053125 0.065625
18 0.303125 0.5125 0.059375 0.0671875
18 0.25234375 0.50390625 0.05625 0.06875
18 0.29375 0.421875 0.11875 0.078125