19 0.48828125 0.24453125 0.14375 0.20625
14 0.60625 0.234375 0.128125 0.1890625
13 0.7234375 0.22421875 0.1421875 0.1875
9 0.846875 0.20390625 0.1421875 0.1890625
5 0.8109375 0.56171875 0.134375 0.0890625
29 0.6890625 0.57734375 0.128125 0.0859375
7 0.5640625 0.590625 0.13125 0.0859375
31 0.559375 0.70625 0.11875 0.0828125
24 0.65390625 0.6859375 0.08125 0.0875
23 0.7375 0.67734375 0.1 0.103125
15 0.828125 0.66484375 0.096875 0.103125
25 0.825 0.86875 0.1234375 0.0734375
25 0.7109375 0.878125 0.1203125 0.071875
25 0.70625 0.81484375 0.1234375 0.071875
27 0.59765625 0.8953125 0.11875 0.065625
27 0.5921875 0.840625 0.121875 0.065625
39 0.4875 0.45078125 0.053125 0.1078125
38 0.534375 0.4453125 0.05625 0.109375
40 0.57890625 0.4390625 0.0546875 0.1109375
41 0.62421875 0.4328125 0.0546875 0.1109375
42 0.66875 0.4265625 0.053125 0.109375
35 0.71640625 0.4203125 0.059375 0.1109375
37 0.8377222812499999 0.459538484375 0.8338587296875 0.3525662078125 0.78678350625 0.36061743281249997 0.791895096875 0.464355115625 0.8377222812499999 0.459538484375
32 0.8866937859374999 0.4531500046875 0.8836604093749999 0.346090471875 0.8358840593749999 0.35545675781249997 0.8401773078125 0.45928045156249997 0.8866937859374999 0.4531500046875