9 0.2298040296875 0.3054481484375 0.32707148125 0.3099344046875 0.30264685625 0.16008102500000002 0.20953619687499997 0.163291196875 0.2298040296875 0.3054481484375
13 0.3197150359375 0.3060941015625 0.4063271609375 0.309463821875 0.39338812343749996 0.1687798328125 0.30228440624999997 0.16884700625 0.3197150359375 0.3060941015625
14 0.39342870625000004 0.30664441249999996 0.50347976875 0.31241206718750003 0.49637526562499995 0.161996065625 0.3910739109375 0.1588940390625 0.39342870625000004 0.30664441249999996
44 0.5380206624999999 0.4581364578125 0.5817087640625 0.4614070265625 0.5822227796874999 0.3643509859375 0.539699990625 0.3625264015625 0.5380206624999999 0.4581364578125
40 0.5398793296875 0.3637787359375 0.5009719828125 0.361524671875 0.5002844171875 0.45651895312499996 0.53851705 0.4605373640625 0.5398793296875 0.3637787359375
43 0.5030222546875 0.3606390078125 0.46504464843750004 0.3588497140625 0.46414025625 0.45125184531249996 0.5018695109375 0.4547054359375 0.5030222546875 0.3606390078125
44 0.4648920203125 0.3603018796875 0.42844260156249997 0.357939103125 0.42798402187500006 0.45075514375000003 0.46459601875 0.453264484375 0.4648920203125 0.3603018796875
45 0.4292578953125 0.359493003125 0.3947824546875 0.3569706453125 0.3939925328125 0.44828365156250005 0.42943589531250004 0.45090774062500005 0.4292578953125 0.359493003125
36 0.359135234375 0.3535284140625 0.35908402968750003 0.4476188953125 0.3939410671875 0.4494374875 0.39576880625 0.3559949953125 0.359135234375 0.3535284140625
33 0.3575292234375 0.3569984640625 0.3234532015625 0.3544902640625 0.3276084984375 0.4442819328125 0.36037617499999997 0.447815653125 0.3575292234375 0.3569984640625
37 0.323295921875 0.3556352359375 0.29255329375 0.3540601796875 0.2970761140625 0.44231053749999993 0.327752615625 0.4440256390625 0.323295921875 0.3556352359375
32 0.2913323859375 0.3551739578125 0.2534500125 0.3532625296875 0.265241675 0.44062072968750005 0.2975359234375 0.44318693906249995 0.2913323859375 0.3551739578125
5 0.3687589578125 0.5007239640625001 0.2742750359375 0.49120733124999993 0.2753754046875 0.5542559953125 0.369654103125 0.565142065625 0.3687589578125 0.5007239640625001
29 0.4683281265625 0.509118934375 0.371157759375 0.4989059171875 0.3716261265625 0.5627162296875 0.4702034171875 0.57322698125 0.4683281265625 0.509118934375
7 0.4798487546875 0.50453334375 0.47702807500000005 0.5733803765625 0.581266803125 0.5836585921874999 0.5816445859375 0.51274831875 0.4798487546875 0.50453334375
31 0.48423170156250006 0.6293386765625 0.48319303593749996 0.6961538125 0.584746440625 0.7100157703125001 0.587989621875 0.6410602203125 0.48423170156250006 0.6293386765625
24 0.43157044375 0.5972788734375001 0.43210557656250004 0.6801743484375 0.4852805421875 0.6861001843750001 0.4880227953125 0.6036203328124999 0.43157044375 0.5972788734375001
23 0.43472652500000003 0.691467846875 0.4317132375 0.606271534375 0.3506225140625 0.585914384375 0.34994088749999996 0.675211165625 0.43472652500000003 0.691467846875
15 0.309375 0.62734375 0.0984375 0.0984375
27 0.4690446203125 0.8623284281249999 0.561569971875 0.8772669843750001 0.5644558296875 0.8142033359375 0.46795584687499997 0.7983890078125 0.4690446203125 0.8623284281249999
25 0.4584889625 0.8050710593750001 0.3642938484375 0.7907591234375 0.36593020625 0.8514906671875 0.458909128125 0.8653911359375 0.4584889625 0.8050710593750001
25 0.3629993171875 0.787815671875 0.276665878125 0.7699184015625 0.27916456875 0.8275321390625001 0.364525234375 0.847954065625 0.3629993171875 0.787815671875
25 0.51101224375 0.71422166875 0.42520986875 0.700622875 0.4278481078125 0.733618703125 0.5104268828125 0.7477985859375 0.51101224375 0.71422166875