11 0.741572584375 0 0.7548688546875 0.123413515625 0.8852880125 0.09114569375 0.8800534671875001 0 0.741572584375 0
10 0.6347883421875 0 0.6566693109374999 0.1458019015625 0.7571086890625 0.12445285312500001 0.7448704734375 0 0.6347883421875 0
9 0.6099665921875 0 0.53699970625 0.0196932578125 0.568127396875 0.166137525 0.6608406453125 0.146430715625 0.6454938609374999 0 0.6099665921875 0
18 0.531388165625 0.016614609375 0.43462883437500005 0.041452859375 0.46536600312500004 0.19555739218749998 0.563565540625 0.173168978125 0.531388165625 0.016614609375
20 0.4527725203125 0.0603280796875 0.3554975671875 0.0870663390625 0.3838514984375 0.22046109687499998 0.47432490937500005 0.1997149203125 0.4527725203125 0.0603280796875
20 0.37090114375 0.0810187515625 0.284339253125 0.103706934375 0.31176860781250004 0.2327519015625 0.3948242328125 0.2150978828125 0.369018184375 0.08419244375 0.37090114375 0.0810187515625
19 0.28066441875 0.1077720515625 0.1954068171875 0.131702825 0.235432209375 0.2535241046875 0.31176860781250004 0.2327519015625 0.28066441875 0.1077720515625
19 0.204533746875 0.129633796875 0.115207421875 0.1532961078125 0.16365764375 0.2672647453125 0.242233596875 0.24753202343749997 0.204533746875 0.129633796875
3 0.8124125453125 0.1677019671875 0.7297171296875 0.1843308578125 0.743002975 0.29432386093749996 0.82399683125 0.279633834375 0.8124125453125 0.1677019671875
3 0.7334038765625001 0.19185831250000002 0.66185104375 0.20801737031249998 0.67398408125 0.3073104390625 0.7458796921874999 0.2920285546875 0.7334038765625001 0.19185831250000002
14 0.6583816875 0.19518328125 0.5673412390625 0.21716109375 0.5893828046875 0.3261349 0.67664384375 0.3092708359375 0.6583816875 0.19518328125
14 0.5684833484375 0.21429176249999998 0.48544555312500004 0.2328847484375 0.5049527515625 0.34576490312499997 0.58972524375 0.327745953125 0.5684833484375 0.21429176249999998
14 0.4820269671875 0.2232025171875 0.4023513203125 0.242969684375 0.4252031625 0.3610323609375 0.506927721875 0.3445032046875 0.4820269671875 0.2232025171875
13 0.4071603171875 0.23385696406249998 0.332305028125 0.25112313125 0.351937715625 0.369870075 0.425591425 0.35758218125 0.4071603171875 0.23385696406249998
13 0.3342771375 0.2472451796875 0.257749659375 0.2644446484375 0.2834325671875 0.38527323125 0.3578167203125 0.3711462015625 0.3342771375 0.2472451796875
13 0.2570963984375 0.266805825 0.17739485625 0.2874179890625 0.20926528281249998 0.3951445421875 0.2841632625 0.383434075 0.2570963984375 0.266805825
0 0.7011739703125001 0.41939960468750004 0.6927809171875 0.337225784375 0.6227158796875 0.35104263750000003 0.63091079375 0.43180869375 0.7011739703125001 0.41939960468750004
1 0.61918820625 0.3661050453125 0.522098309375 0.38421639218750003 0.5342091515625 0.44646983125000006 0.63232636875 0.43319164531250004 0.61918820625 0.3661050453125
28 0.5121869968749999 0.3650943 0.441287478125 0.378661478125 0.4566514078125 0.4562199015625 0.529231978125 0.444160078125 0.5121869968749999 0.3650943
29 0.4364452 0.3980223671875 0.3463777 0.412305878125 0.360120903125 0.47168656875000003 0.4550189609375 0.45909263593749994 0.4364452 0.3980223671875
6 0.344524575 0.394421303125 0.286811134375 0.40644494375000007 0.304195934375 0.4776803890625 0.3606803796875 0.4690419 0.344524575 0.394421303125
7 0.2918067078125 0.42350727499999996 0.21246090624999997 0.4365611828125 0.228955515625 0.487779803125 0.3040247109375 0.47687484687500004 0.2918067078125 0.42350727499999996
15 0.711273575 0.43742233124999996 0.6237757046875 0.4510055640625 0.637369984375 0.54662043125 0.72617199375 0.537006065625 0.711273575 0.43742233124999996
23 0.62475883125 0.4526562375 0.5393914734374999 0.465574334375 0.5524720828125 0.558772575 0.640931659375 0.547547184375 0.62475883125 0.4526562375
24 0.732488584375 0.5570242484375 0.6587738234375 0.5681703437500001 0.6739666140625 0.6449232078125 0.74006296875 0.639293171875 0.732488584375 0.5570242484375
24 0.6622889375 0.5698420640624999 0.598556465625 0.575076475 0.6105758375 0.6474523750000001 0.6762839375 0.6452725515625 0.6622889375 0.5698420640624999
24 0.5984286796875 0.5728980734375 0.532288896875 0.579901 0.549285359375 0.6545866703125001 0.6117743812499999 0.6530910796875 0.5984286796875 0.5728980734375
26 0.535637928125 0.5809857046875 0.4849026109375 0.5891313609375 0.4967964921875 0.655640471875 0.5443082687499999 0.6522769015625001 0.535637928125 0.5809857046875
42 0.2794391921875 0.5077064874999999 0.2458039671875 0.512694984375 0.26258094062500004 0.5843186515625 0.291166553125 0.5799912078125 0.2794391921875 0.5077064874999999
41 0.30960873125 0.5034782421874999 0.2782225828125 0.5081356484375 0.29054214843750004 0.5807067875 0.31862189218750003 0.5776525859375 0.30960873125 0.5034782421874999
38 0.3342047796875 0.50043468125 0.3069266171875 0.504365890625 0.3181161359375 0.5789258015625001 0.346820284375 0.57515601875 0.3342047796875 0.50043468125
39 0.36329731875000004 0.4957071953125 0.3326592296875 0.50122770625 0.3461958796875 0.5758715984375 0.3765043265625 0.57234366875 0.36329731875000004 0.4957071953125
37 0.396684309375 0.4916688546875 0.3645726078125 0.496882009375 0.3762403875 0.5717697671875 0.4055160328125 0.5695350671875 0.396684309375 0.4916688546875
35 0.42769844375000005 0.48756767968750003 0.3956380953125 0.49307046093749995 0.40543492812500004 0.56915349375 0.43505661562500003 0.56604763125 0.42769844375000005 0.48756767968750003
33 0.4571374671875 0.48230665625 0.426887453125 0.4876246109375 0.43843080624999997 0.5669256765624999 0.46949628906249996 0.5631140984375 0.4571374671875 0.48230665625
34 0.5032290671874999 0.47937376406250004 0.4587856453125 0.4852312703125 0.46866358437500005 0.561695878125 0.5120687265625 0.5584518765625 0.5032290671874999 0.47937376406250004
30 0.4835732453125 0.5848005749999999 0.4237786296875 0.590469825 0.4346570359375 0.65914451875 0.49457094531249995 0.6535878765625001 0.4835732453125 0.5848005749999999
12 0.4282599625 0.587091659375 0.370450878125 0.5970193484374999 0.383059765625 0.6613381828125 0.436711890625 0.656314915625 0.4282599625 0.587091659375
16 0.37342564375 0.59476131875 0.321432825 0.6038492296875 0.3341661421875 0.6637547796875001 0.3835897171875 0.658832725 0.37342564375 0.59476131875
18 0.3237312015625 0.5953598671875 0.26447146718750003 0.60080221875 0.281471153125 0.6657829765625001 0.3349394078125 0.6623940109374999 0.3237312015625 0.5953598671875
7 0.34399525 0.7594498421875 0.2678440359375 0.764132546875 0.2828810734375 0.8123819187500001 0.360439284375 0.8098545218750001 0.34399525 0.7594498421875
7 0.3610910609375 0.8086269828124999 0.2848332015625 0.8115681828125 0.30015688125 0.8561674140625 0.3771850625 0.85614549375 0.3610910609375 0.8086269828124999
7 0.3656049984375 0.6861026484375 0.29252468593750003 0.6902923515625 0.30337646406249996 0.7338481046875 0.3765221734375 0.7330562328125 0.3656049984375 0.6861026484375
31 0.521696959375 0.674516221875 0.44255126562499997 0.6804167156250001 0.454922709375 0.7294866437499999 0.5357467046875 0.7261420671875001 0.521696959375 0.674516221875
31 0.5157327765625 0.7515128796874999 0.42964702812500005 0.7567040406250001 0.4448045546875 0.8051817703124999 0.5308643671875 0.8036369359375 0.5157327765625 0.7515128796874999
31 0.5286970015625 0.8033694609375001 0.443579690625 0.803985796875 0.4571759984375 0.8542516984375 0.54089398125 0.855389125 0.5286970015625 0.8033694609375001
25 0.6107574296875 0.750247 0.5206866671875 0.7511880625 0.533946621875 0.8044381078124999 0.6280283343749999 0.80410081875 0.6107574296875 0.750247
25 0.6218711515625001 0.8032250796874999 0.5317930609375 0.8034395359375001 0.5447568453125 0.8552962093750001 0.634046996875 0.8552492359375 0.6218711515625001 0.8032250796874999
25 0.7095124 0.7496445421875 0.6113497703124999 0.7530337453125 0.626022859375 0.8037989328125 0.7225944859375 0.8014760703125001 0.7095124 0.7496445421875
25 0.7244825390625 0.801802915625 0.623384859375 0.8050878203125 0.636052471875 0.855551121875 0.7342932203125 0.856514290625 0.7244825390625 0.801802915625
25 0.8163241078125001 0.745145084375 0.71134000625 0.7485279109375 0.7201045703125 0.8034616437500001 0.8269997421875 0.8040415843750001 0.8163241078125001 0.745145084375
25 0.8289113531250001 0.8043634203125001 0.7259729109374999 0.803670615625 0.735518084375 0.8577102625 0.8357643078124999 0.85897531875 0.8289113531250001 0.8043634203125001
27 0.934390478125 0.7433505125 0.8196483125 0.7466229906249999 0.8282246078125001 0.80523755625 0.9454433265625 0.8087202984375 0.934390478125 0.7433505125
27 0.9472334921875 0.8083397859374999 0.8293013874999999 0.8057368421875 0.839883159375 0.8646532953125 0.95294284375 0.866835578125 0.9472334921875 0.8083397859374999
17 0.4283878828125 0.7562435187500001 0.3465213875 0.758353359375 0.36338821875 0.8057396000000001 0.44372777656249995 0.8046824828125001 0.4283878828125 0.7562435187500001
17 0.4455524265625 0.8050228046875001 0.3635363046875 0.8064362875000001 0.3811837453125 0.8529284421875 0.4567317421875 0.8521616390625001 0.4455524265625 0.8050228046875001
17 0.44100255625000007 0.678561415625 0.3655901359375 0.6836683781249999 0.3766965296875 0.7359198546875 0.4529172328125 0.7291847578125 0.44100255625000007 0.678561415625