19 0.6368660984375001 0.2340543078125 0.49917752968749995 0.1999818484375 0.4712738328125 0.333839959375 0.6035263468750001 0.36521804375 0.6368660984375001 0.2340543078125
9 0.9838608421874999 0.315220225 0.8491261421875 0.282464228125 0.8048167859375001 0.4159155125 0.9368840515624999 0.4480959953125 0.9838608421874999 0.315220225
7 0.604065253125 0.5548567156249999 0.4735528453125 0.525377190625 0.46015675156249997 0.58989900625 0.5879517859375001 0.621093184375 0.604065253125 0.5548567156249999
29 0.7240628984375 0.5793927484375 0.6026446421875 0.5509544734375 0.5855321828125 0.61208275625 0.7074457015625 0.6427642484375 0.7240628984375 0.5793927484375
5 0.8626511359375 0.62089118125 0.7248707953125 0.5867792515625 0.709923275 0.6450266124999999 0.8446533703125001 0.6786670453125 0.8626511359375 0.62089118125
31 0.54345775 0.6548981609375 0.4131387765625 0.624632803125 0.400113203125 0.6875497234375 0.5304438984375001 0.714258196875 0.54345775 0.6548981609375
24 0.627752628125 0.655353534375 0.5453798671875 0.6365689921875 0.528892465625 0.7079837734375001 0.6130973765625 0.72657880625 0.627752628125 0.655353534375
23 0.7293203125 0.6703553343750001 0.626794553125 0.6477584375000001 0.6057918140624999 0.7257373859375 0.71135764375 0.749263978125 0.7293203125 0.6703553343750001
15 0.8330607046875 0.6921939546875 0.725610584375 0.66803634375 0.7072706515625 0.747475315625 0.8192157968749999 0.7758553640625 0.8330607046875 0.6921939546875
27 0.5099520156249999 0.7675317515625 0.3773624484375 0.7406148578125 0.36439483125 0.796783775 0.499680678125 0.8280169734375 0.5099520156249999 0.7675317515625
27 0.503883028125 0.826315115625 0.3773966546875 0.7989403140625 0.36696458593750003 0.8506235312499999 0.49283780625 0.87714808125 0.503883028125 0.826315115625
25 0.639013525 0.8015514234375001 0.5183445609375 0.7731631421875 0.504323403125 0.82739849375 0.6296407546875 0.856330284375 0.639013525 0.8015514234375001
25 0.6305404 0.85450040625 0.5030845187499999 0.8262672406249999 0.4914136578125 0.8768192906250001 0.6211885953125 0.9059350281249999 0.6305404 0.85450040625
25 0.777280503125 0.828193528125 0.6438471625 0.8012925328125 0.6303817640625 0.85312061875 0.7535920453125 0.8781852140625 0.777280503125 0.828193528125
25 0.7596727109375 0.8800894765624999 0.6305670125 0.8523182171875 0.6192087 0.908013440625 0.7493541328125 0.9355243734375 0.7596727109375 0.8800894765624999
39 0.5219418 0.3939386171875 0.4746059640625 0.38309221718750003 0.4548255671875 0.46533070624999995 0.502224215625 0.4767209890625 0.5219418 0.3939386171875
40 0.62199004375 0.4164775875 0.571959075 0.4051205109375 0.5508363875 0.48973379531249994 0.6012505921875 0.501820275 0.62199004375 0.4164775875
38 0.5689540531249999 0.40535124062500005 0.5226603812499999 0.39508135625 0.505239828125 0.4774171984375 0.5526384156249999 0.4888074828125 0.5689540531249999 0.40535124062500005
41 0.6658441265625 0.4243661421875 0.6206019421875 0.4145608 0.600037 0.5001977859375 0.6466816375 0.51141395625 0.6658441265625 0.4243661421875
42 0.7154019375 0.4419563453125 0.6684295203125 0.43097206093749996 0.6494030828125 0.5133846140625 0.6936879296875 0.5245034609375 0.7154019375 0.4419563453125
35 0.7659774109375 0.4508376671875 0.718874415625 0.4394860328125 0.6960477046875 0.5246008484375 0.7442982734375 0.5357403703125 0.7659774109375 0.4508376671875
33 0.8159027875 0.46683576093749996 0.7653903359374999 0.454699571875 0.7436424515625 0.5351414859375 0.7918930171875 0.5462810078125 0.8159027875 0.46683576093749996
37 0.8661106937499999 0.4773091921875 0.8160006875000001 0.4659364484375 0.7920891671875 0.5454313890625 0.8371279125 0.55672430625 0.8661106937499999 0.4773091921875
32 0.9187791187500001 0.4900276453125 0.8665129640625 0.4775981265625 0.840799409375 0.5580194125 0.8890499171874999 0.5691589203125 0.9187791187500001 0.4900276453125
18 0.6450012984375 0.2350877703125 0.6056837749999999 0.3656709453125 0.8052750906249999 0.41264510000000004 0.84452901875 0.283893240625 0.6450012984375 0.2350877703125