11 0.8265625 0.2515625 0.09375 0.125
9 0.74453125 0.24609375 0.0890625 0.1203125
10 0.66640625 0.24140625 0.0875 0.1234375
8 0.58671875 0.23046875 0.09375 0.1359375
20 0.4890625 0.22578125 0.0859375 0.1265625
20 0.40625 0.21484375 0.096875 0.1328125
19 0.3171875 0.20625 0.0921875 0.134375
19 0.2234375 0.19765625 0.0953125 0.13125
13 0.31953125 0.3484375 0.090625 0.115625
13 0.40390625 0.3578125 0.0890625 0.1171875
14 0.48359375 0.36015625 0.0859375 0.1203125
14 0.56328125 0.36796875 0.0859375 0.115625
14 0.64296875 0.3765625 0.0875 0.1140625
3 0.71171875 0.39453125 0.0640625 0.0828125
3 0.76953125 0.3984375 0.065625 0.08125
2 0.828125 0.39921875 0.065625 0.084375
5 0.2328125 0.46796875 0.103125 0.06875
4 0.31953125 0.46640625 0.06875 0.08125
29 0.403125 0.48125 0.1015625 0.0671875
28 0.48359375 0.4796875 0.0640625 0.078125
1 0.565625 0.49140625 0.1 0.0671875
0 0.6484375 0.49296875 0.0671875 0.0765625
15 0.63125 0.5875 0.078125 0.090625
23 0.55625 0.5828125 0.0734375 0.0859375
24 0.6265625 0.6828125 0.0671875 0.075
24 0.56484375 0.67734375 0.059375 0.075
24 0.50703125 0.67421875 0.065625 0.078125
26 0.44921875 0.6765625 0.046875 0.0671875
30 0.39453125 0.66875 0.0703125 0.075
12 0.325 0.6625 0.065625 0.08125
16 0.2640625 0.6609375 0.0671875 0.0765625
6 0.19765625 0.65859375 0.0734375 0.0828125
27 0.771875 0.90625 0.0953125 0.065625
25 0.6859375 0.85 0.1 0.0671875
25 0.678125 0.9046875 0.0953125 0.0609375
25 0.58984375 0.8453125 0.096875 0.0625
25 0.58515625 0.90078125 0.1 0.0609375
25 0.4875 0.89296875 0.0953125 0.0625
25 0.49375 0.83671875 0.0984375 0.065625
25 0.5 0.77890625 0.1015625 0.0671875
25 0.596875 0.7890625 0.103125 0.065625
31 0.403125 0.77578125 0.103125 0.0671875
31 0.39765625 0.8328125 0.1 0.0609375
31 0.3921875 0.88828125 0.1 0.0625
17 0.2859375 0.82890625 0.1046875 0.0671875
17 0.28515625 0.8859375 0.103125 0.065625
7 0.1859375 0.88125 0.10625 0.0640625
7 0.184375 0.82421875 0.109375 0.0703125
42 0.1921875 0.56015625 0.0359375 0.0796875
41 0.228125 0.5625 0.0359375 0.0796875
38 0.2640625 0.565625 0.0375 0.0796875
39 0.2984375 0.56796875 0.0375 0.078125
37 0.334375 0.5703125 0.0375 0.078125
35 0.371875 0.57421875 0.0375 0.078125
33 0.40859375 0.57421875 0.0375 0.078125
34 0.45 0.578125 0.0484375 0.0765625
36 0.496875 0.5796875 0.046875 0.078125
18 0.22421875 0.34140625 0.1109375 0.1140625