19 0.46875 0.28671875 0.140625 0.196875
14 0.34140625 0.2890625 0.1390625 0.203125
13 0.2171875 0.29296875 0.1640625 0.2078125
9 0.10234375 0.29375 0.159375 0.2109375
7 0.4515625 0.6046875 0.1078125 0.0546875
29 0.3359375 0.6109375 0.11875 0.059375
5 0.225 0.61875 0.11875 0.0578125
31 0.4671875 0.675 0.0984375 0.0546875
24 0.3875 0.67265625 0.0625 0.0515625
23 0.3203125 0.675 0.078125 0.0453125
15 0.2484375 0.678125 0.08125 0.0421875
39 0.5137250890625 0.5320092843750001 0.5208968031250001 0.448756128125 0.47918171562499995 0.4494770953125 0.47757235624999994 0.53390396875 0.5137250890625 0.5320092843750001
38 0.47099909687499997 0.534248459375 0.4698572953125 0.44957551562500003 0.42674410468749996 0.45145257031249997 0.43330005624999995 0.538079640625 0.47099909687499997 0.534248459375
40 0.4315273484375 0.5356986078125 0.422958259375 0.45079643437500005 0.382485284375 0.45222675 0.39129866875 0.53842538125 0.4315273484375 0.5356986078125
41 0.38876903125 0.537320975 0.3777349546875 0.4525479734375 0.3372798328125 0.4545958671875 0.351037665625 0.540535371875 0.38876903125 0.537320975
42 0.3468970703125 0.54013389375 0.3308683671875 0.45438565625000005 0.2868970125 0.45646365468749994 0.3083438734375 0.5433913609375 0.3468970703125 0.54013389375
35 0.3059113359375 0.544137321875 0.28498504687500004 0.459264259375 0.240866078125 0.46273935312500003 0.26729355312499997 0.5461611937499999 0.3059113359375 0.544137321875
33 0.2638776234375 0.5438662562500001 0.2363781390625 0.4593376796875 0.1944716984375 0.46208012500000006 0.22203792500000002 0.5472959609375 0.2638776234375 0.5438662562500001
37 0.2212485453125 0.5479558328125 0.188722234375 0.46183521875 0.1462244390625 0.4653813203125 0.1794734953125 0.55261910625 0.2212485453125 0.5479558328125
32 0.1777332375 0.5508548515625 0.14356358125 0.46482037500000006 0.099830059375 0.46472209062500003 0.136715178125 0.554241496875 0.1777332375 0.5508548515625
25 0.32680147187499997 0.78553329375 0.42030837187500003 0.7775403671875 0.41704885 0.7467868156249999 0.3220052640625 0.752871953125 0.32680147187499997 0.78553329375
25 0.3381482375 0.8133890750000001 0.425081878125 0.8057406390624999 0.4211300765625 0.777497303125 0.3339349203125 0.783925965625 0.3381482375 0.8133890750000001
27 0.5123982640625 0.7739511203125 0.5139394171875 0.740472040625 0.42162235625 0.7468785796875 0.4253029953125 0.7785155890625 0.5123982640625 0.7739511203125
27 0.51477155625 0.8035141375 0.5123659390624999 0.7733343359375 0.42837464687500004 0.777431259375 0.4326384640625 0.8084370515625 0.51477155625 0.8035141375