19 0.60390625 0.28125 0.203125 0.23125
14 0.7359375 0.2828125 0.171875 0.2296875
13 0.88671875 0.31640625 0.2203125 0.2359375
31 0.5171875 0.72578125 0.1234375 0.0671875
24 0.61875 0.7359375 0.09375 0.0828125
23 0.70703125 0.746875 0.115625 0.0828125
7 0.56171875 0.62421875 0.1421875 0.0828125
29 0.6953125 0.6375 0.1390625 0.0828125
5 0.8296875 0.6640625 0.159375 0.084375
27 0.5 0.86484375 0.1109375 0.0546875
39 0.5109375 0.48046875 0.059375 0.1109375
38 0.5625 0.48828125 0.0640625 0.1109375
40 0.65032630625 0.446541225 0.601135503125 0.4397091296875 0.5826519046875 0.546055471875 0.6297869656249999 0.5525217953125 0.65032630625 0.446541225
41 0.7005574828125 0.45186076406250003 0.6510253109375 0.445834828125 0.6332683593749999 0.55362809375 0.68243151875 0.55830686875 0.7005574828125 0.45186076406250003
42 0.7346655656250001 0.567435809375 0.763335615625 0.46550545625 0.7127306734375 0.45884209218749994 0.6867217375 0.56019134375 0.7346655656250001 0.567435809375
35 0.78439114375 0.5748990468749999 0.8236950953125 0.47122052343750004 0.7671571109374999 0.46484596875 0.73572066875 0.56620765625 0.78439114375 0.5748990468749999
33 0.8393414296874999 0.5840015140625 0.8791883671875 0.479730384375 0.82446388125 0.46948583906249997 0.7890533609375 0.5737538328125 0.8393414296874999 0.5840015140625
37 0.8927126968750001 0.591233521875 0.9362059390624999 0.48503511875000005 0.88220748125 0.47793356718749996 0.8402323062500001 0.5841109 0.8927126968750001 0.591233521875
32 0.9449467421875 0.6003624624999999 0.9969613015625001 0.4967353 0.9433504234375001 0.4881563671875 0.89352145625 0.5920116875 0.9449467421875 0.6003624624999999
25 0.684130821875 0.8906272640624999 0.6936626078125 0.8487600625 0.5847538109375 0.8309058703125001 0.574317403125 0.8717130843750001 0.684130821875 0.8906272640624999
25 0.664469375 0.9255498390625 0.6806330625 0.8904119203124999 0.5760991546875001 0.87193185625 0.5645379109374999 0.9071701453125 0.664469375 0.9255498390625
25 0.7923266515625 0.9079851234375 0.8112303765625001 0.86743593125 0.700158896875 0.848470078125 0.683404175 0.8891803390625 0.7923266515625 0.9079851234375
25 0.7724674375 0.9445189328125 0.7854342562500001 0.9117606109375 0.6806157625 0.8897946171875001 0.6662175921875 0.9260422921875 0.7724674375 0.9445189328125