19 0.176086284375 0.27173359218750004 0.26216602187500004 0.2799557625 0.25486359062499997 0.1598957328125 0.169280353125 0.15722170625 0.176086284375 0.27173359218750004
19 0.259797978125 0.2779761890625 0.34099635156249997 0.28501481875 0.337391309375 0.1651485453125 0.25718334062500003 0.16066951093749998 0.259797978125 0.2779761890625
20 0.34005471875 0.27939907812500003 0.4190305125 0.28168255468750003 0.416076178125 0.172983184375 0.3355974609375 0.1682560078125 0.34005471875 0.27939907812500003
18 0.414246028125 0.27864862343749996 0.491892384375 0.28271789687500004 0.4987493578125 0.17546042343749998 0.41585554687500004 0.170144165625 0.414246028125 0.27864862343749996
8 0.48311959218749995 0.285041321875 0.566928259375 0.2894335484375 0.571271821875 0.1829720859375 0.49278914687500003 0.176494075 0.48311959218749995 0.285041321875
9 0.567073721875 0.2866579828125 0.654579965625 0.291243990625 0.66163079375 0.1802857484375 0.573289528125 0.173758946875 0.567073721875 0.2866579828125
10 0.6522605015625 0.2883392296875 0.7287227875 0.29141872968750004 0.7318338859375 0.1848926875 0.659530271875 0.179437628125 0.6522605015625 0.2883392296875
11 0.72502530625 0.291224953125 0.7966547171875 0.29219568906250004 0.8007557500000001 0.1903601734375 0.7303600671875 0.18430865624999998 0.72502530625 0.291224953125
13 0.1990715984375 0.399109659375 0.288004159375 0.40005947812500003 0.2823908578125 0.29493166875 0.1961578546875 0.29307380625 0.1990715984375 0.399109659375
13 0.2831227 0.3988759359375 0.36456341875 0.40128859375000003 0.3625991125 0.2972797359375 0.287324753125 0.293215678125 0.2831227 0.3988759359375
13 0.361856059375 0.40578536249999997 0.43343698125 0.4076812890625 0.4362085765625 0.307631571875 0.3624749625 0.3041081078125 0.361856059375 0.40578536249999997
14 0.43367941718749997 0.4030553375 0.5100932171875 0.40706001562500005 0.5167077546875001 0.30442849375000003 0.4368715390625 0.299894096875 0.43367941718749997 0.4030553375
14 0.5063957359375 0.40686623906249997 0.5780251468750001 0.407836990625 0.5856781984375 0.308970815625 0.512142896875 0.308474884375 0.5063957359375 0.40686623906249997
14 0.5731436890625 0.40665344843750006 0.6521680640625 0.4080117171875 0.6584915828125 0.31093135312500003 0.581795040625 0.3063302203125 0.5731436890625 0.40665344843750006
1 0.6534004312499999 0.408076303125 0.7103855671875 0.40549639375 0.7165840046875 0.3343859234375 0.65769888125 0.332329090625 0.6534004312499999 0.408076303125
2 0.747456978125 0.40558375468749996 0.793058746875 0.40797364218750004 0.7965013359374999 0.342285134375 0.7484417624999999 0.3405617109375 0.747456978125 0.40558375468749996
0 0.5983185843750001 0.490463571875 0.6510983484375 0.48951872500000004 0.6583097984374999 0.4305218453125 0.6039389359375 0.43065334843749997 0.5983185843750001 0.490463571875
1 0.5183918203125 0.4906042046875 0.6000265171875 0.4893161015625 0.6043850796875 0.43759158593749997 0.5201140671875 0.4378502328125 0.5183918203125 0.4906042046875
28 0.45663845781249995 0.489841784375 0.5183918203125 0.4906042046875 0.5175806765625001 0.42747596093749995 0.4578467 0.42686029843749995 0.45663845781249995 0.489841784375
29 0.361824984375 0.4910576953125 0.4532871796875 0.49090313124999996 0.45445615312500004 0.43715597500000003 0.3616526890625 0.43418160625 0.361824984375 0.4910576953125
4 0.30417989218749997 0.490510603125 0.36267894843750004 0.490483971875 0.3654130328125 0.42259363125 0.3046434515625 0.4211492484375 0.30417989218749997 0.490510603125
5 0.20791708125000002 0.48793964375 0.3058878265625 0.4893631328125 0.307186096875 0.4331488171875 0.20935569062499998 0.43083604218750005 0.20791708125000002 0.48793964375
17 0.2902907953125 0.81841524375 0.378757284375 0.8125373078125 0.3771056953125 0.765445709375 0.287458259375 0.7687200062499999 0.2902907953125 0.81841524375
17 0.3024298984375 0.86976743125 0.3876421484375 0.8631004234375 0.38687685156249996 0.8148183171875001 0.30127173125 0.8196670906250001 0.3024298984375 0.86976743125
17 0.289867546875 0.7478855234374999 0.374821134375 0.7461528765625001 0.37740711562499996 0.6968094234375 0.292079715625 0.700195121875 0.289867546875 0.7478855234374999
31 0.3804569765625 0.7643843390625 0.46898811562500003 0.7572728343749999 0.4682228828125 0.708990684375 0.3840608203125 0.7142876140625 0.3804569765625 0.7643843390625
31 0.38520124375 0.8153489796875 0.468705496875 0.8098294625 0.47214544687500004 0.759912215625 0.384477753125 0.7653052796875001 0.38520124375 0.8153489796875
31 0.3936846265625 0.8578506984375001 0.473112996875 0.8514990953125 0.4745540265625 0.8082804890625 0.39224799374999997 0.813617659375 0.3936846265625 0.8578506984375001
25 0.4705991375 0.7579757421875 0.5532817484375 0.7524131640625 0.5573817156249999 0.70562296875 0.47405006875 0.70741379375 0.4705991375 0.7579757421875
25 0.476197371875 0.8083666125000001 0.5563503484375001 0.8039084171875001 0.5614336421874999 0.754077340625 0.47964436718750003 0.7579301296875001 0.476197371875 0.8083666125000001
25 0.4762702640625 0.8541385187499999 0.5547800171875 0.8495942078125 0.558847659375 0.80342081875 0.47693872812500004 0.809556809375 0.4762702640625 0.8541385187499999
25 0.558341025 0.7502043265625 0.63672141875 0.7481271921875 0.6424646640625 0.7014231875 0.5608763609375 0.7019195375 0.558341025 0.7502043265625
25 0.557366 0.8002507296875001 0.639129934375 0.7964954390625001 0.6407327125 0.7501928984374999 0.5633077046875 0.7538154359375 0.557366 0.8002507296875001
25 0.556358653125 0.850913896875 0.63486834375 0.8463696265625 0.639951640625 0.7965385031250001 0.5608039781249999 0.8015893796875 0.556358653125 0.850913896875
25 0.638935984375 0.8001962390624999 0.719088959375 0.79573804375 0.722464321875 0.7470544140625 0.6438080875 0.7510803078125 0.638935984375 0.8001962390624999
25 0.6331280875 0.8481338578125 0.7123300593749999 0.8460997812500001 0.7182997046875 0.7950782015625 0.643359153125 0.7989619375 0.6331280875 0.8481338578125
27 0.716729253125 0.8407639359375001 0.7927740812499999 0.836090490625 0.7951661156250001 0.790447765625 0.7228725203125 0.7954024203125 0.716729253125 0.8407639359375001
18 0.7225372765625 0.7928263234374999 0.7969063734375 0.7886834859375 0.798702975 0.7386801625 0.7246719125000001 0.7414102515625001 0.7225372765625 0.7928263234374999
24 0.59612055625 0.6581741812499999 0.644759725 0.6576308140625 0.6496031609374999 0.596654375 0.5992450984375 0.5988480734375 0.59612055625 0.6581741812499999
24 0.5423250765625001 0.6627767125 0.5951695531250001 0.6605982781249999 0.599191409375 0.5995788046875 0.54344261875 0.6021048999999999 0.5423250765625001 0.6627767125
24 0.48954525000000004 0.663721578125 0.544065396875 0.6610124609375 0.5448005625000001 0.5998207390625 0.48792281718749997 0.5999678953124999 0.48954525000000004 0.663721578125
26 0.44593296562500007 0.662672934375 0.48724194687500005 0.660508428125 0.4873629421875 0.61103576875 0.447127459375 0.6117378515625 0.44593296562500007 0.662672934375
30 0.38970488593749997 0.6665294984375 0.4449819625 0.6650970296875001 0.4466358078125 0.6020979734374999 0.3929985 0.6027197609375 0.38970488593749997 0.6665294984375
12 0.334330834375 0.66981234375 0.3920405734375 0.6691258671875 0.3893598109375 0.610229059375 0.33181673906250003 0.6103306546875 0.334330834375 0.66981234375
16 0.2773780859375 0.671775471875 0.3352171265625 0.6686218125 0.331779371875 0.608448353125 0.2772435703125 0.6097885875 0.2773780859375 0.671775471875
6 0.21700941093749998 0.6760335375000001 0.2780704296875 0.6742857156250001 0.27732393593750004 0.6099238828125 0.215438240625 0.6096401640625 0.21700941093749998 0.6760335375000001
15 0.58775259375 0.5820270546875 0.653872825 0.5780704140624999 0.646779346875 0.5090465328125 0.5824753078125 0.5060222078125001 0.58775259375 0.5820270546875
18 0.5259021984375 0.58311500625 0.5836766484375 0.581194940625 0.5808530640625 0.509302421875 0.5267939765625 0.50696739375 0.5259021984375 0.58311500625
42 0.2192433625 0.59110288125 0.2513848484375 0.5909318828125001 0.249685753125 0.5195930718749999 0.2160727890625 0.519982596875 0.2192433625 0.59110288125
41 0.251994203125 0.5887372531249999 0.28413568906250003 0.58856625625 0.28239780468750003 0.5179675984375 0.25081138125 0.5176307859375 0.251994203125 0.5887372531249999
38 0.2846092796875 0.5889621765624999 0.31578419062499996 0.5883694203125 0.31446171093749997 0.5192769109375 0.2822254890625 0.519740728125 0.2846092796875 0.5889621765624999
39 0.3171856046875 0.589927240625 0.3468815234375 0.589256975 0.3456172265625 0.5190542406249999 0.31622649687500004 0.5196682515625 0.3171856046875 0.589927240625
37 0.3469397078125 0.5881467484375 0.378588171875 0.5879499125 0.3767339171875 0.5195717203125 0.347121084375 0.5198965734375001 0.3469397078125 0.5881467484375
35 0.381072528125 0.587709025 0.4097630828125 0.5873571703125 0.408343628125 0.520115028125 0.37744769375 0.5191679328125 0.381072528125 0.587709025
37 0.41143602343749996 0.5837339203125 0.4395753703125 0.5844664828125 0.4399064375 0.5121207640625001 0.40934639375000004 0.5120313046875 0.41143602343749996 0.5837339203125
34 0.4411125484375 0.5834337390625 0.480214084375 0.5825142265625 0.48183019375 0.5139468078125 0.4388869578125 0.5145066578125 0.4411125484375 0.5834337390625
36 0.48411925 0.5834610609374999 0.5217418296874999 0.582464040625 0.5212889875 0.5156436546875 0.483294721875 0.5163703703125 0.48411925 0.5834610609374999