9 0.14921875 0.3265625 0.1375 0.1703125
19 0.440625 0.309375 0.121875 0.16875
18 0.2984375 0.3171875 0.1828125 0.16875
5 0.2234375 0.62109375 0.115625 0.0703125
29 0.34140625 0.60703125 0.1125 0.0703125
7 0.45 0.6015625 0.1140625 0.0703125
23 0.30078125 0.7 0.08125 0.0796875
24 0.37578125 0.69609375 0.0734375 0.0765625
31 0.46015625 0.6921875 0.1046875 0.0640625
27 0.4734375 0.8 0.1015625 0.053125
27 0.475 0.84453125 0.096875 0.053125
25 0.36796875 0.8125 0.1015625 0.05625
25 0.37421875 0.85546875 0.1 0.0484375
25 0.265625 0.81875 0.103125 0.0578125
25 0.27734375 0.8640625 0.103125 0.053125
32 0.48671875 0.475 0.04375 0.0859375
38 0.44296875 0.4796875 0.046875 0.090625
40 0.40390625 0.4828125 0.0453125 0.0890625
41 0.38970736875 0.5263796859375 0.3764373578125 0.4407907984375 0.338841696875 0.44407999374999996 0.3528200140625 0.5296069109375 0.38970736875 0.5263796859375
42 0.34872141874999996 0.5299654921875 0.3344164890625 0.44198858124999996 0.2960986046875 0.44658024375 0.31270758125000003 0.5337359375 0.34872141874999996 0.5299654921875
33 0.27002839375 0.5368502390625001 0.2510741484375 0.4523783 0.21421487187500002 0.454983428125 0.2339069578125 0.5393908140625 0.27002839375 0.5368502390625001
37 0.22980836093749998 0.53974939375 0.21008819843749998 0.4559641046875 0.17086706406250002 0.4600151515625 0.1920474875 0.5424334 0.22980836093749998 0.53974939375
32 0.1878950921875 0.5421770453125 0.1583383015625 0.45925235156250005 0.11587907187499999 0.46420633593750005 0.1510077359375 0.5454042703125 0.1878950921875 0.5421770453125
18 0.30562455312500003 0.5188645734375 0.29271841875 0.44687597187500006 0.2536245125 0.452155171875 0.270538034375 0.523793171875 0.30562455312500003 0.5188645734375
18 0.2265625 0.70625 0.0734375 0.078125