21 0.85 0.35546875 0.121875 0.11875
19 0.75859375 0.33828125 0.1171875 0.1203125
20 0.6671875 0.32265625 0.1125 0.11875
22 0.57734375 0.30390625 0.125 0.1203125
8 0.48125 0.2859375 0.121875 0.11875
9 0.38515625 0.26484375 0.1265625 0.1234375
10 0.2953125 0.246875 0.115625 0.115625
11 0.20703125 0.2296875 0.1125 0.1125
13 0.82265625 0.4640625 0.121875 0.1140625
13 0.73046875 0.44375 0.11875 0.115625
13 0.63984375 0.42890625 0.115625 0.1125
14 0.54609375 0.41015625 0.1125 0.1078125
14 0.4515625 0.39453125 0.1140625 0.1078125
14 0.35703125 0.375 0.121875 0.1125
2 0.17109375 0.34765625 0.0953125 0.0796875
5 0.79921875 0.553125 0.128125 0.075
4 0.71015625 0.53046875 0.0859375 0.0734375
29 0.6171875 0.515625 0.121875 0.071875
28 0.5265625 0.496875 0.0828125 0.071875
1 0.43828125 0.48203125 0.125 0.0734375
0 0.34765625 0.459375 0.0875 0.075
15 0.334375 0.5421875 0.10625 0.0890625
23 0.41640625 0.55859375 0.10625 0.090625
34 0.5375 0.584375 0.0671875 0.0765625
33 0.5828125 0.59296875 0.0515625 0.071875
35 0.62421875 0.60234375 0.05625 0.075
37 0.6625 0.60859375 0.0546875 0.075
41 0.70078125 0.6171875 0.05625 0.0765625
40 0.73984375 0.6265625 0.0546875 0.075
18 0.778125 0.6328125 0.05625 0.0734375
45 0.81796875 0.6421875 0.0578125 0.0734375
6 0.76875 0.72734375 0.0890625 0.0796875
16 0.6984375 0.7109375 0.084375 0.0796875
12 0.6296875 0.7 0.0765625 0.075
30 0.56171875 0.68671875 0.08125 0.075
26 0.50234375 0.68125 0.0546875 0.0609375
24 0.45 0.6640625 0.0828125 0.078125
24 0.38125 0.65078125 0.0828125 0.0765625
24 0.3140625 0.6390625 0.078125 0.0734375
7 0.746875 0.9171875 0.1203125 0.0671875
17 0.6375 0.8953125 0.1234375 0.0703125
17 0.64765625 0.84296875 0.1234375 0.0734375
31 0.53046875 0.87265625 0.121875 0.0703125
31 0.53828125 0.821875 0.11875 0.071875
25 0.41953125 0.8484375 0.1234375 0.071875
25 0.42734375 0.79765625 0.125 0.071875
25 0.30859375 0.82578125 0.11875 0.06875
25 0.31875 0.775 0.1234375 0.0734375
25 0.21171875 0.753125 0.1203125 0.0734375
25 0.20234375 0.8015625 0.1203125 0.0734375
27 0.096875 0.78125 0.1171875 0.071875
27 0.10390625 0.7328125 0.115625 0.0703125