27 0.18671875 0.88203125 0.096875 0.065625
25 0.27734375 0.88671875 0.096875 0.0609375
25 0.36875 0.89453125 0.0953125 0.0625
25 0.46484375 0.9015625 0.09375 0.0609375
31 0.56171875 0.80234375 0.0921875 0.0640625
31 0.55703125 0.859375 0.096875 0.0625
31 0.5484375 0.91015625 0.09375 0.0546875
17 0.63828125 0.915625 0.096875 0.065625
17 0.64765625 0.859375 0.0921875 0.059375
7 0.73828125 0.8703125 0.096875 0.06875
7 0.7296875 0.92421875 0.096875 0.0609375
18 0.7328125 0.71875 0.0546875 0.0640625
12 0.67421875 0.7140625 0.06875 0.0671875
16 0.61015625 0.709375 0.065625 0.06875
30 0.54765625 0.70625 0.0671875 0.071875
26 0.49921875 0.703125 0.0453125 0.065625
24 0.45390625 0.69765625 0.0703125 0.0734375
24 0.3953125 0.6921875 0.0671875 0.075
24 0.3375 0.68828125 0.065625 0.0734375
23 0.43828125 0.6015625 0.0796875 0.090625
36 0.49375 0.6078125 0.05625 0.0796875
18 0.540625 0.61171875 0.0546875 0.0765625
33 0.5796875 0.6140625 0.0359375 0.0765625
35 0.609375 0.6203125 0.0390625 0.078125
37 0.640625 0.62265625 0.0375 0.0734375
41 0.67265625 0.62578125 0.0390625 0.0765625
40 0.70625 0.6265625 0.0390625 0.075
44 0.73671875 0.63046875 0.0390625 0.078125
45 0.76796875 0.63125 0.034375 0.0765625
5 0.7515625 0.5265625 0.096875 0.0671875
4 0.675 0.51640625 0.06875 0.075
29 0.58828125 0.51640625 0.1015625 0.0640625
28 0.50390625 0.50625 0.065625 0.06875
1 0.42890625 0.50546875 0.0953125 0.0625
0 0.34609375 0.4953125 0.0671875 0.071875
18 0.72734375 0.41640625 0.1265625 0.0984375
13 0.62890625 0.40703125 0.090625 0.109375
14 0.54921875 0.40390625 0.0859375 0.1078125
14 0.4734375 0.39921875 0.0859375 0.109375
14 0.39921875 0.3953125 0.0875 0.1015625
3 0.33046875 0.4 0.0625 0.0765625
3 0.275 0.39296875 0.0625 0.0796875
2 0.215625 0.3890625 0.06875 0.0796875
11 0.21640625 0.2515625 0.1015625 0.1234375
10 0.30546875 0.26171875 0.1015625 0.1234375
9 0.38359375 0.2640625 0.0859375 0.121875
8 0.46640625 0.265625 0.10625 0.1328125
20 0.546875 0.27734375 0.0890625 0.1140625
20 0.61953125 0.2875 0.0875 0.1015625
19 0.7 0.28671875 0.0875 0.121875
19 0.778125 0.29765625 0.0828125 0.1046875
19 0.333186784375 0.5507879296875 0.31604780312499997 0.6333142328125 0.39902991875 0.6424671531249999 0.406098203125 0.5574368640625 0.333186784375 0.5507879296875