13 0.2284875578125 0.35544270624999996 0.3051944640625 0.3613564046875 0.314971090625 0.259254915625 0.23401491874999997 0.24931373125 0.2284875578125 0.35544270624999996
13 0.3029337296875 0.36469966249999997 0.374770525 0.371533840625 0.38549139375 0.26953159375 0.3129032953125 0.261902278125 0.3029337296875 0.36469966249999997
14 0.37775215 0.3704148734375 0.44973785 0.37583235312499996 0.4617007609375 0.27109595625 0.3870182859375 0.2653950328125 0.37775215 0.3704148734375
14 0.4564219890625 0.3758187109375 0.5366825078125 0.38425443125 0.5495896609375001 0.27961727812500003 0.4694035921875 0.2704732078125 0.4564219890625 0.3758187109375
19 0.5432994859375 0.3855865015625 0.6333171671875 0.39504774062500003 0.6496683921875 0.27883634218750003 0.554340184375 0.269851415625 0.5432994859375 0.3855865015625
19 0.6277540125 0.395497503125 0.7094807265624999 0.40512180156250005 0.72845221875 0.2902202765625 0.6468925796875 0.2816480125 0.6277540125 0.395497503125
20 0.7067529171875 0.40483509843750004 0.7938277109375 0.4160559734375 0.8255045000000001 0.29835193437499996 0.733161534375 0.28761182500000004 0.7067529171875 0.40483509843750004
23 0.20865498750000003 0.46006814374999994 0.2838848 0.46590616875 0.2898676953125 0.3827426390625 0.21344933593749998 0.37677969375 0.20865498750000003 0.46006814374999994
15 0.282735975 0.463716475 0.35513043906249997 0.470290965625 0.3621546203125 0.3903403 0.2926820734375 0.38407291718750003 0.282735975 0.463716475
8 0.3532288359375 0.47526346718749996 0.4297150140625 0.482268015625 0.4438079078125 0.3875431984375 0.36207638750000004 0.37998734375 0.3532288359375 0.47526346718749996
9 0.4293667390625 0.4815731078125 0.5120329296875 0.48941528749999996 0.52420729375 0.39505308437500003 0.44293001875 0.38651049843749996 0.4293667390625 0.4815731078125
10 0.5099770593749999 0.48750643125000004 0.583715875 0.49441030625 0.5952743328125 0.40590808125000005 0.5219152765625 0.3973513453125 0.5099770593749999 0.48750643125000004
11 0.5848317953125 0.4945275953125 0.66080245625 0.5016660468749999 0.6715969390625001 0.409697971875 0.5959355125 0.4017456359375 0.5848317953125 0.4945275953125
3 0.6578066390624999 0.497965621875 0.7124868 0.5037127390625 0.7182338578125 0.4382985578125 0.6671401671875 0.43292839531249994 0.6578066390624999 0.497965621875
2 0.7123988140625 0.5045498796875 0.765787078125 0.5118539859375 0.7738539671875 0.4458372421875 0.7207171046874999 0.4385595578125 0.7123988140625 0.5045498796875
1 0.5033222234375 0.5722921125 0.5948277984375 0.5819097359375001 0.6038947140625 0.5278475234375 0.5137099046875 0.51836871875 0.5033222234375 0.5722921125
28 0.4473501671875 0.5681019875 0.50752195 0.5752726828125 0.515676825 0.5084188000000001 0.45775226562500004 0.5031770718749999 0.4473501671875 0.5681019875
29 0.36348006875 0.5609796593749999 0.451813853125 0.5685711390625 0.4562411078125 0.515714053125 0.36807777812500003 0.5081404890625 0.36348006875 0.5609796593749999
4 0.3032202984375 0.5546461015624999 0.366827834375 0.5613315234375 0.374982709375 0.494477640625 0.31376424531249997 0.48804332031250003 0.3032202984375 0.5546461015624999
5 0.220554109375 0.5468039234375001 0.3043362203125 0.554763390625 0.308763475 0.5019063046875 0.22185738906250002 0.49277210625 0.220554109375 0.5468039234375001
24 0.5311553015625 0.7521688875 0.5885038015624999 0.7575757750000001 0.5998866984375 0.6886348578125 0.5402366859375001 0.6829860734375 0.5311553015625 0.7521688875
24 0.47783398593750004 0.7478059609375001 0.5302079109375 0.75331068125 0.5403207984375 0.6885810703125 0.4856325609375 0.6828331046875 0.47783398593750004 0.7478059609375001
24 0.4247707703125 0.740987421875 0.4797287671875 0.7455223734375 0.4869554265625 0.676765303125 0.432060815625 0.6728577 0.4247707703125 0.740987421875
26 0.38480103125 0.735545065625 0.42647197812500004 0.7405455437499999 0.4307069546875 0.6845084015625 0.3914805859375 0.681006228125 0.38480103125 0.735545065625
30 0.3291537390625 0.7296963 0.3863731921875 0.7363309921875001 0.3946558234375 0.673271065625 0.337541971875 0.666647471875 0.3291537390625 0.7296963
16 0.2768443390625 0.7235776765625 0.33085494843749996 0.7292544203125 0.3369201796875 0.6715475953125 0.2797282234375 0.665536478125 0.2768443390625 0.7235776765625
6 0.22548233125 0.716317259375 0.27690886406250004 0.7229637734375001 0.2808416875 0.6619294015625 0.2302491609375 0.655991228125 0.22548233125 0.716317259375
12 0.2214221734375 0.6289947421875001 0.27386062031249997 0.6338855609375 0.278418215625 0.5747789078125 0.226810865625 0.570596125 0.2214221734375 0.6289947421875001
40 0.2763740515625 0.63203210625 0.3044207984375 0.6360752609375 0.3068633890625 0.57116015625 0.27949714062500003 0.568283846875 0.2763740515625 0.63203210625
42 0.306473134375 0.6373862953125 0.3346337453125 0.6403460953125 0.34024926718750004 0.573026165625 0.3078921578125 0.5690776328125 0.306473134375 0.6373862953125
41 0.3341963421875 0.637561809375 0.36363028750000004 0.6422984296875 0.369797078125 0.5766794281250001 0.3396137015625 0.5729593640624999 0.3341963421875 0.637561809375
38 0.3642384890625 0.6434576796875 0.39251296562500004 0.645334121875 0.399401825 0.5797910125 0.3698907703125 0.576689275 0.3642384890625 0.6434576796875
39 0.39262683125 0.644250765625 0.4243977765625 0.6475900265625001 0.4313435671875 0.5815052359374999 0.40184004531250006 0.5784042921875 0.39262683125 0.644250765625
34 0.5157198109375 0.6539023828125 0.5544267625 0.660708959375 0.5642608203125 0.594927740625 0.521845440625 0.5899220406250001 0.5157198109375 0.6539023828125
33 0.4843862671875 0.65334740625 0.514104878125 0.655375634375 0.5195496015625001 0.5896807390625 0.4922906109375 0.5862680421875 0.4843862671875 0.65334740625
35 0.4555035890625 0.6503117140625 0.483721134375 0.6527298375 0.49043919375 0.5888117625 0.461671946875 0.585788203125 0.4555035890625 0.6503117140625
37 0.425461440625 0.6444158453125 0.45428718593750006 0.6479932171875 0.4601123828125 0.5856242859375 0.43217404843749996 0.5815925234375 0.425461440625 0.6444158453125
18 0.5544267625 0.660708959375 0.5971425781249999 0.6641032484375 0.6061407046875 0.59932949375 0.5658450328125 0.595094246875 0.5544267625 0.660708959375
27 0.6271220125 0.913702321875 0.713257653125 0.9276845046875 0.722504325 0.8744377859375 0.6355819015625 0.8625635578124999 0.6271220125 0.913702321875
27 0.620287328125 0.9578922890625 0.7061563640624999 0.96746515 0.7148156515624999 0.92675293125 0.6286718859375 0.9144128828125 0.620287328125 0.9578922890625
25 0.5336962265625 0.9482435359375 0.6165061953125 0.9591378625000001 0.620851140625 0.9108525765625 0.541014296875 0.9008183984375 0.5336962265625 0.9482435359375
18 0.5346196921875 0.8908360375000001 0.6166506625 0.9021961515625 0.6226466562499999 0.8382021859375 0.5363082984374999 0.8274846703125001 0.5346196921875 0.8908360375000001
25 0.4453888703125 0.8924107484375 0.530251175 0.9046161109374999 0.5354320515625 0.855323359375 0.45268485937499997 0.844983290625 0.4453888703125 0.8924107484375
25 0.4434378578125 0.9387569984375 0.5285278921875001 0.9487956453124999 0.532531240625 0.9037604312499999 0.448340084375 0.8932685953125 0.4434378578125 0.9387569984375
31 0.36447298125 0.83571185 0.4461234796875 0.843746 0.4525776921875 0.79623006875 0.3687457828125 0.7890619671875 0.36447298125 0.83571185
31 0.3593490375 0.8844629218750001 0.445218071875 0.894035784375 0.44705521875 0.8487728921875 0.3642302109375 0.8389723078125 0.3593490375 0.8844629218750001
31 0.3589560234375 0.9298776 0.44043572343750004 0.939536784375 0.4458832078125 0.8946533562500001 0.3637243609375 0.88547045 0.3589560234375 0.9298776
17 0.2805479328125 0.8701563046875 0.3606404328125 0.8791220281250001 0.3639217125 0.8340109203124999 0.28191295156249996 0.823200803125 0.2805479328125 0.8701563046875
17 0.27681119062500004 0.9196008421874999 0.3584047546875 0.9281766703125 0.36024190312500004 0.8829137796875001 0.2803432671875 0.8728731078124999 0.27681119062500004 0.9196008421874999
7 0.1961744484375 0.8185706234374999 0.27860394843749997 0.8261389875 0.2803452859375 0.7748417390625 0.20242117187500003 0.766651584375 0.1961744484375 0.8185706234374999
7 0.19572450156250001 0.8645269796875 0.277204203125 0.8741861656250001 0.2805993484375 0.8279916999999999 0.19834317343750002 0.8193462281249999 0.19572450156250001 0.8645269796875
7 0.193773490625 0.9108732281249999 0.2775332546875 0.9196767343750001 0.27997860625 0.8755730921874999 0.2007262734375 0.8661480125000001 0.193773490625 0.9108732281249999