19 0.515625 0.23203125 0.1234375 0.178125
14 0.6171875 0.24921875 0.0953125 0.1515625
13 0.7171875 0.2453125 0.115625 0.1703125
9 0.82578125 0.2515625 0.1203125 0.1609375
5 0.75078125 0.5703125 0.1203125 0.0671875
29 0.63046875 0.5625 0.1078125 0.0671875
7 0.52109375 0.55703125 0.109375 0.06875
31 0.50078125 0.65859375 0.1015625 0.0640625
24 0.58515625 0.665625 0.0734375 0.0734375
23 0.66484375 0.6625 0.090625 0.0859375
15 0.74765625 0.6640625 0.0875 0.0921875
25 0.7203125 0.83203125 0.1046875 0.0609375
25 0.61640625 0.82890625 0.10625 0.0625
27 0.5140625 0.82265625 0.1046875 0.0625
27 0.5109375 0.76015625 0.1046875 0.059375
39 0.484375 0.41875 0.0421875 0.096875
38 0.525 0.41953125 0.0421875 0.0953125
40 0.5781693859375 0.4679863484375 0.5873476828124999 0.3785531109375 0.552023853125 0.3767405203125 0.5427661765625 0.46501287187499996 0.5781693859375 0.4679863484375
42 0.6598903125 0.47084010625 0.669939903125 0.3791210703125 0.632994025 0.3789890046875 0.6221136578124999 0.469520915625 0.6598903125 0.47084010625
35 0.700750775 0.47226698437500003 0.711601384375 0.379996865625 0.673123928125 0.3792322578125 0.662994315625 0.47036944218750004 0.700750775 0.47226698437500003
33 0.7416314359375 0.4731155109375 0.75399360625 0.382056290625 0.714775540625 0.380107709375 0.7038951734375 0.4706396203125 0.7416314359375 0.4731155109375
37 0.7801386499999999 0.4756183265625 0.7979684921875 0.38301287031250003 0.761012471875 0.38230139375 0.7446748515625 0.474379903125 0.7801386499999999 0.4756183265625
35 0.821019309375 0.4764668546875 0.839569384375 0.3856237171875 0.8018931328125 0.38314992187499997 0.78401360625 0.4751745875 0.821019309375 0.4764668546875