15 0.590625 0.15234375 0.1046875 0.2046875
15 0.68671875 0.1546875 0.096875 0.1859375
23 0.77890625 0.15703125 0.096875 0.1765625
23 0.88125 0.17890625 0.109375 0.1546875
7 0.59296875 0.45546875 0.1328125 0.146875
6 0.715625 0.4359375 0.090625 0.178125
6 0.78203125 0.43515625 0.05625 0.178125
24 0.89765625 0.43984375 0.10625 0.184375
27 0.5921875 0.8359375 0.134375 0.1359375
27 0.58984375 0.69453125 0.125 0.140625
25 0.7947194875 0.6421163453125 0.6694829296875 0.6411780671875 0.66374039375 0.7820007906249999 0.7831095265625 0.7802802453125001 0.7947194875 0.6421163453125
18 0.7865146296875001 0.7817670437500001 0.90940241875 0.780045415625 0.9171417515625 0.6439929453125 0.7897944484375 0.6421163671875 0.7865146296875001 0.7817670437500001
31 0.9115131468750001 0.7800453734375 0.7940159062500001 0.7791070953125 0.7912016125 0.9067148890625001 0.9044773796875001 0.9057766109375001 0.9115131468750001 0.7800453734375