2 0.94453125 0.584375 0.1109375 0.271875
4 0.8417480890625001 0.10339009531250001 0.7177528796875 0.133031171875 0.767958821875 0.42445824062500004 0.8870040234375001 0.39987454375000003 0.8417480890625001 0.10339009531250001
28 0.534658190625 0.204429521875 0.4145021 0.2336290703125 0.47184273593750004 0.4773004890625 0.588423675 0.456579621875 0.534658190625 0.204429521875
29 0.42536757343750004 0.27492631562500003 0.2396895421875 0.3174274015625 0.29205648125 0.5183325890625 0.473626371875 0.47989069687499997 0.42536757343750004 0.27492631562500003
5 0.7312119765625 0.2138956734375 0.5449854203125 0.25041334531250004 0.588779878125 0.4580082703125 0.769990940625 0.4226907609375 0.7312119765625 0.2138956734375
3 0.87265625 0.609375 0.171875 0.2828125
24 0.77109375 0.6375 0.1765625 0.275
24 0.6578125 0.66796875 0.1828125 0.2796875
24 0.5453125 0.6828125 0.184375 0.2796875
0 0.2281842234375 0.2646523609375 0.1100859359375 0.3005744734375 0.173674309375 0.5428856390625 0.296000203125 0.5180293296875 0.2281842234375 0.2646523609375
1 0 0.537048140625 0.011179004687499999 0.5805787875 0.16311136875 0.547864009375 0.11388318906249999 0.3348962265625 0 0.35920200156250004 0 0.537048140625
30 0.4296875 0.7125 0.175 0.2609375
6 0.31484375 0.728125 0.175 0.2671875
6 0.203125 0.75625 0.1796875 0.2734375
16 0.11617088906249999 0.6475102500000001 0.0285296546875 0.673593884375 0.059001587499999994 0.7980347203125 0.08712221875000001 0.910820415625 0.185072734375 0.8901082578124999 0.11617088906249999 0.6475102500000001
12 0.9046875 0.26484375 0.1609375 0.2890625