11 0.5453125 0.228125 0.078125 0.128125
11 0.48046875 0.22734375 0.065625 0.1234375
9 0.43125 0.2421875 0.053125 0.0984375
8 0.37734375 0.2390625 0.0609375 0.103125
8 0.3296875 0.24453125 0.0515625 0.09375
8 0.27890625 0.24140625 0.0609375 0.1
19 0.2390625 0.2453125 0.040625 0.0875
20 0.20234375 0.2515625 0.05 0.078125
13 0.20234375 0.34609375 0.0359375 0.0765625
13 0.234375 0.34609375 0.0375 0.08125
13 0.2734375 0.34921875 0.0484375 0.0890625
14 0.315625 0.3515625 0.046875 0.084375
14 0.36015625 0.3546875 0.05 0.0890625
14 0.409375 0.35703125 0.05 0.0921875
3 0.4515625 0.37109375 0.0421875 0.075
3 0.49609375 0.37421875 0.0484375 0.078125
2 0.546875 0.3796875 0.05 0.078125
0 0.4171875 0.45703125 0.0453125 0.0703125
1 0.36640625 0.45625 0.0609375 0.059375
28 0.3140625 0.44296875 0.046875 0.0640625
29 0.27578125 0.44296875 0.04375 0.0515625
4 0.23828125 0.43359375 0.040625 0.0609375
5 0.2015625 0.4328125 0.0453125 0.05
6 0.1984375 0.56875 0.0328125 0.0546875
16 0.22734375 0.57578125 0.034375 0.0546875
12 0.2578125 0.5828125 0.0328125 0.0578125
30 0.2875 0.59140625 0.034375 0.0609375
24 0.35 0.60546875 0.034375 0.059375
24 0.3828125 0.6140625 0.0359375 0.0609375
24 0.41796875 0.62578125 0.0390625 0.0671875
23 0.38203125 0.53671875 0.053125 0.06875
27 0.43118945625 0.8174947796875 0.49756979843750004 0.8478778109375 0.501566028125 0.7952065546875 0.43521251562499996 0.768505040625 0.43118945625 0.8174947796875
27 0.4300678828125 0.86247706875 0.49447826250000004 0.895076221875 0.49813517812499997 0.8488813093750001 0.43334809218750003 0.8188236453125001 0.4300678828125 0.86247706875
25 0.3714156859375 0.790751125 0.4299060984375 0.8184013531250001 0.4343731453125 0.7685379765625 0.3746590484375 0.7444696421875 0.3714156859375 0.790751125
25 0.37226647968750004 0.8334713562499999 0.4294032109375 0.86336996875 0.43540373906249996 0.81961720625 0.3759676765625 0.7932160484375 0.37226647968750004 0.8334713562499999
25 0.3211482921875 0.7241032671875 0.373175278125 0.7453845125 0.37761808281250003 0.695983721875 0.32793532187499996 0.677696690625 0.3211482921875 0.7241032671875
25 0.32133441406249996 0.7677163984375001 0.3725996609375 0.791740909375 0.37682427343749997 0.7465034734375 0.3260708984375 0.728015296875 0.32133441406249996 0.7677163984375001
25 0.32104971875 0.8085216531249999 0.37167444375 0.8329764703125001 0.376840596875 0.7933547609375 0.32466078125000003 0.76966524375 0.32104971875 0.8085216531249999
25 0.27289151562499997 0.701628009375 0.3218373015625 0.722747775 0.3267023390625 0.67708004375 0.27786665 0.6600057578125 0.27289151562499997 0.701628009375
25 0.2743585859375 0.744380546875 0.32382358125 0.7673829750000001 0.3265975390625 0.7262443296875001 0.277876478125 0.7040481125 0.2743585859375 0.744380546875
25 0.2764418453125 0.7871653515625 0.3222579390625 0.8090488312499999 0.3267835671875 0.7698574296875 0.276436075 0.7462759703125 0.2764418453125 0.7871653515625
31 0.23107401562500002 0.6859843453125001 0.27350779531249997 0.7016603078125 0.278746675 0.660650825 0.23320745 0.64527598125 0.23107401562500002 0.6859843453125001
31 0.23088629374999997 0.7249392203125 0.2767265390625 0.7463600984375 0.2771083 0.703704471875 0.23092028281250002 0.6859408 0.23088629374999997 0.7249392203125
31 0.22951450312500002 0.762904321875 0.2764418453125 0.7871653515625 0.27741554687500003 0.7450046140625 0.231172409375 0.72535986875 0.22951450312500002 0.762904321875
17 0.19108714375 0.7061542796875 0.23271079062500002 0.7254987046875 0.233043971875 0.6837682578125001 0.1932409453125 0.6677401671875 0.19108714375 0.7061542796875
17 0.1915398984375 0.7446788578125 0.2325714640625 0.7635283890625 0.2326380609375 0.7268864953125 0.1933416375 0.7100487921874999 0.1915398984375 0.7446788578125
7 0.15429874062499999 0.653503171875 0.1929865984375 0.6699105453125 0.1982012359375 0.6293636593749999 0.15571658593749999 0.6170957765625 0.15429874062499999 0.653503171875
7 0.15544045625 0.6906722578125 0.19095013593750002 0.7087685390625 0.1929138671875 0.6712983265625 0.15374793125 0.6546599671875 0.15544045625 0.6906722578125
7 0.1554224421875 0.7263889546875 0.1922373140625 0.7431620437500001 0.19523960625 0.7094571984375 0.1556320125 0.692426071875 0.1554224421875 0.7263889546875
34 0.350022321875 0.5602909328125001 0.3527602828125 0.49785017031249995 0.327459484375 0.495267746875 0.3259087359375 0.5564195093750001 0.350022321875 0.5602909328125001
34 0.29844614687500004 0.5501660796875 0.3232963296875 0.5552796468750001 0.3281661171875 0.49295060937499996 0.30429196875 0.4910464640625 0.29844614687500004 0.5501660796875
33 0.281590478125 0.545471503125 0.2977200765625 0.5487238999999999 0.3009954 0.4913260640625 0.28332595 0.48944649531250006 0.281590478125 0.545471503125
42 0.190706796875 0.5256642 0.2057495140625 0.5292608109375 0.2051682546875 0.47406795625000003 0.19197562968749998 0.4728811234375 0.190706796875 0.5256642
38 0.220823684375 0.532257325 0.2342884984375 0.535370065625 0.2387704109375 0.4804425515625 0.22340790312499997 0.4787885125 0.220823684375 0.532257325
39 0.23373455468749998 0.5357422093750001 0.2479988046875 0.5388968625 0.250688734375 0.4824713 0.23899017812499998 0.48110870625 0.23373455468749998 0.5357422093750001
37 0.26331850625 0.5423074015625 0.267607325 0.48596564062500003 0.252200690625 0.4840563828125 0.249853690625 0.5391946609375 0.26331850625 0.5423074015625