15 0.2640625 0.16015625 0.2140625 0.2296875
23 0.4359375 0.13125 0.225 0.24375
14 0.621875 0.1140625 0.20625 0.228125
14 0.790625 0.10546875 0.20625 0.2109375
38 0.200215934375 0.33355988281250004 0.21793966718750002 0.5076881578125 0.2916151375 0.496113303125 0.27332063125 0.3255356171875 0.200215934375 0.33355988281250004
32 0.2711147328125 0.32584563593750004 0.292785134375 0.49604434218750004 0.369156290625 0.48774579687499997 0.346347803125 0.3169597609375 0.2711147328125 0.32584563593750004
39 0.34847618125 0.316098153125 0.3709594234375 0.48674510625 0.44658120625000003 0.4785512328125 0.41972269687499997 0.3055226296875 0.34847618125 0.316098153125
42 0.42231619687500005 0.3079705453125 0.4454571734375 0.477962575 0.5184923765625 0.470131571875 0.49282739218750005 0.29749835625 0.42231619687500005 0.3079705453125
46 0.5217732890625 0.46611209843749996 0.5942201781249999 0.4587427421875 0.5695310390625 0.28840580781249997 0.5010707015625 0.29746480000000003 0.5217732890625 0.46611209843749996
36 0.614862884375 0.6957279921875 0.589317246875 0.5259909578124999 0.4915590234375 0.5401527328125 0.5124572015625 0.707295909375 0.614862884375 0.6957279921875
35 0.4191055265625 0.5499126546875 0.43691425781250004 0.720737040625 0.5091643890625 0.710928084375 0.4915590234375 0.5401527328125 0.4191055265625 0.5499126546875
35 0.343161403125 0.558894909375 0.3618723515625 0.7321289984375 0.43651305625000003 0.7201877421875 0.4184363484375 0.54916120625 0.343161403125 0.558894909375
35 0.2856669125 0.743261715625 0.35893438906249997 0.7312736531249999 0.3369658765625 0.558920134375 0.2668394390625 0.569198515625 0.2856669125 0.743261715625
12 0.94375 0.71875 0.1125 0.159375
34 0.5053324140625 0.7765347921875 0.5336799796875 0.9430757140624999 0.634416753125 0.9269560312499999 0.6048031546875 0.76096635 0.5053324140625 0.7765347921875
33 0.36643658437500004 0.7928778453125 0.385784365625 0.9606836046874999 0.45993660937499997 0.95108058125 0.43774241875 0.7828564640625 0.36643658437500004 0.7928778453125
33 0.36505201249999997 0.793072434375 0.29436547968750004 0.80247719375 0.3118553515625 0.9721328203124999 0.386622634375 0.9616249625 0.36505201249999997 0.793072434375
37 0.4398192859375 0.7825645796875 0.4610625421875 0.953811003125 0.532013371875 0.944127115625 0.5077366624999999 0.773549 0.4398192859375 0.7825645796875