19 0.48359375 0.21640625 0.1296875 0.175
14 0.37578125 0.2078125 0.125 0.171875
13 0.26875 0.19609375 0.134375 0.178125
5 0.1890625 0.5359375 0.13125 0.0875
29 0.30859375 0.55 0.121875 0.0859375
7 0.428125 0.5609375 0.125 0.0859375
31 0.43984375 0.68046875 0.1203125 0.0796875
24 0.34375 0.67109375 0.0859375 0.0890625
23 0.26171875 0.65078125 0.1015625 0.1
27 0.39453125 0.85390625 0.115625 0.071875
27 0.40078125 0.7921875 0.11875 0.08125
25 0.2859375 0.84375 0.1140625 0.071875
25 0.2859375 0.78125 0.1171875 0.0796875
25 0.1703125 0.76796875 0.1203125 0.0765625
25 0.175 0.83125 0.1140625 0.0625
39 0.496875 0.4234375 0.05625 0.1046875
38 0.453125 0.41875 0.05625 0.10625
40 0.4078125 0.4140625 0.05625 0.1078125
41 0.383033509375 0.4610169078125 0.3862503203125 0.3595628125 0.3468202953125 0.3579012875 0.34375306875 0.4568883671875 0.383033509375 0.4610169078125
42 0.341298040625 0.45663033437499995 0.3402940921875 0.3559739859375 0.301865309375 0.35255564375000004 0.3011992578125 0.45241578125000004 0.341298040625 0.45663033437499995
35 0.29949804687500003 0.45285766250000004 0.2968574125 0.3520292921875 0.255144203125 0.3482657421875 0.2570087578125 0.4477711734375 0.29949804687500003 0.45285766250000004
33 0.25530755 0.44821305312500004 0.25354978125 0.3468567921875 0.2103182640625 0.34169229375 0.2151442421875 0.4446124046875 0.25530755 0.44821305312500004
37 0.21357207968749997 0.443826478125 0.20444922812500002 0.341696115625 0.16340358593749998 0.3392440984375 0.172654953125 0.439525915625 0.21357207968749997 0.443826478125
32 0.1693815828125 0.4391818703125 0.1570498859375 0.3360935609375 0.1168760515625 0.3331124890625 0.12846445625 0.43488130625 0.1693815828125 0.4391818703125