35 0.8919878296875 0.3146686140625 0.9378906296875 0.056627728125 0.8252680234374999 0.040799653125 0.7771391546875 0.29672022187499997 0.8919878296875 0.3146686140625
35 0.7760994125 0.2977790703125 0.8195564671875 0.039996946875 0.7022030296875 0.023503996875 0.6636428734375001 0.28076935937499997 0.7760994125 0.2977790703125
35 0.5753265234375 0.0062751546874999994 0.548946921875 0.2682648203125 0.6559735 0.2839089125 0.6996823828125 0.0239775625 0.5753265234375 0.0062751546874999994
36 0.4193367 0 0.381568865625 0.24052395468749999 0.5352688546875 0.2627275671875 0.5783107375000001 0.007899534375 0.5263714828125 0 0.4193367 0
33 0.7685245828125 0.3901351984375 0.7322119125000001 0.646993228125 0.8350496671875 0.6608805875 0.8784472171875001 0.404358053125 0.7685245828125 0.3901351984375
33 0.69296875 0.51015625 0.1515625 0.275
37 0.58046875 0.496875 0.153125 0.2765625
34 0.3518704703125 0.6014573546875 0.5028589718750001 0.620415225 0.5284414125 0.3545550625 0.38016784062500003 0.33549655 0.3518704703125 0.6014573546875
43 0.7781750203125 0.7231569671875 0.7194438875 0.9693980874999999 0.8229429796875 0.9839439359375 0.8858810796875 0.741262253125 0.7781750203125 0.7231569671875
44 0.6665531296875 0.7225972374999999 0.616325171875 0.9558947765625 0.71377510625 0.9712871062499999 0.7688452859375 0.74036673125 0.6665531296875 0.7225972374999999
45 0.5614365796875 0.7066964312499999 0.5132292281249999 0.943667765625 0.6126497359374999 0.9559437718750001 0.6637267828125 0.722911028125 0.5614365796875 0.7066964312499999
41 0.44729585937499994 0.69923535 0.4101332859375 0.93144075625 0.5114842203125 0.9462502468749999 0.5529594828125 0.7146982859375 0.44729585937499994 0.69923535
40 0.3383432796875 0.6839230640625 0.3034959546875 0.917584946875 0.4094636859375 0.9319121953125 0.44657920312500005 0.6985217484375 0.3383432796875 0.6839230640625