13 0.2819129484375 0.34546464062500004 0.2909641875 0.241358378125 0.21133873281249999 0.2363832125 0.204001053125 0.34003201875 0.2819129484375 0.34546464062500004
13 0.3571710953125 0.350083509375 0.3600536359375 0.24362977031250002 0.291992015625 0.24145297656250003 0.2836351625 0.3469043046875 0.3571710953125 0.350083509375
14 0.43149764843750005 0.35532817968749997 0.43341332499999996 0.250173228125 0.3625140765625 0.24683469374999997 0.356204234375 0.35138221875000003 0.43149764843750005 0.35532817968749997
14 0.5023092421875 0.3590392578125 0.5078455953125001 0.2533993546875 0.43420098906250004 0.2514345515625 0.42977543125000006 0.35388854062499997 0.5023092421875 0.3590392578125
20 0.738940321875 0.375210859375 0.746042421875 0.2729868984375 0.669952475 0.266308565625 0.661267175 0.37026701875 0.738940321875 0.375210859375
19 0.6536816375 0.370742640625 0.660943459375 0.265470990625 0.5903206765625 0.259408190625 0.5794883828125 0.365981175 0.6536816375 0.370742640625
23 0.270372246875 0.46038791406249996 0.2755024546875 0.38469196875 0.20202563125 0.3835921 0.196087721875 0.4573680234375 0.270372246875 0.46038791406249996
15 0.3421770296875 0.46633394062500005 0.34447577812499997 0.3891798515625 0.27689444375 0.38424334843749997 0.2708381421875 0.462595228125 0.3421770296875 0.46633394062500005
8 0.4205442875 0.46913129375 0.4244269890625 0.3728506984375 0.34681665 0.3682730640625 0.3432685859375 0.46770088281250005 0.4205442875 0.46913129375
9 0.499957471875 0.4741662921875 0.5053747625 0.38189535625 0.4277563640625 0.3779690328125 0.4217271171875 0.46875667656250003 0.499957471875 0.4741662921875
10 0.58043930625 0.4810036359375 0.5853907 0.3865253875 0.5067769656250001 0.3826557359375 0.502254628125 0.47472325312499997 0.58043930625 0.4810036359375
11 0.6556689312499999 0.4770878609375 0.6614836656249999 0.3883303546875 0.5904909578125 0.38104349375 0.5831244015625 0.47415909218749996 0.6556689312499999 0.4770878609375
3 0.709745034375 0.47730236406250004 0.7135099203124999 0.40546406875 0.6621009 0.40224952500000005 0.6563857750000001 0.474505925 0.709745034375 0.47730236406250004
2 0.76477574375 0.48149613750000003 0.7678236984375 0.4122397390625 0.71626444375 0.40945139375000006 0.7115077546874999 0.47695815625 0.76477574375 0.48149613750000003
5 0.28663344999999996 0.5496078343749999 0.2889512890625 0.4942837171875 0.20589494843749997 0.49014978749999993 0.20139753906250002 0.5447042375 0.28663344999999996 0.5496078343749999
4 0.3493181046875 0.5520198374999999 0.35557223125 0.4881704375 0.29421681718750003 0.483870346875 0.28709934531250003 0.5518151484375 0.3493181046875 0.5520198374999999
29 0.4397739453125 0.557197015625 0.44392300156250003 0.5002225421875 0.3560442328125 0.49747336875 0.350966825 0.5538525984375 0.4397739453125 0.557197015625
28 0.5005817484375 0.562130125 0.5057899546875 0.49604301562500003 0.44648475468750004 0.49239577968750003 0.43910264843749996 0.5589081421875 0.5005817484375 0.562130125
1 0.590969090625 0.5686134828125 0.59681250625 0.5126009359375 0.5096770984375001 0.5077065640625 0.5040160515625 0.5631832718750001 0.590969090625 0.5686134828125
12 0.2508795765625 0.6436758515625 0.2558596515625 0.5819425734375 0.201191553125 0.57989590625 0.1980319359375 0.642215959375 0.2508795765625 0.6436758515625
6 0.2468732421875 0.7312183640625001 0.25040995312500003 0.6637339046874999 0.19680171875000002 0.6636589500000001 0.1911028296875 0.73004186875 0.2468732421875 0.7312183640625001
16 0.3043151953125 0.7337921796875 0.309363721875 0.6707527437499999 0.25476240156249996 0.6677873609375 0.2462704421875 0.7316233796875 0.3043151953125 0.7337921796875
30 0.362245859375 0.7381379328125 0.3710253171875 0.670491659375 0.3152408109375 0.6655028015625 0.30596391562499997 0.735624909375 0.362245859375 0.7381379328125
26 0.40476777343750003 0.7368737796875 0.4100768375 0.6799601171874999 0.375035090625 0.6762722234375 0.366465546875 0.735303034375 0.40476777343750003 0.7368737796875
24 0.459172865625 0.7419079265625 0.4640064453125 0.6718719625 0.4095195625 0.670443740625 0.40356212812500003 0.7376837890625 0.459172865625 0.7419079265625
24 0.5165691375 0.745352528125 0.5224258203125001 0.6779896515625 0.4660298015625 0.6744961375 0.459172865625 0.7419079265625 0.5165691375 0.745352528125
24 0.573385515625 0.748766753125 0.5774337125 0.6826188015625 0.5224830296875 0.6796363640624999 0.514829190625 0.745261340625 0.573385515625 0.748766753125
7 0.26672269375 0.8740412687499999 0.2693467046875 0.8239721531249999 0.18139695625000002 0.8188388156249999 0.1784271046875 0.8720333625000001 0.26672269375 0.8740412687499999
7 0.17872586875000002 0.9218190640625 0.2679760625 0.9278062203124999 0.2689285796875 0.8763397703125 0.1793856578125 0.871092746875 0.17872586875000002 0.9218190640625
17 0.3547900640625 0.8804029906249999 0.3572448078125 0.822466578125 0.270770190625 0.8202502109375001 0.2671885890625 0.8762485812499999 0.3547900640625 0.8804029906249999
17 0.3555547203125 0.9323960234375 0.3571328546875 0.8800891999999999 0.2707635234375 0.8758816578124999 0.2702960375 0.9279278062499999 0.3555547203125 0.9323960234375
31 0.4463830515625 0.8860763374999999 0.4486096203125 0.8324937625000001 0.3627022453125 0.8283406234375 0.358270003125 0.8805853671874999 0.4463830515625 0.8860763374999999
31 0.44188214375 0.9386665765625001 0.44522304375 0.8860155453124999 0.35918349374999997 0.881606371875 0.35604347812500003 0.9341679624999999 0.44188214375 0.9386665765625001
25 0.5333817265625 0.8906357453125 0.53855384375 0.8363343765625 0.45198996406249997 0.8313837656249999 0.445268678125 0.8851447734375 0.5333817265625 0.8906357453125
25 0.5325433421875 0.9399252796875001 0.5356103859375 0.8924988687500001 0.45067538125000006 0.8842196187500001 0.4432475109375 0.9348089125 0.5325433421875 0.9399252796875001
25 0.6219303984375 0.9433001390625 0.6252028890625 0.8919552562499999 0.5406598140625001 0.887844684375 0.53484045625 0.9404822375 0.6219303984375 0.9433001390625
18 0.62464568125 0.8914894656250001 0.62963534375 0.8406711828125 0.5426996203125001 0.8350468375 0.538181396875 0.8878312265625 0.62464568125 0.8914894656250001
27 0.7244041453125 0.8967175859375001 0.7277450875 0.8440665718749999 0.642140434375 0.8386220796874999 0.6372913812500001 0.8943350953125 0.7244041453125 0.8967175859375001
27 0.7176517609374999 0.9478800765625 0.7237557531250001 0.89799335625 0.6391758703125 0.8951893312499999 0.632881834375 0.9451837968750001 0.7176517609374999 0.9478800765625
36 0.5867310578125 0.6626159640625 0.59291333125 0.5918139109375 0.551098346875 0.5900662328124999 0.5456806750000001 0.659846103125 0.5867310578125 0.6626159640625
34 0.541588565625 0.65932240625 0.545668215625 0.5893379000000001 0.5053791953125 0.58767019375 0.5008843546875 0.657807665625 0.541588565625 0.65932240625
33 0.498847359375 0.6573729609375001 0.5042403171875 0.5859110375000001 0.4771863625 0.5850336734375 0.47092726718750005 0.655600490625 0.498847359375 0.6573729609375001
35 0.4689301890625 0.6544041234375 0.4738153828125 0.584771046875 0.44587095625 0.5830061718749999 0.4410424234375 0.652014846875 0.4689301890625 0.6544041234375
37 0.437691175 0.6530761953125 0.4443166265625 0.581678865625 0.41406204375 0.580566471875 0.41016574375000003 0.6516336484374999 0.437691175 0.6530761953125
39 0.40735461562499997 0.65024934375 0.41225597187499996 0.580307878125 0.3837740328125 0.5785928124999999 0.3785805578125 0.6490505984375 0.40735461562499997 0.65024934375
38 0.3756724546875 0.6495166921875 0.38019528281250003 0.5789368984375 0.35188435625 0.5776942093749999 0.3477038765625 0.6486694 0.3756724546875 0.6495166921875
41 0.34400642812500004 0.648475625 0.3494479015625 0.5760885171875 0.31904804531250003 0.5752006671875 0.31524853125 0.6469684874999999 0.34400642812500004 0.648475625
42 0.3132267203125 0.64624405 0.3182088875 0.5747606000000001 0.29030113125 0.5733077734375 0.286522959375 0.6448445656249999 0.3132267203125 0.64624405
40 0.2828416734375 0.6443424 0.286607509375 0.5724859515625 0.25941865625 0.5728482875 0.25408377656250003 0.6428352625 0.2828416734375 0.6443424