14 0.10625 0.17890625 0.15 0.3
14 0.2328125 0.3328125 0.1390625 0.2953125
19 0.3484375 0.33828125 0.140625 0.296875
13 0.47109375 0.31640625 0.1359375 0.284375
20 0.765625 0.3421875 0.140625 0.315625
19 0.88359375 0.35703125 0.1265625 0.3
10 0.6954994015625 0.839228175 0.8170658875000001 0.845555684375 0.8272366484375 0.5543032109375 0.69838406875 0.5498035796875 0.6954994015625 0.839228175
11 0.8625 0.696875 0.121875 0.290625
8 0.478125 0.678125 0.1359375 0.3140625
9 0.59453125 0.68046875 0.1375 0.3203125
13 0.2140625 0.684375 0.1453125 0.3265625
13 0.34296875 0.69609375 0.1421875 0.315625