0 0.5921875 0.07421875 0.078125 0.1484375
1 0.5 0.08671875 0.1078125 0.1375
28 0.4078125 0.0796875 0.071875 0.15625
29 0.31328125 0.09453125 0.1140625 0.1328125
4 0.2234375 0.08359375 0.0734375 0.1578125
5 0.1296875 0.1 0.121875 0.134375
23 0.50859375 0.2796875 0.08125 0.1609375
24 0.590625 0.478125 0.0625 0.128125
24 0.53046875 0.48125 0.0609375 0.1296875
24 0.47109375 0.48671875 0.0578125 0.11875
30 0.37265625 0.4875 0.059375 0.121875
26 0.42265625 0.490625 0.0375 0.1109375
12 0.31484375 0.4921875 0.0609375 0.115625
16 0.2515625 0.4921875 0.06875 0.1203125
6 0.18671875 0.496875 0.0671875 0.115625
27 0.75 0.77265625 0.0953125 0.0890625
27 0.74453125 0.8546875 0.0921875 0.08125
25 0.65703125 0.85546875 0.0890625 0.0828125
25 0.5671875 0.7796875 0.090625 0.090625
25 0.57109375 0.8625 0.0875 0.08125
25 0.48203125 0.86796875 0.0875 0.0828125
25 0.47578125 0.7859375 0.0921875 0.0859375
31 0.384375 0.79453125 0.0890625 0.0859375
31 0.39453125 0.87109375 0.084375 0.0859375
31 0.38046875 0.69609375 0.0953125 0.0875
17 0.30390625 0.87890625 0.09375 0.0828125
17 0.29296875 0.79765625 0.090625 0.084375
17 0.28359375 0.7140625 0.1 0.0984375
7 0.21328125 0.88359375 0.090625 0.0796875
7 0.20390625 0.803125 0.096875 0.084375
7 0.1875 0.715625 0.0984375 0.096875
36 0.44375 0.284375 0.046875 0.1453125
34 0.42105943437500004 0.3599422296875 0.4126907703125 0.21360134843749998 0.3648772375 0.215277815625 0.37245255625 0.3599487875 0.42105943437500004 0.3599422296875
33 0.3365404765625 0.3639431515625 0.324335084375 0.21598548125 0.2904112875 0.2165776234375 0.3018464625 0.3653906171875 0.3365404765625 0.3639431515625
37 0.2999532609375 0.36542366249999997 0.2859189921875 0.22170731093749999 0.25200431874999996 0.22229929375 0.26713775625 0.36599645937499997 0.2999532609375 0.36542366249999997
38 0.22994885312500002 0.36917123125 0.214547403125 0.22042747031249998 0.1793875 0.2210411890625 0.196487590625 0.3689134203125 0.22994885312500002 0.36917123125
41 0.19460907968750002 0.3697880890625 0.1798304671875 0.22103345624999998 0.1459703078125 0.22330824531250001 0.1599150640625 0.3712355546875 0.19460907968750002 0.3697880890625
42 0.1586529296875 0.37125758593749997 0.14515760625000002 0.224164309375 0.11061584531249999 0.22308348125 0.12392953124999999 0.3710218046875 0.1586529296875 0.37125758593749997
18 0.26355639218750004 0.3416444796875 0.249895553125 0.219810465625 0.21789730000000002 0.2212108765625 0.232032403125 0.343878490625 0.26355639218750004 0.3416444796875
18 0.37209998125 0.33974984375 0.362149340625 0.211957915625 0.32633805625 0.2134248828125 0.33611445 0.3395360953125 0.37209998125 0.33974984375
18 0.5921875 0.275 0.084375 0.1640625