21 0.49765625 0.22421875 0.153125 0.2234375
14 0.365625 0.22578125 0.1375 0.2125
13 0.2962259984375 0.3314902609375 0.29619741093749996 0.1201276640625 0.14341275 0.11486696874999999 0.16785321250000002 0.3297885203125 0.2962259984375 0.3314902609375
9 0.17051411249999998 0.3243192375 0.13831950937499998 0.114614446875 0.0199099875 0.11402849531249999 0.04590629375 0.320894915625 0.17051411249999998 0.3243192375
29 0.32421875 0.60078125 0.1375 0.0765625
5 0.1890625 0.59375 0.1421875 0.0796875
7 0.46875 0.5953125 0.1328125 0.075
31 0.4765625 0.70390625 0.1203125 0.0640625
24 0.3796875 0.69765625 0.0796875 0.078125
15 0.20390625 0.69609375 0.103125 0.084375
23 0.29609375 0.690625 0.0953125 0.0796875
39 0.51953125 0.45 0.0484375 0.109375
38 0.49393079531249995 0.50277095625 0.493137465625 0.39689389531249997 0.4417918 0.3936950515625 0.44454693125 0.5023948375 0.49393079531249995 0.50277095625
40 0.4418088421875 0.5036476000000001 0.4393624984375 0.3936676265625 0.3946530921875 0.3928911953125 0.3969806921875 0.501407978125 0.4418088421875 0.5036476000000001
41 0.39336903125 0.5019560453125 0.3837229453125 0.3923988546875 0.3384824234375 0.3934564640625 0.3493673546875 0.5017678765625 0.39336903125 0.5019560453125
42 0.3439381390625 0.5029266890625 0.336133121875 0.3920853828125 0.28918854375 0.39005055624999996 0.2981659390625 0.5020024765625 0.3439381390625 0.5029266890625
35 0.2954748125 0.5019085 0.286772775 0.391035871875 0.23762198437499998 0.3874075484375 0.2488055921875 0.500952990625 0.2954748125 0.5019085
33 0.24616149375 0.49951225312499997 0.23028323125 0.3883890234375 0.18369461874999998 0.3880511546875 0.1994217296875 0.5005768734375 0.24616149375 0.49951225312499997
37 0.1958806125 0.499104809375 0.17459658125 0.3884669984375 0.1264316765625 0.3877360171875 0.150061384375 0.4995273625 0.1958806125 0.499104809375
32 0.1491642953125 0.499496034375 0.1216480875 0.3872921984375 0.0736553375 0.3875775546875 0.0989304421875 0.4977418296875 0.1491642953125 0.499496034375
27 0.500173709375 0.8898163796875 0.5025051375 0.8487716234375 0.396765471875 0.84694521875 0.3986913421875 0.8896435359374999 0.500173709375 0.8898163796875
27 0.502148959375 0.8332525984375 0.5053774093750001 0.7922391421875 0.3987043328125 0.7914235046875 0.40066659375 0.833079753125 0.502148959375 0.8332525984375
25 0.395103196875 0.8895182359374999 0.3921935265625 0.8442452671874999 0.2890576234375 0.844026240625 0.2926062375 0.892680959375 0.395103196875 0.8895182359374999
25 0.28467407968749997 0.8883587734375 0.280796778125 0.8450745843749999 0.1745317390625 0.843395965625 0.18590635625000002 0.8876065375 0.28467407968749997 0.8883587734375
25 0.280205453125 0.8362893453125 0.2736370921875 0.7929112078125 0.1639561828125 0.792490821875 0.175984996875 0.8373692890625 0.280205453125 0.8362893453125