19 0.471875 0.2859375 0.1375 0.1953125
14 0.34453125 0.28671875 0.1359375 0.2
13 0.2203125 0.2875 0.159375 0.2046875
9 0.10546875 0.28671875 0.1546875 0.209375
7 0.45 0.60390625 0.10625 0.053125
29 0.334375 0.6078125 0.1171875 0.0578125
5 0.2234375 0.61328125 0.11875 0.05625
31 0.4640625 0.67421875 0.0984375 0.053125
24 0.38515625 0.6703125 0.0625 0.0515625
23 0.31796875 0.671875 0.0765625 0.04375
15 0.24609375 0.6734375 0.08125 0.040625
39 0.5131643593749999 0.5322439453125 0.52178795 0.4491286328125 0.48006663281249995 0.44912146093749994 0.47698406562500006 0.5335073890625 0.5131643593749999 0.5322439453125
38 0.4704057953125 0.5337371078125 0.470741915625 0.44905713281250004 0.42760253125 0.45018147343750003 0.4326456328125 0.536909765625 0.4704057953125 0.5337371078125
40 0.43091475 0.534498159375 0.4238287140625 0.44945936406250003 0.383336940625 0.45018311093749996 0.390644609375 0.5365224296875 0.43091475 0.534498159375
41 0.38813463125 0.5353740421875 0.3785817296875 0.45042138125 0.33809702656249996 0.45176292343749996 0.3503529140625 0.537929446875 0.38813463125 0.5353740421875
42 0.34621995625 0.5374557656250001 0.33169020625 0.45144085 0.28768928437499997 0.4527511265625 0.3076157796875 0.540039890625 0.34621995625 0.5374557656250001
35 0.3051705953125 0.540743284375 0.28572873125 0.4555179359375 0.241555834375 0.45822251718749996 0.266523371875 0.5420928765624999 0.3051705953125 0.540743284375
33 0.263148015625 0.539738671875 0.2371279453125 0.45474303593750004 0.195180025 0.4567536953125 0.22125483125 0.54243765 0.263148015625 0.539738671875
37 0.22045405625 0.5430836453125 0.1894357109375 0.4564084859375 0.1468825 0.4592123578125 0.1786039828125 0.547017134375 0.22045405625 0.5430836453125
32 0.17689478125 0.5452227749999999 0.1442318375 0.45860505937499996 0.10050669062499999 0.45774353437500004 0.1358238640625 0.547893040625 0.17689478125 0.5452227749999999
25 0.3218446078125 0.782467075 0.41547676093749997 0.7761072859375 0.41275446093749996 0.74530153125 0.31761914999999996 0.7497270031250001 0.3218446078125 0.782467075
25 0.3327034953125 0.810516640625 0.419757378125 0.8043865718750001 0.4162990921875 0.77607856875 0.32900502187499997 0.7809844859374999 0.3327034953125 0.810516640625
27 0.50761526875 0.774125775 0.509740478125 0.740678690625 0.41732566875000005 0.7454731 0.4204536046875 0.7771695281250001 0.50761526875 0.774125775
27 0.5094722546875 0.8037257109375 0.5075937140625 0.7735085203125001 0.4235437125 0.776138971875 0.4272657546875 0.8072144546875 0.5094722546875 0.8037257109375