11 0.19609375 0.2109375 0.096875 0.121875
10 0.2859375 0.22109375 0.090625 0.1234375
9 0.365625 0.23046875 0.084375 0.1140625
8 0.4421875 0.240625 0.0796875 0.1125
20 0.5140625 0.2453125 0.078125 0.1171875
20 0.58671875 0.25390625 0.0828125 0.1125
19 0.66015625 0.26171875 0.078125 0.109375
19 0.734375 0.26640625 0.0828125 0.1125
14 0.37890625 0.35859375 0.08125 0.1046875
14 0.453125 0.3640625 0.08125 0.10625
14 0.525 0.371875 0.0703125 0.103125
13 0.59296875 0.37734375 0.078125 0.1
13 0.6578125 0.3796875 0.0671875 0.103125
13 0.72578125 0.38671875 0.08125 0.1
0 0.35 0.46328125 0.0625 0.0703125
1 0.42734375 0.4734375 0.09375 0.0640625
29 0.58671875 0.4828125 0.0859375 0.0640625
5 0.71171875 0.490625 0.084375 0.0609375
3 0.30703125 0.3671875 0.0640625 0.0765625
3 0.25 0.3625 0.0640625 0.0765625
2 0.1921875 0.35859375 0.059375 0.0796875
15 0.35390625 0.553125 0.071875 0.08125
23 0.42109375 0.55625 0.0671875 0.0796875
24 0.35625 0.64375 0.0609375 0.071875
24 0.41171875 0.6484375 0.0578125 0.06875
24 0.465625 0.6484375 0.0578125 0.06875
26 0.5078125 0.65390625 0.0390625 0.059375
30 0.553125 0.6484375 0.05625 0.06875
12 0.60703125 0.65 0.05625 0.06875
16 0.65546875 0.64921875 0.0515625 0.0671875
27 0.1828125 0.85 0.096875 0.0671875
25 0.27734375 0.7984375 0.09375 0.0625
25 0.45859375 0.75078125 0.0875 0.0609375
25 0.37109375 0.7484375 0.0921875 0.0625
25 0.365625 0.84765625 0.0875 0.0609375
25 0.36640625 0.8 0.090625 0.0625
25 0.44921875 0.84765625 0.084375 0.05625
25 0.4546875 0.80078125 0.0875 0.0546875
31 0.5677003593750001 0.8685833515624999 0.5715383921875 0.8236799687499999 0.49489530000000004 0.8245084734375 0.4892463546875 0.8699040171875 0.5677003593750001 0.8685833515624999
31 0.5774104734375001 0.8240905843749999 0.5808596171875 0.7729720953125 0.5000248140625 0.7747450703125 0.4955439078125 0.8270289953125 0.5774104734375001 0.8240905843749999
31 0.5692745625 0.7634989109375 0.5742336906250001 0.7143423828125 0.5008751499999999 0.715400565625 0.5007568265625 0.76427680625 0.5692745625 0.7634989109375
17 0.64762381875 0.8698406046875 0.6526893015625 0.8194539328125 0.5760702 0.8196653250000001 0.5692559328125 0.8699297109374999 0.64762381875 0.8698406046875
17 0.6435921375 0.809535928125 0.6493905953125 0.760438090625 0.5823650375 0.7650330765625 0.579135571875 0.8112165984375 0.6435921375 0.809535928125
7 0.7245222499999999 0.86717358125 0.7298670953124999 0.8248507296875 0.6542658453125 0.8220393390625 0.6494377484375 0.8674922828125 0.7245222499999999 0.86717358125
7 0.7290489328125 0.8260311 0.7395787656249999 0.7803580703125 0.664753746875 0.7782197531249999 0.6558644765625 0.82276991875 0.7290489328125 0.8260311
7 0.7348270546875 0.7787882171875 0.742460846875 0.7273435546875 0.665345721875 0.7225699296875 0.658316159375 0.77591321875 0.7348270546875 0.7787882171875
36 0.4734375 0.56328125 0.04375 0.0703125
34 0.515625 0.56484375 0.0453125 0.071875
33 0.54921875 0.565625 0.03125 0.0703125
35 0.578125 0.5671875 0.03125 0.06875
37 0.60625 0.56953125 0.03125 0.06875
38 0.66484375 0.571875 0.0328125 0.06875
41 0.6921875 0.5734375 0.03125 0.06875
42 0.7203125 0.57578125 0.0328125 0.0671875
18 0.50703125 0.4765625 0.0734375 0.0625
18 0.6484375 0.48515625 0.0484375 0.0546875
18 0.7015625 0.653125 0.0484375 0.0625