8 0.48984375 0.2015625 0.1140625 0.1453125
9 0.39296875 0.18515625 0.1234375 0.1546875
10 0.2984375 0.175 0.1203125 0.1484375
19 0.75859375 0.234375 0.11875 0.15625
19 0.8578125 0.25 0.1125 0.1515625
11 0.2504931921875 0.23548975468750002 0.24563585468750002 0.088631709375 0.15661683906249999 0.0792198203125 0.15703044375 0.220686709375 0.2504931921875 0.23548975468750002
2 0.1875 0.32109375 0.075 0.0984375
3 0.25234375 0.33359375 0.078125 0.09375
3 0.31640625 0.3421875 0.075 0.09375
14 0.390625 0.33828125 0.1 0.1296875
14 0.4765625 0.35078125 0.0984375 0.125
14 0.56171875 0.36484375 0.1 0.1296875
13 0.65078125 0.375 0.10625 0.1359375
13 0.740625 0.3859375 0.1078125 0.1375
13 0.83203125 0.39765625 0.1046875 0.1359375
0 0.3515625 0.45859375 0.0828125 0.0828125
1 0.43671875 0.47421875 0.1109375 0.078125
28 0.521875 0.48203125 0.08125 0.0859375
29 0.6046875 0.50078125 0.1125 0.0796875
4 0.69765625 0.50546875 0.0828125 0.090625
5 0.7859375 0.5265625 0.1171875 0.0796875
15 0.35 0.55859375 0.090625 0.1
23 0.428125 0.56796875 0.0890625 0.096875
24 0.33359375 0.65390625 0.0734375 0.0828125
24 0.396875 0.6625 0.071875 0.0828125
24 0.4578125 0.67265625 0.0734375 0.0796875
30 0.55703125 0.68671875 0.075 0.0796875
12 0.62109375 0.69765625 0.0734375 0.0796875
16 0.68515625 0.70546875 0.0765625 0.078125
6 0.75625 0.71796875 0.075 0.08125
27 0.153125 0.8484375 0.1015625 0.0671875
25 0.24609375 0.8625 0.0984375 0.065625
25 0.2484375 0.809375 0.1046875 0.0671875
25 0.33984375 0.875 0.103125 0.06875
25 0.3421875 0.82109375 0.1015625 0.0671875
25 0.43671875 0.84140625 0.1046875 0.065625
25 0.4328125 0.890625 0.1 0.0609375
31 0.53515625 0.8546875 0.1 0.0671875
31 0.5265625 0.90546875 0.1 0.0640625
17 0.63046875 0.8703125 0.1015625 0.065625
17 0.61953125 0.921875 0.1015625 0.065625
7 0.71484375 0.93515625 0.1046875 0.0671875
7 0.72265625 0.875 0.096875 0.0671875
26 0.50859375 0.68359375 0.046875 0.065625
36 0.515594509375 0.622387671875 0.5223441625 0.5468968484375 0.47844762812499997 0.541897378125 0.47292673281250003 0.615629759375 0.515594509375 0.622387671875
34 0.5644180359375001 0.6297299484375001 0.5718566953125 0.5531764171875 0.528419559375 0.5486403203125 0.5202867624999999 0.622349628125 0.5644180359375001 0.6297299484375001
33 0.58828125 0.59609375 0.0453125 0.0828125
35 0.625 0.60078125 0.04375 0.08125
37 0.65859375 0.60546875 0.04375 0.0796875
39 0.69296875 0.61015625 0.0453125 0.0828125
38 0.728125 0.6171875 0.04375 0.08125
41 0.7640625 0.621875 0.04375 0.08125
18 0.79765625 0.621875 0.04375 0.06875
18 0.62734375 0.2203125 0.1921875 0.1609375