10 0.846875 0.23515625 0.1421875 0.1203125
9 0.71796875 0.23515625 0.134375 0.11875
8 0.59375 0.23515625 0.1359375 0.1125
20 0.46015625 0.23125 0.1265625 0.1171875
20 0.32734375 0.22890625 0.128125 0.1171875
19 0.20546875 0.22578125 0.1296875 0.1125
19 0.08203125 0.21796875 0.1296875 0.115625
2 0.95859375 0.37734375 0.0828125 0.0734375
3 0.87265625 0.37421875 0.0921875 0.0765625
3 0.78125 0.37578125 0.0984375 0.0796875
14 0.67109375 0.36171875 0.1328125 0.1046875
14 0.546875 0.3609375 0.128125 0.1
14 0.43046875 0.36015625 0.11875 0.09375
13 0.325 0.35 0.1265625 0.1078125
13 0.20390625 0.3484375 0.121875 0.1046875
13 0.08203125 0.34375 0.1265625 0.109375
18 0.14453125 0.44765625 0.11875 0.05625
4 0.24765625 0.44921875 0.0875 0.06875
29 0.3625 0.459375 0.140625 0.0578125
28 0.478125 0.45859375 0.096875 0.0671875
1 0.59375 0.46640625 0.146875 0.0578125
0 0.71484375 0.465625 0.0984375 0.0640625
15 0.6953125 0.55234375 0.1140625 0.0765625
23 0.58671875 0.5515625 0.115625 0.0765625
36 0.49375 0.546875 0.0765625 0.0703125
34 0.42421875 0.5453125 0.0671875 0.06875
18 0.36640625 0.54296875 0.053125 0.0671875
35 0.31796875 0.54140625 0.0546875 0.0703125
37 0.2671875 0.54140625 0.05 0.0703125
41 0.22265625 0.5390625 0.0515625 0.06875
40 0.17421875 0.5375 0.046875 0.0671875
18 0.10625 0.53515625 0.0875 0.065625
24 0.69140625 0.63828125 0.09375 0.0671875
24 0.6015625 0.63671875 0.0890625 0.0640625
24 0.515625 0.63515625 0.0890625 0.0640625
26 0.43046875 0.63046875 0.0671875 0.059375
12 0.29140625 0.62578125 0.09375 0.0578125
16 0.20234375 0.6203125 0.09375 0.0640625
6 0.1125 0.615625 0.0875 0.0640625
7 0.08671875 0.79921875 0.1328125 0.0515625
7 0.07890625 0.75390625 0.1390625 0.05
17 0.21796875 0.70625 0.13125 0.05
17 0.22109375 0.76171875 0.1390625 0.046875
17 0.221875 0.80859375 0.1390625 0.05
31 0.3609375 0.81015625 0.140625 0.05
31 0.3625 0.75703125 0.1296875 0.05
25 0.4953125 0.81640625 0.1359375 0.046875
25 0.496875 0.77109375 0.1390625 0.0484375
25 0.4984375 0.70703125 0.134375 0.05
25 0.63125 0.8234375 0.1453125 0.0546875
25 0.63359375 0.77421875 0.1390625 0.05
25 0.62890625 0.715625 0.1359375 0.0484375
25 0.7671875 0.82890625 0.14375 0.046875
25 0.77265625 0.78046875 0.1484375 0.053125
25 0.7625 0.71953125 0.13125 0.0484375
27 0.91015625 0.7890625 0.14375 0.053125
27 0.90703125 0.8359375 0.1375 0.046875