11 0.895253584375 0.21156727343749998 0.8858699187499999 0.104173528125 0.754553884375 0.124063259375 0.7637788203125 0.2317080796875 0.895253584375 0.21156727343749998
10 0.768235259375 0.2319134 0.7503254140625 0.09828905 0.6341136234375 0.117704875 0.647995078125 0.247980425 0.768235259375 0.2319134
9 0.6405293671875001 0.247366428125 0.62326850625 0.12653490625 0.515478009375 0.1451889875 0.5306494484375001 0.2636406765625 0.6405293671875001 0.247366428125
8 0.5340024421875 0.26649587656249996 0.5117829921875 0.1473977609375 0.40426531250000003 0.16248214375 0.42690245625 0.2815477984375 0.5340024421875 0.26649587656249996
20 0.4207694125 0.279914909375 0.40038899062500005 0.1557807453125 0.2894703953125 0.1752890546875 0.3126807109375 0.29843225 0.4207694125 0.279914909375
20 0.3070060015625 0.300061378125 0.283474375 0.177406609375 0.17368665 0.1915613984375 0.19567880625 0.316539028125 0.3070060015625 0.300061378125
19 0.19510574687499999 0.3124615 0.1694632484375 0.193429828125 0.056226517187500005 0.2064061109375 0.080654771875 0.3277149046875 0.19510574687499999 0.3124615
19 0 0.3423766578125 0.081113221875 0.33097693906250003 0.05950106875 0.2120007578125 0 0.22310805625 0 0.3423766578125
3 0.8857351078125 0.34336762187500003 0.8759180984375 0.269721090625 0.8080848125 0.28442517968750003 0.8161503171875 0.3523155265625 0.8857351078125 0.34336762187500003
3 0.8178268171875 0.3537431421875 0.8035300828124999 0.2798945625 0.7221212203125 0.292348509375 0.730530559375 0.362685365625 0.8178268171875 0.3537431421875
2 0.734342003125 0.3688026 0.72556978125 0.2898122515625 0.6580962968749999 0.2988517609375 0.6618625515625001 0.378157321875 0.734342003125 0.3688026
14 0.6634244359375 0.37876941406250003 0.651932971875 0.26483804375000003 0.5373842468750001 0.28005737656249996 0.5536591265624999 0.3958591546875 0.6634244359375 0.37876941406250003
14 0.5551064015625 0.395655753125 0.534445625 0.2823887296875 0.43097193437500003 0.3000023484375 0.4464445296875 0.41009558437500004 0.5551064015625 0.395655753125
14 0.448464975 0.41396969375000003 0.4312927015625 0.296885928125 0.3238719484375 0.3150542703125 0.34102115 0.42657507499999997 0.448464975 0.41396969375000003
13 0.3384704390625 0.42942841718749997 0.32047142812499996 0.309344090625 0.20896253125 0.327045671875 0.22824656875 0.44325613906249994 0.3384704390625 0.42942841718749997
13 0.2302670140625 0.44713025 0.2102228859375 0.3258774296875 0.1097865875 0.34597360625 0.1286124015625 0.45892204062499997 0.2302670140625 0.44713025
13 0 0.40918818437500004 0.0186177578125 0.47438077968750003 0.1300595671875 0.45871865468750006 0.100260709375 0.3444483578125 0 0.3603327078125 0 0.40918818437500004
0 0.679449525 0.4711936703125 0.669251753125 0.40000863750000004 0.5810712078125 0.4170354859375 0.59261171875 0.48339792812500004 0.679449525 0.4711936703125
1 0.5938690921875 0.48446863906250004 0.581604540625 0.4263520328125 0.45644578593749996 0.44390609375 0.467298625 0.5053755062499999 0.5938690921875 0.48446863906250004
28 0.46629904375000003 0.5061396890625 0.451765540625 0.4282367671875 0.3696299171875 0.44051452187500006 0.38345930781250004 0.5152872296875 0.46629904375000003 0.5061396890625
29 0.38020285625 0.5157448953125 0.3669402671875 0.45496275312499995 0.23761014687499998 0.477779984375 0.252288975 0.5349694421875 0.38020285625 0.5157448953125
4 0.2468616140625 0.5357322078125 0.22970932500000002 0.463340671875 0.14371175625 0.479126046875 0.1611093421875 0.5477839046875 0.2468616140625 0.5357322078125
5 0.159110346875 0.5493122453125 0.1445618890625 0.48777437187499995 0.0160876765625 0.5082892140624999 0.031454340625 0.5703716765625 0.159110346875 0.5493122453125
15 0.6921462359375 0.5611773796875 0.6819315718750001 0.48951626406250004 0.5857162875 0.5032858375 0.59589381875 0.5757027328125 0.6921462359375 0.5611773796875
23 0.5987052125 0.5768044984375 0.5864652968749999 0.503556525 0.48745200468750005 0.516098040625 0.5014468937500001 0.5904732640625 0.5987052125 0.5768044984375
36 0.497506665625 0.5882787390625001 0.48206088906250005 0.5139383328125 0.4282333109375 0.523169296875 0.43764566250000003 0.595115959375 0.497506665625 0.5882787390625001
34 0.4267852703125 0.5974301515625 0.417454259375 0.52695515 0.36085130625 0.5361845093750001 0.3685668203125 0.6060061359375 0.4267852703125 0.5974301515625
33 0.3617654921875 0.6073559171875 0.34907960781249997 0.5380409375 0.30790020937499996 0.5424445375 0.32131734375 0.6130405328124999 0.3617654921875 0.6073559171875
35 0.32016334999999996 0.6147784109375001 0.303104015625 0.5405654359375001 0.263012965625 0.5463895015625 0.2777670734375 0.6215246515625 0.32016334999999996 0.6147784109375001
37 0.27280529531250003 0.621040234375 0.2620249671875 0.5468308390625001 0.21929982812499998 0.5537147453125 0.23230290937500003 0.626338528125 0.27280529531250003 0.621040234375
39 0.22977775937499997 0.6282691093749999 0.218849 0.5568357749999999 0.176163815625 0.5601710328125 0.18795856093750002 0.6341464140624999 0.22977775937499997 0.6282691093749999
38 0.18590185625 0.634435465625 0.173212525 0.56177320625 0.129402896875 0.5706820718750001 0.1433970546875 0.6404091249999999 0.18590185625 0.634435465625
41 0.14218882500000002 0.641760709375 0.12890803906249998 0.569968271875 0.08561530625 0.5725028796875 0.0988898359375 0.647058121875 0.14218882500000002 0.641760709375
18 0.09446454374999999 0.63546848125 0.083721853125 0.5718897078125 0.043056215625 0.5780902546875 0.0555504203125 0.6421192687499999 0.09446454374999999 0.63546848125
24 0.701803359375 0.64910053125 0.694681065625 0.5775590671875 0.617359253125 0.5904563359375 0.625020475 0.6598916609375001 0.701803359375 0.64910053125
24 0.6233437984375 0.662884759375 0.61741950625 0.5938307765624999 0.5361032 0.6042396703125 0.5416533734375 0.673577753125 0.6233437984375 0.662884759375
24 0.5416533734375 0.673577753125 0.5297789328125 0.6046715015624999 0.4525732265625 0.6167668749999999 0.46053997031250005 0.6834018046875 0.5416533734375 0.673577753125
26 0.46201965312500004 0.683981696875 0.44863818125000005 0.6244411078125001 0.3945378609375 0.631619890625 0.4037469140625 0.6921713953124999 0.46201965312500004 0.683981696875
18 0.40237581093749997 0.6923640921875001 0.3893294296875 0.6253946296875 0.32258796093750003 0.637004721875 0.333711065625 0.7012264453125 0.40237581093749997 0.6923640921875001
12 0.33400273125 0.708276046875 0.32451933125 0.6369636875 0.2388951734375 0.6483730609375 0.24751339687499999 0.7196434968750001 0.33400273125 0.708276046875
16 0.24623060312499997 0.7154906328124999 0.23575023750000001 0.6459945390625 0.16082950000000001 0.6550113390625001 0.1727669484375 0.7250274296875 0.24623060312499997 0.7154906328124999
6 0.156964884375 0.7319753296875 0.14231254843750002 0.65912635 0.052890765625 0.6729385812500001 0.06841889375 0.7436318109375 0.156964884375 0.7319753296875
27 0.9542520328125 0.764789346875 0.8323355593749999 0.7809573546874999 0.8399687046875 0.8352700093750001 0.9643530671875 0.8192858453125 0.9542520328125 0.764789346875
25 0.8240802328125 0.72885231875 0.7007993875 0.74605399375 0.71364285625 0.7996343859375 0.83688375625 0.7818150859374999 0.8240802328125 0.72885231875
25 0.8238676937499999 0.7824903203125 0.705758678125 0.8002435140624999 0.7158593796875 0.853211396875 0.8364951796875 0.8357581812499999 0.8238676937499999 0.7824903203125
25 0.69104951875 0.688330284375 0.5667700499999999 0.7060123859375 0.577352190625 0.7624054265625 0.705872175 0.7443431203124999 0.69104951875 0.688330284375
25 0.7023824546874999 0.745332478125 0.580026121875 0.762528609375 0.5904018953125 0.8174537531249999 0.7123618281249999 0.7968206609374999 0.7023824546874999 0.745332478125
25 0.7055132859375 0.7991239484375 0.5842545078125 0.8178187328125001 0.59421768125 0.8698080625 0.71238591875 0.8536995609375 0.7055132859375 0.7991239484375
25 0.5713418421875 0.766242434375 0.447508084375 0.78364764375 0.46028271875 0.8367387484375 0.582724015625 0.819530746875 0.5713418421875 0.766242434375
25 0.5821593234375 0.8195769687500001 0.45955188593749996 0.83783938125 0.4721202203125 0.8894625812499999 0.5910880578125 0.8727427421874999 0.5821593234375 0.8195769687500001
31 0.434826940625 0.7324435734375 0.316246978125 0.7507014859375001 0.3252043203125 0.8018342390625 0.4483764484375 0.783525603125 0.434826940625 0.7324435734375
31 0.4465584234375 0.7844029515625001 0.3236050578125 0.8030569390625001 0.33731689375 0.856515309375 0.4594143546875 0.8368607890625 0.4465584234375 0.7844029515625001
31 0.458461725 0.8375848828124999 0.3388473171875 0.854803303125 0.34901686249999997 0.9082605484374999 0.473857015625 0.889218490625 0.458461725 0.8375848828124999
17 0.3106928875 0.7489872234375 0.1875895296875 0.767785190625 0.20150759687500003 0.8227114562500001 0.32461102343750003 0.8039135 0.3106928875 0.7489872234375
17 0.32537610156249996 0.8045507687500001 0.201713896875 0.8241793640624999 0.2125454359375 0.876046653125 0.33818525625 0.85639326875 0.32537610156249996 0.8045507687500001
17 0.33402194218750003 0.85819050625 0.2126142046875 0.8765359671875 0.2251138390625 0.9276698609375 0.3508911234375 0.908995059375 0.33402194218750003 0.85819050625
7 0.17983100000000002 0.7695276171875001 0.061605939062500004 0.7849920515625 0.0746555765625 0.8400403859375001 0.20157636562499998 0.8232007734375 0.17983100000000002 0.7695276171875001
7 0.1975070390625 0.82439164375 0.0723943859375 0.842853015625 0.085168953125 0.8959441312499999 0.21101500781250002 0.8777586421875 0.1975070390625 0.82439164375
7 0.21175380000000002 0.8784909234375 0.0845757234375 0.8980233625 0.102947540625 0.9468350578125 0.222646209375 0.9290145859375001 0.21175380000000002 0.8784909234375