19 0.62890625 0.25546875 0.1921875 0.315625
14 0.74296875 0.284375 0.1796875 0.3140625
14 0.8390625 0.31796875 0.178125 0.29375
9 0.92109375 0.32890625 0.1578125 0.3203125
33 0.8290268828125 0.7839333374999999 0.8729200421875 0.7939422671874999 0.91746425625 0.6133446671875 0.875166659375 0.603157196875 0.8290268828125 0.7839333374999999
45 0.6557887609375 0.7455027703125 0.6999025999999999 0.752856221875 0.7423069859375 0.5737510359375 0.700332971875 0.564905175 0.6557887609375 0.7455027703125
18 0.69981205625 0.754312659375 0.7440153328125 0.762493059375 0.7852058515625 0.584077325 0.7429312140625 0.575162065625 0.69981205625 0.754312659375
18 0.7445996234375001 0.763280546875 0.7901983234375 0.7723106093750001 0.82921475 0.595082175 0.785830109375 0.58548835 0.7445996234375001 0.763280546875
18 0.789086375 0.7721790078125 0.828610540625 0.7828679984375 0.8730851484375 0.6039435531249999 0.8303017921875 0.594488540625 0.78850998125 0.7727654390625001 0.789086375 0.7721790078125
44 0.6596524625 0.5529795156249999 0.6131600359375 0.7397954609374999 0.656272159375 0.74730358125 0.6994523874999999 0.5630126625 0.6596524625 0.5529795156249999
43 0.571332709375 0.7276060125 0.6140671249999999 0.736715184375 0.6574087703125 0.555839953125 0.6144402734375001 0.5471868046874999 0.571332709375 0.7276060125
40 0.571514775 0.729002709375 0.61090223125 0.5446807687499999 0.5681418203125 0.536497965625 0.52773695 0.7197404171875 0.571514775 0.729002709375
41 0.48356723749999997 0.7117762437499999 0.5273437390625 0.7200719343750001 0.5694139921875 0.5351024546875001 0.5250348703125 0.52570133125 0.48356723749999997 0.7117762437499999
15 0.48984375 0.86796875 0.14375 0.2015625
15 0.58359375 0.8875 0.13125 0.1984375
23 0.67890625 0.90234375 0.1359375 0.1953125
23 0.77578125 0.91328125 0.1359375 0.1734375