11 0.14765625 0.2953125 0.1125 0.1328125
10 0.23046875 0.27734375 0.1046875 0.13125
9 0.31484375 0.2609375 0.1 0.1296875
8 0.3953125 0.2484375 0.1 0.121875
22 0.47421875 0.23046875 0.1015625 0.121875
22 0.55078125 0.21796875 0.096875 0.1140625
21 0.63515625 0.190625 0.1015625 0.128125
21 0.7203125 0.16953125 0.1015625 0.13125
13 0.73203125 0.30390625 0.0984375 0.1296875
13 0.64921875 0.321875 0.1 0.1296875
13 0.5703125 0.340625 0.0921875 0.125
14 0.4984375 0.35625 0.0953125 0.1203125
14 0.425 0.375 0.090625 0.11875
14 0.3515625 0.3890625 0.1 0.121875
3 0.2890625 0.4203125 0.0703125 0.084375
3 0.2296875 0.428125 0.075 0.0875
2 0.171875 0.44296875 0.078125 0.090625
0 0.36328125 0.503125 0.075 0.08125
1 0.440625 0.490625 0.103125 0.0765625
28 0.51484375 0.46796875 0.0671875 0.0796875
4 0.66328125 0.43203125 0.0765625 0.084375
5 0.75390625 0.41953125 0.1 0.0765625
15 0.38515625 0.5953125 0.0875 0.0953125
23 0.4578125 0.57578125 0.0859375 0.096875
24 0.403125 0.684375 0.075 0.0828125
24 0.46171875 0.6703125 0.0703125 0.078125
24 0.521875 0.659375 0.0671875 0.0734375
26 0.5671875 0.646875 0.0484375 0.0671875
30 0.61328125 0.6359375 0.06875 0.075
12 0.66875 0.62265625 0.065625 0.0703125
16 0.7265625 0.61015625 0.0640625 0.0703125
6 0.7875 0.59375 0.071875 0.0765625
25 0.3875 0.84609375 0.103125 0.0734375
25 0.40625 0.89765625 0.096875 0.0703125
25 0.49453125 0.878125 0.096875 0.0671875
25 0.48203125 0.82890625 0.1015625 0.0734375
25 0.5859375 0.8515625 0.0953125 0.06875
25 0.575 0.80078125 0.096875 0.06875
31 0.67265625 0.83203125 0.0953125 0.06875
31 0.66171875 0.7796875 0.096875 0.06875
31 0.64921875 0.7296875 0.0984375 0.0703125
17 0.75546875 0.80859375 0.0953125 0.0671875
17 0.7484375 0.7578125 0.0953125 0.0671875
7 0.83984375 0.78828125 0.09375 0.065625
7 0.8328125 0.73671875 0.09375 0.06875
7 0.82578125 0.68359375 0.0984375 0.0703125
36 0.5140625 0.56640625 0.0578125 0.0796875
34 0.559375 0.55703125 0.0578125 0.078125
33 0.5953125 0.54765625 0.0453125 0.075
35 0.62890625 0.53984375 0.0453125 0.0765625
37 0.6640625 0.53046875 0.04375 0.075
39 0.69453125 0.52421875 0.0453125 0.0765625
38 0.72578125 0.51640625 0.04375 0.075
41 0.75703125 0.509375 0.0453125 0.0765625
42 0.78984375 0.50234375 0.0453125 0.0765625