9 0.1836867515625 0.22024187187500002 0.09957636875 0.2586159515625 0.1857105265625 0.38658446875 0.2665906171875 0.35778058125 0.1836867515625 0.22024187187500002
13 0.34077894375 0.3272790953125 0.273500528125 0.1934409234375 0.196551634375 0.24532616406250002 0.2682511828125 0.3551231203125 0.34077894375 0.3272790953125
14 0.269957546875 0.1912259734375 0.3404842765625 0.33038001875 0.43526806406249996 0.2938233515625 0.3601189296875 0.1484220171875 0.269957546875 0.1912259734375
32 0.2243997453125 0.41953309375 0.2659424015625 0.497667271875 0.296121896875 0.48779873125 0.254877921875 0.4079747484375 0.2243997453125 0.41953309375
33 0.285279478125 0.3986950359375 0.32627244375000003 0.479669265625 0.3598159421875 0.468007975 0.31595582499999997 0.38799530625 0.285279478125 0.3986950359375
35 0.3190914984375 0.38591480625 0.355408071875 0.4675164828125 0.390684746875 0.4568126875 0.3532009171875 0.37442251249999997 0.3190914984375 0.38591480625
45 0.3533991421875 0.37528111875 0.3893642484375 0.4605814515625 0.42357278125000003 0.449518459375 0.386936375 0.3639209234375 0.3533991421875 0.37528111875
44 0.3832826359375 0.3611469203125 0.42290148125 0.44922125625 0.4558665234375 0.43799314218749996 0.41920762187499994 0.349687653125 0.3832826359375 0.3611469203125
43 0.42017626249999995 0.3512727828125 0.4566594359375 0.44142761875 0.4921113984375 0.4305297421875 0.45398833749999995 0.33849254375000004 0.42017626249999995 0.3512727828125
40 0.45075355000000006 0.3401437421875 0.490967078125 0.4307939296875 0.5289825296874999 0.41794765156249997 0.49247685937499996 0.32508486406250003 0.45075355000000006 0.3401437421875
41 0.49153071718749997 0.3262076875 0.5273651359375 0.41877324062500004 0.56686939375 0.4073218234375 0.526784453125 0.3144511859375 0.49153071718749997 0.3262076875
5 0.3868421890625 0.5201388703125 0.2913124796875 0.5449067890625 0.318325778125 0.599263875 0.4096887359375 0.580249059375 0.3868421890625 0.5201388703125
29 0.48003821406249997 0.4904834359375 0.3884370875 0.5166053296875 0.41502235625 0.5769397109375001 0.5077761796875 0.5508226859375001 0.48003821406249997 0.4904834359375
7 0.48914789062499997 0.48295400937500005 0.513390396875 0.5488033671875 0.61454265 0.5222852 0.5925663390625 0.45319950468750003 0.48914789062499997 0.48295400937500005
15 0.37734375 0.65859375 0.1046875 0.1015625
23 0.4546875 0.6421875 0.0984375 0.103125
24 0.52421875 0.61875 0.084375 0.0921875
31 0.563755484375 0.659930896875 0.6655249671875 0.6386965234375 0.6422511 0.5744322953125 0.54003104375 0.5989360421875001 0.563755484375 0.659930896875
27 0.5886821296875 0.7574582578125 0.6136815765625 0.8109236843750001 0.7051745125 0.7947749828124999 0.6841802625 0.7403848625 0.5886821296875 0.7574582578125
25 0.58141056875 0.7677286515625 0.490489765625 0.7837452640625 0.5157099921875 0.8407772765624999 0.6064119953125 0.8233678421875 0.58141056875 0.7677286515625
25 0.4881020125 0.7838443374999999 0.4027812578125 0.7954027484374999 0.4290016453125 0.8463253578125001 0.5139191578125 0.8359060640625 0.4881020125 0.7838443374999999