9 0.8390625 0.23046875 0.103125 0.16875
13 0.72890625 0.2265625 0.10625 0.178125
14 0.61796875 0.228125 0.10625 0.1703125
21 0.50703125 0.2265625 0.109375 0.1796875
7 0.528125 0.57578125 0.11875 0.071875
29 0.65 0.57578125 0.121875 0.0640625
5 0.77109375 0.571875 0.115625 0.065625
31 0.51796875 0.69765625 0.109375 0.06875
24 0.609375 0.68125 0.0625 0.084375
23 0.6859375 0.67578125 0.0875 0.0875
15 0.78671875 0.6828125 0.09375 0.078125
27 0.5375 0.87578125 0.1125 0.059375
25 0.65703125 0.8625 0.1015625 0.05625
25 0.775 0.81875 0.115625 0.0578125
25 0.765625 0.8734375 0.109375 0.05625
39 0.4859375 0.42578125 0.04375 0.1046875
38 0.53203125 0.42578125 0.0421875 0.103125
42 0.6640625 0.4234375 0.040625 0.1015625
35 0.7293801375 0.4735449734375 0.734669890625 0.3730158734375 0.6934386031249999 0.372354496875 0.687062128125 0.47552910156249995 0.7293801375 0.4735449734375
37 0.815779409375 0.47288359843750005 0.8290037890624999 0.371031746875 0.7851493609375 0.3703703703125 0.7725797734375 0.4735449734375 0.815779409375 0.47288359843750005