11 0.9832240515624999 0.188369 0.8771996937500001 0.165346784375 0.84887111875 0.3075586078125 0.9654265000000001 0.3293964609375 0.9832240515624999 0.188369
10 0.84622005 0.3044110859375 0.8758344328125001 0.165687890625 0.78685420625 0.1470244265625 0.7528531 0.2845459328125 0.84622005 0.3044110859375
9 0.75090045625 0.2832499296875 0.7803700703125 0.1584303625 0.6873590046875 0.1341963359375 0.6594860515625001 0.26468082187499997 0.75090045625 0.2832499296875
8 0.65823188125 0.26523650625 0.6854725734375 0.1365215484375 0.592039396875 0.113035240625 0.5614728734375001 0.24543340468750002 0.65823188125 0.26523650625
20 0.5641239265625 0.24858098750000002 0.5880059140625 0.1013491765625 0.49592133125000004 0.080702446875 0.46504182343749995 0.22908685312500002 0.5641239265625 0.24858098750000002
20 0.46541233593750003 0.227481990625 0.4930564140625 0.0857635671875 0.40018861093749997 0.06620745781250001 0.37027789375000003 0.20551847343750002 0.46541233593750003 0.227481990625
19 0.37204519999999996 0.207616890625 0.3994435015625 0.07048653437499999 0.3110972828125 0.047329473437500005 0.2810013078125 0.187442921875 0.37204519999999996 0.207616890625
19 0.27974723125 0.18799856406249998 0.310123775 0.04880958125 0.214153009375 0.0283288328125 0.1846127890625 0.16603504687499998 0.27974723125 0.18799856406249998
13 0.2687846515625 0.33789516875 0.2945321484375 0.20781370937500002 0.1965065296875 0.1876696625 0.168305746875 0.31469778593750003 0.2687846515625 0.33789516875
13 0.357134984375 0.3599827578125 0.38606218124999997 0.2321126875 0.293778790625 0.210126734375 0.26911264375 0.34135156875 0.357134984375 0.3599827578125
13 0.442093234375 0.38213251875 0.47718135625 0.25209333906250003 0.3889130703125 0.2320902125 0.357320240625 0.3591803265625 0.442093234375 0.38213251875
14 0.5358308 0.4003927359375 0.5602290203125 0.2765457453125 0.47113523593749995 0.261214884375 0.444972075 0.379416346875 0.5358308 0.4003927359375
14 0.6204611437499999 0.4190860859375 0.6491378859375 0.29390436875 0.560454340625 0.274229175 0.5326239921875 0.39965238593749997 0.6204611437499999 0.4190860859375
14 0.7117751765625 0.43808995 0.7402570609375 0.31388501875 0.6460532421875 0.29360396875 0.6201755375 0.42032318281250003 0.7117751765625 0.43808995
3 0.783065246875 0.45116775468750003 0.8046679687499999 0.351984553125 0.7349316484374999 0.33778825 0.7133998515625 0.4359294328125 0.783065246875 0.45116775468750003
3 0.8509633203125 0.464307721875 0.873476065625 0.371037759375 0.8020886375 0.3541378328125 0.78325048125 0.450365415625 0.8509633203125 0.464307721875
2 0.9160250937500001 0.47510250625 0.9360641031249999 0.3865432171875 0.8710130156250001 0.37258585 0.8511910921875 0.458444028125 0.9160250937500001 0.47510250625
0 0.686791515625 0.5421733875 0.7047094578124999 0.46255008750000004 0.6323561921875 0.4519096484375 0.6164624015625 0.527023296875 0.686791515625 0.5421733875
1 0.6149690015625 0.527221840625 0.630120034375 0.46026275937500005 0.526899453125 0.4384296640625 0.5118940703125 0.5034251171874999 0.6149690015625 0.527221840625
28 0.5100433437499999 0.505171178125 0.52479880625 0.426444621875 0.45850306874999996 0.4117724921875 0.44213302343749994 0.4889495015625 0.5100433437499999 0.505171178125
29 0.4404013375 0.4901797 0.45424142031250003 0.42237307187499995 0.3499404359375 0.3992054453125 0.3368774796875 0.4651926875 0.4404013375 0.4901797
4 0.33433959999999996 0.466780084375 0.3518288765625 0.3837962765625 0.2829731875 0.3663582359375 0.26744631874999997 0.4524232203125 0.33433959999999996 0.466780084375
5 0.2661910953125 0.45159010625 0.2795195953125 0.3833929046875 0.1710390390625 0.3589894703125 0.1591122171875 0.42632565624999996 0.2661910953125 0.45159010625
15 0.6744041484375 0.6522606609375 0.692819025 0.5650147109375 0.6054096046875 0.546682371875 0.5878212171875 0.632271415625 0.6744041484375 0.6522606609375
23 0.587463946875 0.6338189234375 0.604318040625 0.5445826484375 0.5243240250000001 0.527962290625 0.5020171437500001 0.615178640625 0.587463946875 0.6338189234375
24 0.6304844359375 0.7578505328125 0.6468718921875001 0.67387095 0.5764884359375 0.6562782734375 0.562903940625 0.7433350328125 0.6304844359375 0.7578505328125
24 0.5630230390625 0.742819165625 0.5742499999999999 0.6591411828125 0.5088258390625 0.65152375625 0.4976231515625 0.7282637750000001 0.5630230390625 0.742819165625
24 0.4987866703125 0.7263590609375 0.509361203125 0.646196740625 0.44862076249999994 0.6332776515625 0.43314861406249994 0.7128352921875 0.4987866703125 0.7263590609375
26 0.430352425 0.7186768406249999 0.4459418046875 0.6464882171874999 0.404063515625 0.6381712125 0.387299109375 0.7076505531249999 0.430352425 0.7186768406249999
30 0.387299109375 0.7076505531249999 0.4069302859375 0.6273001078125 0.34083459843749997 0.6110770328124999 0.32007589375 0.69158750625 0.387299109375 0.7076505531249999
12 0.3198103796875 0.695872853125 0.3391662375 0.6150494078125 0.271495190625 0.6010454234375 0.255244121875 0.6777066203125 0.3198103796875 0.695872853125
16 0.25434618124999997 0.675325940625 0.270576384375 0.5985354203125001 0.20223778750000002 0.5812527703125 0.18999067187500002 0.659381653125 0.25434618124999997 0.675325940625
6 0.18607848437500002 0.6606517671875001 0.20157363281250001 0.5798897890625 0.13124890625000002 0.5626903640625 0.1153003421875 0.6443113453125 0.18607848437500002 0.6606517671875001
27 0.7991518484375 0.9119805421875 0.69265528125 0.8867151796874999 0.6789324984375 0.9492901296875 0.78636860625 0.973007003125 0.7991518484375 0.9119805421875
27 0.77723189375 1 0.7843075640625 0.972358090625 0.6819193640625001 0.9488929953125 0.6694606359375 1 0.77723189375 1
25 0.6671105859375001 1 0.6783010671875 0.948563334375 0.5731362859375 0.9216051296875 0.5582773796875 0.9828310796874999 0.6295094484375 1 0.6671105859375001 1
31 0.3917818140625 0.7595573203125 0.286107421875 0.73526309375 0.2779093828125 0.7958535109375 0.382358678125 0.81996753125 0.3917818140625 0.7595573203125
31 0.3813824703125 0.820282290625 0.2771031859375 0.79621073125 0.268098840625 0.8571583640625 0.375085975 0.8796849140624999 0.3813824703125 0.820282290625
31 0.371429459375 0.8790739859375 0.2714155921875 0.8584673765625 0.2646466375 0.912867746875 0.36177523906250003 0.93420500625 0.371429459375 0.8790739859375
17 0.2823951171875 0.7315883203125 0.180760228125 0.7087684640624999 0.1740555921875 0.76916031875 0.277130525 0.7929570421875 0.2823951171875 0.7315883203125
17 0.27700239375 0.7941479328125001 0.1739364984375 0.7696761671875 0.165976640625 0.829234909375 0.2694088421875 0.8514841234375 0.27700239375 0.7941479328125001
17 0.2689166234375 0.85269194375 0.16905519375 0.831575678125 0.159272 0.8896267828125 0.26121080625 0.9120745234375001 0.2689166234375 0.85269194375
7 0.1704575171875 0.7695501109375 0.0691299859375 0.7471096671875 0.059319346875 0.8084144546875001 0.1646939796875 0.8316554375 0.1704575171875 0.7695501109375
7 0.16536235 0.8308208734375 0.0614999609375 0.8083745453125 0.05506094375 0.864481078125 0.1582549640625 0.8877619703124999 0.16536235 0.8308208734375
36 0.50256171875 0.6112858078125 0.52242840625 0.5259724015625 0.4709286875 0.5185199203125 0.4515325109375 0.5999521953125 0.50256171875 0.6112858078125
34 0.44924638437500003 0.60210910625 0.46933061093750006 0.517067746875 0.41982395156249996 0.5049316593750001 0.3983151984375 0.590350715625 0.44924638437500003 0.60210910625
18 0.399974603125 0.5728358515624999 0.41555274375 0.504652146875 0.3785886828125 0.49764899375000005 0.3630929265625 0.5647684875000001 0.399974603125 0.5728358515624999
18 0.361961140625 0.56450719375 0.376974584375 0.49742264374999995 0.33963949375 0.488209421875 0.3250794625 0.556439846875 0.361961140625 0.56450719375
37 0.3197728234375 0.570250915625 0.33558957500000003 0.48537755625 0.30188319375 0.47948961562500003 0.28361460625 0.5610579312499999 0.3197728234375 0.570250915625
39 0.2808496609375 0.5608422109375 0.300375515625 0.4793594859375 0.263124021875 0.471809140625 0.24566776875000002 0.5522972140625 0.2808496609375 0.5608422109375
38 0.2441569890625 0.5515258390625 0.261819996875 0.47256997968750003 0.2261534296875 0.46369639218750003 0.2089750484375 0.5429808640625 0.2441569890625 0.5515258390625
41 0.2042362828125 0.5439997890625 0.21872815 0.461037640625 0.1826767546875 0.45450419531249997 0.1691469671875 0.5350536124999999 0.2042362828125 0.5439997890625
42 0.162826065625 0.5331717 0.1816769328125 0.44773228437499996 0.148349709375 0.43981770937500003 0.1281786203125 0.5247501234375 0.162826065625 0.5331717
18 0.55636985625 0.9816554765625 0.5891845499999999 0.777271490625 0.40386267968749995 0.7351509546874999 0.3654027515625 0.9358768749999999 0.55636985625 0.9816554765625