9 0.16875 0.2390625 0.11875 0.15625
13 0.21126781249999999 0.1739373046875 0.22840496406250002 0.31305221250000004 0.330446103125 0.3122371421875 0.31439436249999997 0.17153731249999998 0.21126781249999999 0.1739373046875
14 0.309607759375 0.1722207734375 0.3285374421875 0.31220391875 0.42161141874999997 0.31184568437500004 0.4071377390625 0.16991847031250001 0.309607759375 0.1722207734375
21 0.459375 0.24296875 0.0984375 0.134375
5 0.158739678125 0.535588703125 0.1693441578125 0.6049275859375001 0.288688421875 0.593154221875 0.2796852328125 0.5240301515625 0.158739678125 0.535588703125
29 0.2844424125 0.5216977171875 0.29143248593750004 0.591666321875 0.40002535312500004 0.5808636468749999 0.3934596578125 0.5139464046875 0.2844424125 0.5216977171875
7 0.3925778484375 0.5155226171875 0.398264921875 0.5803577468750001 0.4942689015625 0.5690826125 0.489580378125 0.5066313796874999 0.3925778484375 0.5155226171875
31 0.40344860000000005 0.622922234375 0.4072766109375 0.6844196203124999 0.5056292984375 0.67017538125 0.5022183984375 0.612200640625 0.40344860000000005 0.622922234375
24 0.332622425 0.6196597234375 0.3446019109375 0.7006911609375 0.41059029375 0.6884797765624999 0.40090120156250003 0.6144190109375 0.332622425 0.6196597234375
23 0.245741684375 0.6243253828124999 0.2556521484375 0.7059538515625 0.3417590734375 0.6964294015625 0.330106428125 0.61295546875 0.245741684375 0.6243253828124999
15 0.1559416796875 0.6335407734375 0.167872253125 0.7267109515625 0.25807235 0.712286265625 0.24394301562499998 0.624356778125 0.1559416796875 0.6335407734375
27 0.426374953125 0.8026377921875 0.43200459062499996 0.8644321890625 0.5272309265625 0.84271601875 0.523820025 0.78474126875 0.426374953125 0.8026377921875
25 0.3121579578125 0.8217268234375 0.317629546875 0.8816061609375 0.42205443125000003 0.8643465062500001 0.41564574062500004 0.8064240921874999 0.3121579578125 0.8217268234375
25 0.3068228125 0.7565876265625 0.31154840781250004 0.8166174859374999 0.41675848125000003 0.8014560140625001 0.4115332125 0.742613190625 0.3068228125 0.7565876265625
25 0.1884422984375 0.8463801999999999 0.19569424062500002 0.9036340046875001 0.302449278125 0.8839794671875 0.29550386875 0.8296654546875001 0.1884422984375 0.8463801999999999
25 0.1758104234375 0.775519940625 0.1819704421875 0.8387787296875 0.2953076125 0.818421934375 0.28888322187500004 0.7596000328125 0.1758104234375 0.775519940625
41 0.4701161609375 0.35712418437500004 0.470339728125 0.44448441406250006 0.5067395015625 0.4423848515625 0.5065500015625 0.3569763 0.4701161609375 0.35712418437500004
40 0.427169265625 0.35689769375 0.43007985781249997 0.449091703125 0.47041637812500003 0.4488756859375 0.466863890625 0.357180953125 0.427169265625 0.35689769375
43 0.387483215625 0.3571023453125 0.393126628125 0.452468559375 0.4307728828125 0.451519928125 0.42259910781250004 0.35600133437500003 0.387483215625 0.3571023453125
44 0.349188265625 0.3598732515625 0.3524654359375 0.4545070625 0.391974734375 0.4521918328125 0.38817011875 0.358380025 0.349188265625 0.3598732515625
45 0.3080470890625 0.361810571875 0.3130331734375 0.456757590625 0.3524867109375 0.4557258875 0.3470360359375 0.36072362343750003 0.3080470890625 0.361810571875
35 0.26474649375000003 0.3641919859375 0.2720364 0.45869192031250006 0.31350485625 0.45721912343750004 0.30644352812500003 0.3630577578125 0.26474649375000003 0.3641919859375
33 0.219904321875 0.3658744046875 0.23172980937499998 0.4612149296875 0.271412078125 0.457786175 0.26235496875000003 0.36420531718750004 0.219904321875 0.3658744046875
37 0.174985315625 0.36789594999999997 0.1890905171875 0.463350828125 0.22898302343750002 0.460692371875 0.21700205625 0.3649969546875 0.174985315625 0.36789594999999997
32 0.129214690625 0.36838550625 0.1433960875 0.4676274953125 0.1853117125 0.463310875 0.169603815625 0.366752403125 0.129214690625 0.36838550625