11 0.16842469375 0.22904121093750002 0.1887212328125 0.1324517875 0.0600311390625 0.11270171874999999 0.0435082328125 0.2077555671875 0.16842469375 0.22904121093750002
8 0.525295884375 0.2900664828125 0.543617125 0.18490974375 0.42627617500000003 0.16789683125 0.4082740546875 0.27153204531249997 0.525295884375 0.2900664828125
20 0.6502123453124999 0.3113521265625 0.6700431703125 0.207184875 0.5480681609375 0.1881242546875 0.5269211625 0.2903239015625 0.6502123453124999 0.3113521265625
20 0.7657249640625 0.32889713125000003 0.792986396875 0.23040920312500002 0.6755224484375 0.2120609 0.651953690625 0.31087753125 0.7657249640625 0.32889713125000003
19 0.8985360578125 0.35293395156249996 0.930321496875 0.23640241718750002 0.8036965421875 0.21829966875 0.7721101375 0.3306588390625 0.8985360578125 0.35293395156249996
19 1 0.24701889375000002 0.9424710062500001 0.23652951249999998 0.9049214750000001 0.35469572656250004 1 0.3709275328125 1 0.24701889375000002
10 0.28672409375 0.25002920781250004 0.3009831703125 0.14948191093750002 0.19227422031250002 0.1327094984375 0.169702140625 0.23149475156250002 0.28672409375 0.25002920781250004
9 0.40676471718749996 0.27054259531249997 0.4214874453125 0.167067121875 0.3023070625 0.1482620515625 0.288001540625 0.25248275 0.40676471718749996 0.27054259531249997
13 1 0.39345853750000004 0.90376151875 0.37570602656249996 0.8751160406249999 0.4692442359375 0.9968978843749999 0.4892830109375 1 0.46722809062500004 1 0.39345853750000004
13 0.8737227703125001 0.46752277500000006 0.9066737093749999 0.375188828125 0.7800820984375 0.35424219687499997 0.75495959375 0.4494629296875 0.8737227703125001 0.46752277500000006
13 0.75356608125 0.44774140156250003 0.777808840625 0.347274571875 0.6629340609375001 0.33100043125 0.639794809375 0.4297218015625 0.75356608125 0.44774140156250003
14 0.64269778125 0.4324328015625 0.66183269375 0.33265778749999997 0.54491694375 0.3132458234375 0.5241663671875 0.412908875 0.64269778125 0.4324328015625
14 0.5262555484375 0.41023813125 0.5413282953125 0.31507255624999997 0.4247226984375 0.2960838609375 0.4093495390625 0.39097164218749997 0.5262555484375 0.41023813125
14 0.408072090625 0.3885181015625 0.4211717265625 0.2952912296875 0.30714012031250004 0.2755856734375 0.2927914859375 0.369509021875 0.408072090625 0.3885181015625
3 0.29443138593749996 0.3664934578125 0.3068316640625 0.30438429375 0.22941325156249998 0.29070669531250004 0.20459296875000002 0.35110997187500004 0.29443138593749996 0.3664934578125
3 0.206915021875 0.352632228125 0.2205656109375 0.29072109375 0.13695613906249998 0.277505184375 0.1230602109375 0.3399281578125 0.206915021875 0.352632228125
2 0.1258282046875 0.33863485937500004 0.1351021546875 0.2719898796875 0.043715679687499995 0.259131703125 0.032060671875 0.3237835421875 0.1258282046875 0.33863485937500004
0 0.3492444375 0.46546001875 0.3578048859375 0.4033199140625 0.2636134953125 0.3884279953125 0.25958439843750003 0.4489503109375 0.3492444375 0.46546001875
1 0.48659177812500004 0.48836815468749994 0.4997088265625 0.43791723437499996 0.3702550671875 0.4132507796875 0.355584796875 0.465886984375 0.48659177812500004 0.48836815468749994
28 0.5765193796875 0.5031885375 0.586866853125 0.44594935312499995 0.4983336484375 0.4342575625 0.4878419921875 0.48856616875 0.5765193796875 0.5031885375
29 0.7099377 0.526628853125 0.7233222140625 0.47448859218750006 0.5884475218749999 0.4521358421875 0.5762518171875 0.5048778625 0.7099377 0.526628853125
4 0.7999544937499999 0.5408861125 0.8158396281250001 0.4891419109375 0.72780341875 0.47276539062499995 0.713688440625 0.5272229109375 0.7999544937499999 0.5408861125
5 0.9395346984374999 0.565879625 0.9564917656249999 0.515459678125 0.821043878125 0.49113887500000003 0.8035268578125001 0.5426063953125 0.9395346984374999 0.565879625
27 0 0.6950038875 0.1089832328125 0.7131190328125 0.121512159375 0.6690784562500001 0 0.6485409203125 0 0.6950038875
27 0 0.7395119984375 0.10001413750000002 0.7557223 0.108054309375 0.711971340625 0 0.695226946875 0 0.7395119984375
25 0.2383891765625 0.7376170671875 0.24627475156249998 0.6948422046875 0.1212875359375 0.6713848687499999 0.1121565765625 0.7141219046875 0.2383891765625 0.7376170671875
25 0.2288776328125 0.7766325375 0.23328068281249997 0.73480686875 0.11115035468750001 0.713462271875 0.10589559062500001 0.7536522125 0.2288776328125 0.7766325375
25 0.362609328125 0.7597929609375 0.37359095625 0.7185089734375001 0.25077410312500004 0.6956433984375 0.23606754218749998 0.7382499203124999 0.362609328125 0.7597929609375
25 0.3527885984375 0.800760553125 0.360519584375 0.758961715625 0.2371437546875 0.7378580343750001 0.22880033281249998 0.7771205953125 0.3527885984375 0.800760553125
25 0.37359095625 0.7185089734375001 0.382094903125 0.6718298296875 0.2580164390625 0.6499170859375 0.2428696046875 0.695303390625 0.37359095625 0.7185089734375001
25 0.501913375 0.7428354328125 0.5125843640625 0.696499515625 0.3876961375 0.672956246875 0.3735136609375 0.7189969953124999 0.501913375 0.7428354328125
25 0.49410509375 0.7851222921875001 0.5018360796875 0.7433234546875 0.3761961109375 0.7192581625 0.36678889375 0.7614555046875 0.49410509375 0.7851222921875001
25 0.4870696921875 0.8225288531249999 0.49425968437499995 0.7841462499999999 0.368081740625 0.761721465625 0.3572772671875 0.8004709625 0.4870696921875 0.8225288531249999
31 0.6325575125 0.76652905 0.644389315625 0.7198767234375001 0.5172792687500001 0.696605090625 0.501758784375 0.743811475 0.6325575125 0.76652905
31 0.6246718546875 0.8093039171875 0.63681429375 0.767703521875 0.50413469375 0.744521471875 0.49619483906250006 0.7859535390625 0.6246718546875 0.8093039171875
31 0.6119868828125 0.847316503125 0.6225048171875 0.8089606921874999 0.4936003125 0.7847265484375 0.48567698750000005 0.8243093625 0.6119868828125 0.847316503125
17 0.768851053125 0.7896166171875 0.780837609375 0.7419883125 0.651023525 0.7202880125 0.6357306921875 0.767531896875 0.768851053125 0.7896166171875
17 0.6281543796875 0.8083547062499999 0.7577922109374999 0.831388675 0.7710180921875 0.78995984375 0.6393303703125001 0.7678092984375 0.6281543796875 0.8083547062499999
17 0.6141540859375 0.8476597546875 0.7406185703125 0.8696908531249999 0.755625171875 0.8310454500000001 0.6273445703125 0.8084094703125 0.6141540859375 0.8476597546875
7 0.76683860625 0.78829735 0.9026685328124999 0.81431314375 0.922007753125 0.7693501765625 0.7847677828124999 0.7439709359375 0.76683860625 0.78829735
7 0.7570177953125 0.829264928125 0.888513478125 0.8545942468750001 0.9083181046875 0.81370711875 0.7706546125 0.78923399375 0.7570177953125 0.829264928125
7 0.74092775625 0.86773873125 0.8766802218749999 0.8942425203125 0.8920733046875 0.8531569749999999 0.7586688140625 0.8298341656250001 0.74092775625 0.86773873125
24 0.32240408125000003 0.6139099796874999 0.332376653125 0.5579583218749999 0.248207359375 0.5452420328125 0.23912635624999998 0.59971955625 0.32240408125000003 0.6139099796874999
24 0.40777154375 0.6289316859375 0.4188276390625 0.5731516234375 0.3323048515625 0.5579367875 0.321243259375 0.614226425 0.40777154375 0.6289316859375
24 0.4896564828125 0.64490260625 0.5039632187499999 0.58963739375 0.42424177500000004 0.573748121875 0.40661064687500004 0.62924808125 0.4896564828125 0.64490260625
26 0.5485538390625 0.6517296734375 0.5589930140625 0.6068579078125 0.5066976703125 0.5968075093749999 0.48880485 0.6432669296875 0.5485538390625 0.6517296734375
30 0.6292006609375 0.6685050593749999 0.6412630625 0.61338464375 0.560599175 0.59846990625 0.5470839203125 0.65399821875 0.6292006609375 0.6685050593749999
12 0.7143363218750001 0.68499084375 0.73026756875 0.6264810265625 0.6454721343750001 0.6150373546875 0.631987525 0.671948075 0.7143363218750001 0.68499084375
16 0.7925054640625 0.6963710921875 0.8083595812500001 0.638349325 0.73266559375 0.6257225484375 0.7155743484375 0.6841864 0.7925054640625 0.6963710921875
6 0.8901009999999999 0.7113284046875 0.9105210796875 0.6525290234375001 0.8153116671875 0.6388124015625001 0.796684953125 0.698033584375 0.8901009999999999 0.7113284046875
15 0.3469189171875 0.543282678125 0.36416574218750003 0.48348038125 0.2608573078125 0.46537340625 0.24212515781250002 0.524683846875 0.3469189171875 0.543282678125
23 0.45426629375000005 0.5597845296874999 0.46377372031249997 0.49975699999999995 0.36760105468750004 0.484154890625 0.349163340625 0.5431378578125 0.45426629375000005 0.5597845296874999
36 0.516724928125 0.5721783625 0.530798321875 0.5113732 0.46544021406249997 0.49777615624999993 0.4508610625 0.560245721875 0.516724928125 0.5721783625
34 0.585410128125 0.5838693453125 0.5968907921875 0.5219031265625 0.5360658234375 0.51143081875 0.5237645390625 0.5733552203125 0.585410128125 0.5838693453125
33 0.6341112734375 0.5919580484375 0.646172625 0.53158461875 0.5998653890625001 0.5229418781249999 0.5870355328125 0.584126784375 0.6341112734375 0.5919580484375
35 0.6803745625000001 0.59966063125 0.6964990484375 0.5399307390625 0.650672403125 0.53098891875 0.634981946875 0.59172075 0.6803745625000001 0.59966063125
37 0.7281470578125 0.608352671875 0.7435749125 0.547762034375 0.6982861484375 0.5394676625 0.6827544484375 0.600412765625 0.7281470578125 0.608352671875
39 0.7751649546875 0.6165499703124999 0.792276059375 0.5558507359375 0.7437951921875 0.5480817890624999 0.7280890859375 0.6087186875 0.7751649546875 0.6165499703124999
38 0.8229374500000001 0.6252420125 0.8434151828124999 0.5643255890625001 0.7946022046875 0.5561288281250001 0.7768482046875 0.6164413734374999 0.8229374500000001 0.6252420125
39 0.8682720968750001 0.6335479078125 0.888111040625 0.5714047171875001 0.8452643703125 0.565090396875 0.8244467875 0.6262314625000001 0.8682720968750001 0.6335479078125
42 0.9164504000000001 0.6396777828125 0.9324579734375 0.5754269453124999 0.8884492265624999 0.56864906875 0.8718125156250001 0.6322326375 0.9164504000000001 0.6396777828125