11 0.12109375 0.15703125 0.1234375 0.1453125
10 0.22578125 0.140625 0.1140625 0.1453125
9 0.321875 0.13046875 0.1140625 0.14375
8 0.415625 0.11796875 0.1171875 0.14375
20 0.5610956218750001 0.1612722375 0.5494492046875 0.0337463046875 0.468167165625 0.0400578421875 0.47697914687500004 0.17459497968749998 0.5610956218750001 0.1612722375
20 0.6555441171874999 0.1500629359375 0.64699866875 0.0182959875 0.5586687296874999 0.027598737499999998 0.5598765421875 0.161465321875 0.6555441171874999 0.1500629359375
19 0.69375 0.08046875 0.1046875 0.140625
19 0.78125 0.0671875 0.11875 0.134375
13 0.80078125 0.215625 0.0984375 0.1296875
13 0.71875 0.228125 0.1015625 0.1296875
13 0.634375 0.24296875 0.103125 0.1328125
14 0.54765625 0.25859375 0.1015625 0.1265625
14 0.4546875 0.2703125 0.103125 0.128125
14 0.36953125 0.284375 0.09375 0.1296875
2 0.15625 0.32734375 0.08125 0.0984375
0 0.37421875 0.41953125 0.071875 0.075
1 0.46171875 0.40546875 0.109375 0.0765625
28 0.55390625 0.384375 0.0796875 0.0859375
29 0.63828125 0.37734375 0.1125 0.0765625
4 0.71328125 0.3578125 0.065625 0.08125
5 0.796875 0.3515625 0.1140625 0.0765625
15 0.39765625 0.51171875 0.0921875 0.0890625
23 0.478125 0.49765625 0.0890625 0.0875
24 0.4046875 0.621875 0.078125 0.084375
24 0.4671875 0.609375 0.075 0.08125
24 0.53671875 0.596875 0.0765625 0.08125
26 0.5859375 0.59296875 0.05 0.0640625
30 0.6375 0.58046875 0.0703125 0.0765625
12 0.70078125 0.56953125 0.0703125 0.078125
16 0.7625 0.5578125 0.06875 0.078125
6 0.82734375 0.546875 0.0796875 0.0796875
27 0.35703125 0.86484375 0.1078125 0.075
25 0.45859375 0.8453125 0.103125 0.06875
25 0.44765625 0.79296875 0.10625 0.0734375
25 0.55390625 0.8265625 0.103125 0.06875
25 0.54921875 0.77578125 0.103125 0.0734375
25 0.5421875 0.71875 0.10625 0.075
31 0.65 0.8078125 0.1015625 0.06875
31 0.64140625 0.75625 0.1015625 0.065625
31 0.640625 0.70234375 0.10625 0.06875
7 0.840625 0.7703125 0.1015625 0.06875
7 0.83515625 0.715625 0.1 0.0703125
17 0.746875 0.78984375 0.1015625 0.065625
17 0.7453125 0.7375 0.1046875 0.071875
33 0.6505988296874999 0.504740253125 0.643522959375 0.428988609375 0.6113645375 0.43455073750000006 0.6182208046875 0.5093996953125 0.6505988296874999 0.504740253125
35 0.6841235125 0.499430465625 0.67759285 0.423123734375 0.6448892171875 0.42924094999999995 0.6537189515625 0.5047148078125 0.6841235125 0.499430465625
37 0.7187948484375 0.49347033125 0.711270325 0.418727215625 0.678269053125 0.423016634375 0.6866340937500001 0.4995015625 0.7187948484375 0.49347033125
39 0.7520743249999999 0.48780876875 0.743707675 0.41218344218749997 0.7132031343749999 0.4166242734375 0.7205814421875 0.4927967515625 0.7520743249999999 0.48780876875
38 0.7855386546875 0.482117928125 0.777481715625 0.4083966046875 0.746400925 0.4125380953125 0.7534774671875 0.48680530937500005 0.7855386546875 0.482117928125
42 0.852794203125 0.4695126390625 0.8478017 0.39530595625 0.817840778125 0.4000513 0.8197774703125 0.474741975 0.852794203125 0.4695126390625
41 0.8180260390624999 0.476749225 0.8073776593750001 0.40109467656250003 0.77711228125 0.40722748124999997 0.787497325 0.4812496890625 0.8180260390624999 0.476749225