11 0.23047320781249997 0.14767973437499998 0.1379971921875 0.1389273046875 0.158905384375 0.25877266250000003 0.24029771093750002 0.2621105171875 0.23047320781249997 0.14767973437499998
10 0.305293803125 0.135374975 0.21873880625000003 0.1310982921875 0.23541615781249997 0.2609269703125 0.31168468125 0.26770725624999997 0.305293803125 0.135374975
9 0.3976989265625 0.14137671875 0.296336675 0.13609275 0.30153387343750004 0.2727416296875 0.3989967921875 0.275993975 0.3976989265625 0.14137671875
8 0.48245915000000006 0.1458188125 0.3924217609375 0.14205609218749998 0.395347796875 0.27487500625 0.48669698125 0.2768792625 0.48245915000000006 0.1458188125
20 0.5796087062499999 0.149751209375 0.4837707578125 0.1440603109375 0.47925362656250003 0.27741687187499997 0.5667597765625 0.282002875 0.5796087062499999 0.149751209375
20 0.652854375 0.1674978015625 0.5717336703125 0.1635139390625 0.5630138078125 0.282734290625 0.6408541125 0.2831027890625 0.652854375 0.1674978015625
19 0.7317530890625 0.1658377296875 0.64829293125 0.16474304374999998 0.6358271906249999 0.2846948453125 0.718500375 0.2871720578125 0.7317530890625 0.1658377296875
19 0.816271015625 0.174903109375 0.7284526984374999 0.16801630625 0.717316396875 0.286182290625 0.8012221328125 0.28872416875 0.816271015625 0.174903109375
13 0.7829246671875 0.309917003125 0.6916485437500001 0.3043194375 0.6845976203124999 0.4152776875 0.7758982265625 0.41820707968750004 0.7829246671875 0.309917003125
13 0.6949005328125 0.308780840625 0.6113918 0.302896565625 0.6044863390625 0.41107923281250003 0.6821811828125 0.41422329375 0.6949005328125 0.308780840625
13 0.6133436484375 0.30218863281249997 0.5375399015625 0.29717068125 0.534137971875 0.4092479 0.6044863390625 0.41107923281250003 0.6133436484375 0.30218863281249997
14 0.5404275921874999 0.3076392296875 0.4679391234375 0.30465584218749997 0.46521592187499994 0.4037803796875 0.5342349468750001 0.4073975140625 0.5404275921874999 0.3076392296875
14 0.4665156078125 0.30260667343750003 0.3927577859375 0.3007157546875 0.3986619171875 0.40029243125 0.46901037968750003 0.40212376875 0.4665156078125 0.30260667343750003
14 0.3984651328125 0.30367628125 0.322409421875 0.2988844046875 0.32722645625 0.3956209046875 0.39871040468749996 0.3993672203125 0.3984651328125 0.30367628125
2 0.21992638750000001 0.313172459375 0.159147209375 0.31097022343749997 0.162598421875 0.3866065890625 0.22017886406249998 0.388387271875 0.21992638750000001 0.313172459375
3 0.27619090625 0.320757140625 0.21886938906250003 0.3190480390625 0.220081890625 0.3902376484375 0.27763000625 0.39263513906249997 0.27619090625 0.320757140625
3 0.32768188593750003 0.321137678125 0.2732924390625 0.3181893015625 0.27513281875 0.3931227453125 0.33182690625 0.39609395625 0.32768188593750003 0.321137678125
0 0.3806443078125 0.4864776 0.37910048281250003 0.42118805625 0.3198847109375 0.419589115625 0.31990660000000004 0.4820574921875 0.3806443078125 0.4864776
1 0.46869064062500004 0.488617953125 0.47009457499999996 0.4344561578125 0.38279648437499997 0.42968953593750003 0.3839632 0.4860330359375 0.46869064062500004 0.488617953125
28 0.5294283484375 0.4930380625 0.5332503640625 0.42849404687500003 0.47024744687500003 0.4274692921875 0.4710585921875 0.49059751093750004 0.5294283484375 0.4930380625
29 0.618263996875 0.495838284375 0.6220685125000001 0.4439661015625 0.5339162749999999 0.4388463671875 0.5327796265625 0.491976715625 0.618263996875 0.495838284375
4 0.6774230703125 0.49893867968750005 0.6833310359375 0.43481411249999996 0.6233660296875 0.42992749999999996 0.618263996875 0.495838284375 0.6774230703125 0.49893867968750005
5 0.7595733046875 0.503534515625 0.7670525875 0.44924640312499997 0.6811388218750001 0.4437600609375 0.6757322796875 0.4997590734375 0.7595733046875 0.503534515625
15 0.3919452203125 0.5695443640625 0.3955293828125 0.5008607703125 0.32641739687500004 0.49931355 0.32378034843750003 0.5653535171875 0.3919452203125 0.5695443640625
23 0.46089959687500004 0.5743950890625 0.4642841921875 0.5060093859375 0.396419625 0.49988977187500006 0.39352397968749997 0.5708640828125 0.46089959687500004 0.5743950890625
25 0.416901734375 0.6827841890624999 0.34004955312499996 0.6793893609375 0.34524630625 0.7217188578125 0.4217571390625 0.7238732109375 0.416901734375 0.6827841890624999
25 0.41480183437499996 0.7228526578125 0.33798076718750003 0.7188641515625 0.345047075 0.756962234375 0.419028278125 0.7602208984375001 0.41480183437499996 0.7228526578125
25 0.4159860375 0.7592299203125 0.341760509375 0.7567899921875 0.3497778234375 0.7924639328125 0.42375902187500003 0.79572264375 0.4159860375 0.7592299203125
25 0.499209890625 0.724185640625 0.424480728125 0.7190680046875 0.4238936015625 0.761712884375 0.4994534984375 0.7662912875 0.499209890625 0.724185640625
25 0.4980162390625 0.7666195953125 0.4238936015625 0.761712884375 0.42701338906249997 0.7965116765625 0.4968539296875 0.8001718640625001 0.4980162390625 0.7666195953125
31 0.5823125921875001 0.6914530046875 0.5076023640625 0.6894074125 0.5062582453125 0.7307756390625 0.584477015625 0.7317824734375 0.5823125921875001 0.6914530046875
31 0.57779445625 0.7383487125 0.5011020625 0.734834809375 0.50235216875 0.7738650328125 0.57709041875 0.778400425 0.57779445625 0.7383487125
31 0.5737205296875 0.7767684 0.49998421562499995 0.7718854984375 0.49909264531249997 0.8046185843749999 0.5713335859375 0.809641575 0.5737205296875 0.7767684
17 0.6594481062499999 0.6939501781249999 0.5825345046875 0.6902420015625 0.5813843359375 0.727909453125 0.6536576015625 0.7323156359375 0.6594481062499999 0.6939501781249999
17 0.654185253125 0.7353982109375 0.579450128125 0.7333744828125 0.577575290625 0.7691485218749999 0.6516857890625001 0.7699400515625 0.654185253125 0.7353982109375
17 0.6490031625 0.77530515 0.57498100625 0.7714864734375 0.5714952109375 0.8065576078125 0.6437360875 0.8115805484375 0.6490031625 0.77530515
7 0.7395042796875 0.699691071875 0.6587866796874999 0.697330646875 0.6551069328125 0.73610255625 0.7340180468749999 0.7396195859375 0.7395042796875 0.699691071875
7 0.7342818062500001 0.7403685578125 0.6542852921875 0.7360594953125 0.6506701359375 0.7735977390625 0.727970290625 0.7764118640625 0.7342818062500001 0.7403685578125
7 0.72930163125 0.776422759375 0.6507024593749999 0.7729809546874999 0.6429467718749999 0.8109207046875 0.7193606328125 0.814925384375 0.72930163125 0.776422759375
27 0.3399183046875 0.7560160437500001 0.2643957703125 0.7552093906249999 0.2681108625 0.7943688234375 0.3396593984375 0.79688156875 0.3399183046875 0.7560160437500001
27 0.26266164375 0.7558305125 0.189592865625 0.7519076625000001 0.19508054375 0.7886859859375 0.2682724875 0.79128485625 0.26266164375 0.7558305125
6 0.7153489125 0.6568470921875 0.7268228359375 0.6098610578125 0.671836053125 0.6067369671875 0.662827703125 0.6528576 0.7153489125 0.6568470921875
16 0.6638370250000001 0.6545597859375001 0.6706315671875 0.6074313078125 0.6202810671875 0.6052720734375 0.616138003125 0.652884640625 0.6638370250000001 0.6545597859375001
12 0.6137745171875 0.656059371875 0.6174223140625 0.600521853125 0.565741171875 0.5978781734374999 0.5614257078125 0.64878031875 0.6137745171875 0.656059371875
30 0.5625212296875 0.6488377328125 0.5660524828125 0.5978296750000001 0.517011275 0.5949120296875 0.513769740625 0.646282775 0.5625212296875 0.6488377328125
26 0.5145133703125 0.6426769609375 0.5159010359375 0.59792406875 0.48514838125 0.5966069140625 0.48276558437499995 0.6420733890625 0.5145133703125 0.6426769609375
24 0.48271017031249996 0.6431307546875 0.48540796718749996 0.5900343046875001 0.43711335625 0.5901135125 0.436538575 0.6415061984375 0.48271017031249996 0.6431307546875
24 0.4353713234375 0.643565553125 0.4372927203125 0.5898306828125001 0.390459153125 0.5842226015625 0.3875083625 0.6405270359374999 0.4353713234375 0.643565553125
24 0.38725317812500004 0.6386582 0.389808159375 0.5860175562500001 0.3378105390625 0.5849092734375 0.33586884375000003 0.6354351265625 0.38725317812500004 0.6386582
36 0.504851415625 0.5138972890625 0.46492851562500004 0.51079024375 0.46192807968749994 0.5747789812499999 0.4996345125 0.57622496875 0.504851415625 0.5138972890625
34 0.545783203125 0.5163735734375 0.5079308390625 0.5122486937499999 0.5028176109375 0.5761267140624999 0.5404963390625 0.5781013734375 0.545783203125 0.5163735734375
33 0.5720683125 0.515424846875 0.545221703125 0.5142358046875 0.5412234703125 0.5787355171875 0.5687431578125001 0.5783223109375 0.5720683125 0.515424846875
35 0.603320915625 0.51619348125 0.5751336078125 0.515339553125 0.5699514 0.5788494921875 0.59707809375 0.5800392125 0.603320915625 0.51619348125
37 0.6303809375 0.5158731421875 0.6026718453125001 0.5145723890625 0.597404784375 0.5797014125 0.62670045625 0.5807728671875 0.6303809375 0.5158731421875
39 0.66145181875 0.5201092375 0.6321422937500001 0.5182042703125 0.625727596875 0.5816496328125 0.6540988999999999 0.582672625 0.66145181875 0.5201092375
38 0.6912087578125 0.5199302390625 0.660634815625 0.5169143046875 0.6543827953125 0.5831513875 0.681521625 0.584109790625 0.6912087578125 0.5199302390625
41 0.718527628125 0.5216958625 0.6900196125 0.520636265625 0.6815670453125 0.5831022984375 0.7092500640625 0.584906521875 0.718527628125 0.5216958625