11 0.19609375 0.25234375 0.0921875 0.1234375
10 0.27734375 0.24609375 0.0890625 0.1265625
9 0.3640625 0.2375 0.0953125 0.128125
8 0.4453125 0.23203125 0.0859375 0.121875
20 0.521875 0.22265625 0.0890625 0.121875
20 0.60078125 0.21328125 0.0953125 0.11875
19 0.68515625 0.20234375 0.0875 0.1234375
19 0.76953125 0.1890625 0.0953125 0.13125
13 0.7765625 0.328125 0.084375 0.11875
13 0.70234375 0.33203125 0.0859375 0.11875
13 0.628125 0.33984375 0.084375 0.115625
14 0.5515625 0.3484375 0.0921875 0.1234375
14 0.4703125 0.3578125 0.0890625 0.1171875
14 0.38828125 0.36640625 0.0953125 0.11875
3 0.2671875 0.3890625 0.0671875 0.0890625
3 0.321875 0.384375 0.0640625 0.0890625
2 0.2078125 0.3984375 0.0640625 0.0828125
5 0.778125 0.44765625 0.109375 0.0796875
4 0.69140625 0.44765625 0.0734375 0.0796875
29 0.6109375 0.465625 0.1 0.0734375
28 0.5296875 0.46640625 0.0703125 0.08125
1 0.45078125 0.48046875 0.0984375 0.071875
0 0.3734375 0.4828125 0.06875 0.071875
15 0.390625 0.575 0.0796875 0.090625
23 0.4609375 0.56796875 0.078125 0.090625
24 0.39609375 0.67265625 0.065625 0.0765625
24 0.45703125 0.66640625 0.0671875 0.075
24 0.51640625 0.6609375 0.0640625 0.075
26 0.56328125 0.66015625 0.0421875 0.0671875
30 0.61171875 0.65390625 0.06875 0.075
12 0.6734375 0.64609375 0.065625 0.078125
16 0.7375 0.6390625 0.06875 0.0765625
6 0.80234375 0.63359375 0.0703125 0.0796875
27 0.2515625 0.91171875 0.0984375 0.065625
27 0.24453125 0.85546875 0.0984375 0.06875
25 0.3484375 0.9015625 0.0984375 0.0671875
25 0.3453125 0.84375 0.0984375 0.0671875
25 0.440625 0.890625 0.0984375 0.065625
25 0.4375 0.83515625 0.096875 0.0671875
25 0.53125 0.88203125 0.0953125 0.0625
25 0.53203125 0.828125 0.0984375 0.0671875
25 0.5296875 0.77109375 0.1 0.0671875
31 0.6265625 0.87421875 0.096875 0.0625
31 0.628125 0.82109375 0.096875 0.065625
31 0.62265625 0.7578125 0.0953125 0.0640625
17 0.72265625 0.865625 0.09375 0.0609375
17 0.72109375 0.8125 0.0984375 0.0640625
17 0.7140625 0.75 0.0953125 0.065625
7 0.81953125 0.85859375 0.1 0.0640625
7 0.8171875 0.8 0.0984375 0.0703125
36 0.51875 0.5671875 0.05 0.0796875
34 0.565625 0.56328125 0.0515625 0.078125
33 0.6078125 0.559375 0.0390625 0.078125
35 0.64140625 0.55390625 0.040625 0.0796875
37 0.67578125 0.55078125 0.0390625 0.0796875
39 0.70859375 0.54609375 0.040625 0.08125
38 0.74453125 0.5453125 0.040625 0.0796875
41 0.778125 0.53984375 0.040625 0.0796875
42 0.8125 0.53671875 0.0390625 0.0796875