13 0.7265625 0.196875 0.1234375 0.15
13 0.6265625 0.22265625 0.121875 0.1421875
14 0.5328125 0.24140625 0.1140625 0.146875
14 0.4453125 0.2609375 0.1125 0.1421875
19 0.35078125 0.28046875 0.1203125 0.1375
19 0.2609375 0.296875 0.10625 0.134375
22 0.15 0.31953125 0.1375 0.1421875
23 0.74140625 0.3625 0.10625 0.10625
15 0.6640625 0.38203125 0.0921875 0.0953125
8 0.58203125 0.38203125 0.1046875 0.1328125
9 0.48359375 0.40546875 0.109375 0.13125
10 0.39140625 0.425 0.109375 0.1265625
11 0.30859375 0.44296875 0.1046875 0.1265625
3 0.2375 0.46875 0.075 0.09375
2 0.17578125 0.48203125 0.0765625 0.0921875
1 0.3890625 0.55234375 0.109375 0.08125
28 0.471875 0.53125 0.08125 0.0875
29 0.56171875 0.51953125 0.1125 0.0828125
4 0.64765625 0.49375 0.0796875 0.090625
5 0.74375 0.48359375 0.1140625 0.0859375
24 0.41953125 0.7234375 0.0734375 0.0765625
24 0.48046875 0.70703125 0.065625 0.0765625
24 0.53984375 0.69453125 0.06875 0.0796875
26 0.59140625 0.69296875 0.05 0.0625
30 0.65234375 0.67734375 0.0734375 0.0796875
16 0.7140625 0.66875 0.06875 0.0765625
6 0.775 0.6546875 0.06875 0.075
27 0.389497834375 0.9658579218750001 0.3743395546875 0.9274059250000001 0.286509940625 0.9460503671874999 0.303536046875 0.9836152625000001 0.389497834375 0.9658579218750001
27 0.3743395546875 0.9274059250000001 0.3602190765625 0.8835118906250001 0.2704527296875 0.89938860625 0.2845354109375 0.94695820625 0.3743395546875 0.9274059250000001
25 0.47644115 0.953150103125 0.4669342890625 0.9078352390625 0.379982471875 0.923688896875 0.389217334375 0.96800856875 0.47644115 0.953150103125
25 0.46837866406249995 0.9080785125 0.4531924640625 0.8622955062500001 0.3631676390625 0.8803185906250001 0.3767375359375 0.9253677124999999 0.46837866406249995 0.9080785125
25 0.51953125 0.921875 0.096875 0.0609375
25 0.51015625 0.875 0.1015625 0.0671875
25 0.49453125 0.8296875 0.1078125 0.06875
31 0.61015625 0.90390625 0.1 0.0640625
31 0.60390625 0.8578125 0.1 0.0671875
31 0.59453125 0.81328125 0.103125 0.0640625
17 0.70234375 0.88828125 0.0984375 0.0640625
17 0.6984375 0.83984375 0.1046875 0.0703125
17 0.69296875 0.78828125 0.1046875 0.071875
7 0.79609375 0.775 0.1125 0.0765625
7 0.796875 0.82734375 0.10625 0.06875
12 0.7671875 0.5671875 0.0765625 0.08125
40 0.71484375 0.57265625 0.0453125 0.08125
42 0.68203125 0.5796875 0.04375 0.0796875
38 0.6140625 0.59296875 0.0453125 0.0796875
36 0.3875 0.63984375 0.059375 0.0765625
41 0.64921875 0.5890625 0.04375 0.0734375
39 0.58125 0.60234375 0.0453125 0.0734375
35 0.51328125 0.61328125 0.04375 0.0765625
37 0.54609375 0.6078125 0.04375 0.0765625
33 0.4796875 0.62265625 0.0453125 0.075
34 0.4375 0.62734375 0.0625 0.0796875