19 0.76015625 0.1671875 0.1109375 0.1359375
19 0.6734375 0.18125 0.1 0.1375
20 0.5875 0.1953125 0.10625 0.1375
20 0.4984375 0.21328125 0.109375 0.1359375
8 0.4140625 0.22890625 0.103125 0.13125
9 0.328125 0.2375 0.1078125 0.140625
10 0.24140625 0.24921875 0.1125 0.1453125
11 0.15234375 0.2703125 0.1140625 0.1328125
3 0.27734375 0.40078125 0.075 0.09375
14 0.35078125 0.37890625 0.103125 0.1234375
14 0.4328125 0.36640625 0.0953125 0.11875
14 0.5140625 0.3546875 0.096875 0.1140625
13 0.596875 0.33515625 0.0984375 0.1234375
13 0.6796875 0.32265625 0.0984375 0.121875
13 0.76796875 0.3046875 0.1109375 0.13125
0 0.3625 0.49296875 0.078125 0.0859375
1 0.44375 0.48515625 0.10625 0.078125
28 0.5234375 0.4671875 0.0703125 0.08125
29 0.60546875 0.459375 0.1078125 0.078125
4 0.69140625 0.4375 0.0765625 0.0828125
5 0.771875 0.43046875 0.10625 0.078125
15 0.39453125 0.59375 0.0859375 0.096875
23 0.471875 0.58046875 0.0875 0.1
24 0.40703125 0.6921875 0.06875 0.0796875
24 0.4671875 0.68359375 0.071875 0.0796875
24 0.52578125 0.67421875 0.06875 0.078125
26 0.57265625 0.66953125 0.0484375 0.0625
30 0.6203125 0.65625 0.06875 0.0765625
12 0.68125 0.65 0.0734375 0.078125
16 0.74765625 0.63515625 0.0734375 0.0796875
6 0.81171875 0.62421875 0.071875 0.0796875
27 0.271875 0.8890625 0.10625 0.0703125
27 0.28359375 0.940625 0.1 0.065625
25 0.36640625 0.87265625 0.103125 0.0671875
25 0.3765625 0.92265625 0.1 0.0671875
25 0.4671875 0.90234375 0.0984375 0.0671875
25 0.46015625 0.8515625 0.103125 0.06875
25 0.553125 0.8328125 0.1 0.0703125
25 0.55859375 0.88515625 0.0953125 0.0640625
31 0.64140625 0.77421875 0.103125 0.071875
31 0.646875 0.8265625 0.0984375 0.0640625
31 0.64921875 0.87421875 0.096875 0.0671875
17 0.74140625 0.853125 0.096875 0.065625
17 0.73671875 0.80234375 0.0984375 0.0703125
7 0.82578125 0.7875 0.103125 0.0703125
7 0.83125 0.83828125 0.1 0.0671875
36 0.5328125 0.57890625 0.0578125 0.0796875
34 0.5796875 0.57109375 0.05625 0.0796875
33 0.62109375 0.5640625 0.0421875 0.078125
35 0.65390625 0.559375 0.0421875 0.0765625
37 0.6859375 0.553125 0.04375 0.078125
38 0.7515625 0.54296875 0.04375 0.078125
41 0.80457830625 0.5715440078125 0.797793096875 0.49752363749999995 0.7667528109374999 0.5036684546875 0.7741902078125 0.5769022484375 0.80457830625 0.5715440078125
42 0.8391352890625001 0.5644433109375 0.8356507375 0.4888335796875 0.8045620828125 0.494651134375 0.8074448453124999 0.570031190625 0.8391352890625001 0.5644433109375