11 0.0796875 0.2375 0.128125 0.15625
10 0.17265625 0.22734375 0.1078125 0.140625
9 0.25625 0.2171875 0.096875 0.134375
8 0.33671875 0.20859375 0.1046875 0.128125
20 0.41796875 0.19375 0.1015625 0.1328125
20 0.50234375 0.17421875 0.1078125 0.14375
19 0.59296875 0.1640625 0.103125 0.1328125
19 0.675 0.1515625 0.1 0.128125
14 0.30078125 0.34609375 0.1 0.125
14 0.3859375 0.33203125 0.1109375 0.134375
14 0.4734375 0.3171875 0.0984375 0.121875
13 0.55625 0.3046875 0.1 0.125
13 0.63515625 0.28984375 0.103125 0.1265625
13 0.71484375 0.27578125 0.0953125 0.121875
3 0.2328125 0.37578125 0.0671875 0.084375
3 0.175 0.38359375 0.0703125 0.0890625
2 0.1125 0.39375 0.078125 0.0890625
0 0.30078125 0.4640625 0.0765625 0.0875
1 0.38203125 0.45625 0.10625 0.08125
28 0.4734375 0.434375 0.078125 0.0859375
29 0.55703125 0.425 0.1078125 0.08125
4 0.63828125 0.403125 0.078125 0.090625
5 0.71640625 0.39765625 0.1078125 0.08125
24 0.3296875 0.66484375 0.0734375 0.08125
24 0.3921875 0.65390625 0.071875 0.08125
24 0.4515625 0.640625 0.06875 0.0796875
26 0.50703125 0.6359375 0.0515625 0.06875
30 0.56640625 0.62109375 0.075 0.08125
12 0.62890625 0.6109375 0.075 0.078125
16 0.68828125 0.59609375 0.06875 0.078125
6 0.75546875 0.58515625 0.0765625 0.078125
27 0.19765625 0.86640625 0.1125 0.0765625
27 0.20859375 0.92421875 0.109375 0.071875
25 0.30625 0.9015625 0.1078125 0.0734375
25 0.3 0.84296875 0.109375 0.0765625
25 0.3921875 0.765625 0.10625 0.0796875
25 0.4 0.825 0.103125 0.0734375
25 0.40546875 0.88515625 0.1078125 0.078125
25 0.5078125 0.86171875 0.0984375 0.0703125
25 0.49921875 0.80546875 0.1015625 0.075
25 0.48984375 0.746875 0.1046875 0.078125
31 0.58984375 0.7265625 0.1046875 0.08125
31 0.6 0.78515625 0.103125 0.071875
31 0.60234375 0.84296875 0.1015625 0.0734375
17 0.69921875 0.821875 0.0984375 0.0734375
17 0.69140625 0.765625 0.1015625 0.0734375
17 0.68203125 0.7109375 0.1 0.0734375
7 0.790625 0.80234375 0.096875 0.0703125
7 0.7875 0.74921875 0.1046875 0.0734375
7 0.77265625 0.6921875 0.10625 0.0796875
18 0.36171875 0.55625 0.1578125 0.1109375
36 0.4625 0.53984375 0.0546875 0.08125
18 0.50625 0.53203125 0.059375 0.084375
33 0.54609375 0.525 0.0453125 0.0796875
33 0.5796875 0.51875 0.04375 0.0796875
37 0.6125 0.5125 0.04375 0.0796875
42 0.7421875 0.4890625 0.04375 0.0796875
38 0.67734375 0.50078125 0.04375 0.0796875
18 0.70859375 0.48984375 0.040625 0.06875
18 0.64375 0.50078125 0.0421875 0.0703125