21 0.8859375 0.246875 0.125 0.140625
21 0.7921875 0.2484375 0.1 0.1125
20 0.7078125 0.23046875 0.1078125 0.1265625
20 0.61953125 0.21796875 0.1015625 0.128125
8 0.53671875 0.20390625 0.1125 0.140625
9 0.4515625 0.20546875 0.1015625 0.11875
10 0.378125 0.1890625 0.090625 0.1234375
11 0.30078125 0.178125 0.1078125 0.128125
13 0.8625 0.3890625 0.11875 0.1359375
13 0.7640625 0.3765625 0.103125 0.1296875
13 0.67734375 0.3640625 0.103125 0.1234375
14 0.5984375 0.35625 0.0921875 0.1140625
14 0.52421875 0.3421875 0.0921875 0.11875
14 0.45 0.3328125 0.0921875 0.1140625
3 0.37890625 0.334375 0.06875 0.08125
3 0.32890625 0.325 0.059375 0.0796875
2 0.28125 0.31953125 0.0578125 0.0765625
5 0.8265625 0.51875 0.1171875 0.084375
4 0.73671875 0.49375 0.0828125 0.090625
29 0.64453125 0.4859375 0.1140625 0.0828125
28 0.56328125 0.46484375 0.078125 0.0875
1 0.48671875 0.45703125 0.1 0.0765625
0 0.41640625 0.43828125 0.06875 0.0796875
15 0.41015625 0.5359375 0.084375 0.09375
23 0.4796875 0.553125 0.084375 0.0875
24 0.38828125 0.6328125 0.0734375 0.08125
24 0.44765625 0.64609375 0.0703125 0.08125
24 0.50546875 0.6578125 0.0703125 0.084375
26 0.5546875 0.67421875 0.0546875 0.0734375
30 0.60703125 0.6828125 0.078125 0.0875
12 0.6703125 0.69765625 0.0734375 0.0828125
16 0.7328125 0.7140625 0.08125 0.0859375
6 0.80546875 0.7296875 0.0890625 0.0984375
27 0.2171875 0.75625 0.0953125 0.0765625
27 0.21640625 0.81015625 0.09375 0.0703125
25 0.30234375 0.77734375 0.09375 0.075
25 0.2984375 0.8328125 0.0921875 0.071875
25 0.38046875 0.85703125 0.1 0.08125
25 0.39375 0.79765625 0.096875 0.084375
25 0.46953125 0.884375 0.1046875 0.0859375
25 0.4796875 0.8265625 0.103125 0.0796875
25 0.4921875 0.76328125 0.1015625 0.0765625
25 0.4109375 0.73515625 0.090625 0.0703125
31 0.6033798171875 0.9534688203125 0.6139942765625 0.8952684718749999 0.5207992203125 0.8687686906250001 0.509663084375 0.9252955406250001 0.6033798171875 0.9534688203125
31 0.6130267078125 0.8966524890625 0.62556234375 0.8393496109375 0.5302494875 0.8129622015625 0.5204598890625001 0.8697507921875 0.6130267078125 0.8966524890625
31 0.6252678859375 0.8408644687500001 0.6371443718750001 0.77976524375 0.5395172484375 0.75450008125 0.52971416875 0.8149542703125 0.6252678859375 0.8408644687500001
17 0.7038136921875 0.986616 0.714918915625 0.925890890625 0.618101265625 0.896590821875 0.6061564500000001 0.9571527312500001 0.7038136921875 0.986616
17 0.7141476515625 0.9262650046875001 0.7255612921875 0.8603595328125 0.6290238234375 0.8332100484374999 0.615634953125 0.8940152937500001 0.7141476515625 0.9262650046875001
17 0.733427909375 0.8414514296875 0.7424016921875001 0.784504259375 0.6495960625 0.763320484375 0.6415202453125 0.8183460765625 0.733427909375 0.8414514296875
7 0.8208358234375 0.9595798328124999 0.8375222328125 0.8988915328125 0.7287950421875 0.8698966390624999 0.7183686578125 0.929705640625 0.8208358234375 0.9595798328124999
7 0.8117844265624999 1 0.8205553234374999 0.957429184375 0.7146180890625 0.9284525718750001 0.701990665625 0.985213578125 0.7508028109375 1 0.8117844265624999 1
7 0.834170203125 0.869418246875 0.8476734078125 0.8107313515625 0.7443169796875 0.786448646875 0.7341991734375 0.841077315625 0.834170203125 0.869418246875
41 0.8078125 0.6203125 0.053125 0.090625
38 0.77109375 0.61328125 0.0515625 0.0875
39 0.734375 0.60546875 0.0515625 0.0875
37 0.6984375 0.59765625 0.0484375 0.0859375
36 0.53828125 0.56484375 0.059375 0.0828125
34 0.60227783125 0.6157785109375 0.609428259375 0.538563728125 0.5666891 0.53261421875 0.559009459375 0.60658194375 0.60227783125 0.6157785109375
33 0.6390569953125 0.623320678125 0.647290703125 0.5459234421875 0.6141649625000001 0.539091428125 0.6073261578125 0.6167598062499999 0.6390569953125 0.623320678125
35 0.6725127046875 0.6317889265625001 0.6851531468750001 0.5532831546875 0.6514578171875 0.546733446875 0.6407818671875 0.6252280531250001 0.6725127046875 0.6317889265625001
42 0.8484375 0.62890625 0.053125 0.090625