11 0.0636894609375 0.3046561390625 0.1530255171875 0.303573671875 0.1488913953125 0.18518793125 0.051132626562500005 0.186924609375 0.0636894609375 0.3046561390625
10 0.18828125 0.24375 0.0984375 0.128125
9 0.2734375 0.24765625 0.0875 0.121875
8 0.35234375 0.24609375 0.09375 0.121875
13 0.6984375 0.35703125 0.0859375 0.10625
13 0.6234375 0.3609375 0.0828125 0.1
13 0.5484375 0.36484375 0.08125 0.1015625
2 0.11875 0.37890625 0.078125 0.08125
18 0.203125 0.37578125 0.0875 0.08125
5 0.68125 0.48203125 0.096875 0.0625
4 0.60390625 0.47734375 0.06875 0.0734375
29 0.528125 0.48828125 0.0984375 0.065625
28 0.4515625 0.48203125 0.0640625 0.0765625
1 0.375 0.49140625 0.0984375 0.059375
0 0.29296875 0.48984375 0.0703125 0.075
15 0.290625 0.58515625 0.0859375 0.0859375
23 0.36640625 0.58125 0.0765625 0.0828125
45 0.7015625 0.571875 0.0375 0.078125
44 0.671875 0.57421875 0.034375 0.071875
40 0.640625 0.575 0.034375 0.0765625
41 0.60859375 0.57578125 0.0359375 0.0765625
37 0.5765625 0.5765625 0.0375 0.0796875
6 0.68203125 0.66171875 0.065625 0.0734375
16 0.61875 0.66484375 0.06875 0.0734375
12 0.5578125 0.67265625 0.0609375 0.0625
30 0.49765625 0.67265625 0.065625 0.06875
26 0.44921875 0.68203125 0.0453125 0.05625
24 0.4015625 0.68046875 0.065625 0.0703125
24 0.3421875 0.68359375 0.0640625 0.0734375
24 0.28359375 0.68359375 0.0640625 0.0734375
7 0.70390625 0.76953125 0.0921875 0.059375
7 0.70390625 0.825 0.0921875 0.0546875
7 0.70390625 0.87578125 0.0890625 0.0578125
17 0.61796875 0.88203125 0.0921875 0.0578125
17 0.61484375 0.82890625 0.0953125 0.0578125
17 0.61171875 0.7703125 0.0921875 0.05625
31 0.52421875 0.78203125 0.0953125 0.0609375
31 0.525 0.83671875 0.1 0.0578125
31 0.52734375 0.8890625 0.096875 0.0578125
25 0.42421875 0.9 0.1 0.0609375
25 0.4234375 0.84609375 0.0984375 0.0546875
25 0.425 0.7890625 0.096875 0.0625
25 0.328125 0.79453125 0.1046875 0.0625
25 0.3296875 0.85234375 0.1 0.0578125
25 0.325 0.90703125 0.103125 0.059375
25 0.2328125 0.9125 0.0984375 0.05625
25 0.228125 0.8578125 0.1046875 0.0609375
27 0.0799817640625 0.9011034625000001 0.1815662671875 0.8933488640625 0.17696650625000002 0.8373738421875 0.074554115625 0.8443983234375001 0.0799817640625 0.9011034625000001
27 0.08423860625 0.957188615625 0.18607175781250002 0.94834090625 0.180428109375 0.8926247265624999 0.0795360359375 0.8993087671875 0.08423860625 0.957188615625
21 0.66015625 0.23828125 0.0921875 0.1171875
18 0.45078125 0.24140625 0.084375 0.115625
21 0.57421875 0.24296875 0.0953125 0.1140625
14 0.47109375 0.36640625 0.0859375 0.1015625
14 0.39296875 0.3703125 0.0828125 0.0984375
14 0.3125 0.3703125 0.0875 0.1
35 0.54375 0.57734375 0.0375 0.078125
33 0.5125 0.5796875 0.0375 0.078125
34 0.471875 0.58046875 0.05 0.0796875
36 0.4265625 0.58203125 0.05 0.0796875