11 0.8831607515625001 0.1906167421875 0.8071221718749999 0.18198101093750002 0.7920041437500001 0.281796003125 0.8620755484375 0.286292959375 0.8831607515625001 0.1906167421875
10 0.8083029249999999 0.1774216421875 0.7382755890625 0.1750743171875 0.7339405484375 0.27875301874999997 0.7952476093749999 0.2827906546875 0.8083029249999999 0.1774216421875
9 0.7375546828124999 0.16444191875 0.6643392078125 0.1604790484375 0.6616780984374999 0.2741412671875 0.738408921875 0.277337890625 0.7375546828124999 0.16444191875
8 0.66868466875 0.168044121875 0.5916457625 0.1640911609375 0.596911990625 0.2732209625 0.66378294375 0.27590088437500004 0.66868466875 0.168044121875
20 0.5976672093750001 0.16020138125 0.5095665453125 0.15814028125 0.5146172765625 0.27138202499999997 0.60335590625 0.27603261875 0.5976672093750001 0.16020138125
20 0.512681909375 0.1567777078125 0.429764571875 0.150659440625 0.4337629625 0.26302137812500004 0.5159282953125001 0.26732748125 0.512681909375 0.1567777078125
19 0.4321292578125 0.1474050296875 0.348824059375 0.1439436 0.3614142296875 0.2600544109375 0.4370925453125 0.2623712359375 0.4321292578125 0.1474050296875
19 0.36263913593749997 0.25764463125 0.349937528125 0.14309754375 0.2648554984375 0.1321211140625 0.27714396875 0.25398868750000003 0.36263913593749997 0.25764463125
14 0.60595699375 0.3940938828125 0.6040431046875 0.3006452375 0.5263846015625 0.2983875296875 0.5312879171875 0.39347925625 0.60595699375 0.3940938828125
14 0.6584135953125 0.3993169921875 0.6616311609375 0.3026330828125 0.6019336171874999 0.3031715234375 0.6014455234375 0.3963314234375 0.6584135953125 0.3993169921875
14 0.7299253203125 0.39729220781249996 0.7275999203125 0.301969484375 0.6580647640625 0.3011653453125 0.6584997953125 0.397672203125 0.7299253203125 0.39729220781249996
18 0.5180983859375 0.393612659375 0.514894375 0.29803358750000003 0.24057826875 0.28093511250000003 0.2478200421875 0.394291696875 0.5180983859375 0.393612659375
5 0.37026236875 0.43674476718750005 0.2652378546875 0.43924843593749996 0.27392690625 0.50402650625 0.3720333609375 0.4976229671875 0.37026236875 0.43674476718750005
4 0.4304847703125 0.4932644125 0.427449746875 0.42016768125 0.367320390625 0.41985885312500004 0.3721195609375 0.495978178125 0.4304847703125 0.4932644125
29 0.5250889953125 0.4908005453125 0.5189612953125 0.43011469062499996 0.43788392187499997 0.4359266828125 0.4403015375 0.49460352500000004 0.5250889953125 0.4908005453125
28 0.5811769578125 0.4896167421875 0.5814665921875 0.416906959375 0.52883866875 0.41925253125 0.5295573640625 0.4893854484375 0.5811769578125 0.4896167421875
1 0.661539228125 0.48640651874999996 0.66043400625 0.4303174328125 0.57875934375 0.4309399 0.5790290140625001 0.4886795359375 0.661539228125 0.48640651874999996
0 0.7121494968750001 0.484935640625 0.7130272046874999 0.422771540625 0.66157125625 0.42291013906249997 0.6616254265625 0.4847617296875 0.7121494968750001 0.484935640625
6 0.35804433125 0.696679821875 0.350934640625 0.6249909 0.29009196406250004 0.629176490625 0.2961027015625 0.703139078125 0.35804433125 0.696679821875
16 0.4156740375 0.6854272781249999 0.411965559375 0.6217703421875 0.3580713796875 0.6236045421874999 0.358193521875 0.6938330828125 0.4156740375 0.6854272781249999
12 0.462446784375 0.678173034375 0.45925557968749997 0.6085576875 0.41167012812500003 0.6167080546875 0.41418699999999997 0.6847784203125 0.462446784375 0.678173034375
26 0.5549950156250001 0.6681795671875 0.5530692734375 0.6149007109375 0.5129318984375 0.614593090625 0.512402475 0.668231040625 0.5549950156250001 0.6681795671875
24 0.611418709375 0.6654274906250001 0.60407820625 0.6033094125 0.55667083125 0.607179884375 0.5632484390625 0.6703248625 0.611418709375 0.6654274906250001
24 0.657343446875 0.65984155625 0.6528549171875 0.5980201828125 0.606328140625 0.6029313484375 0.6098719375 0.6659173546875 0.657343446875 0.65984155625
24 0.7025395796875 0.6536465125 0.703453809375 0.5942529046875 0.654468515625 0.5986033468749999 0.6574329609375 0.6581335171875 0.7025395796875 0.6536465125
18 0.5205067078125001 0.673223053125 0.5141862625 0.6128629390625 0.4627846953125 0.6136777390625 0.47224692187499995 0.6798284625 0.5205067078125001 0.673223053125
27 0.8500175109375 0.7709905265625 0.849878334375 0.7217490203125 0.79037336875 0.733610015625 0.7930865671875 0.783421496875 0.8500175109375 0.7709905265625
27 0.8406551999999999 0.8190273296875 0.84529770625 0.7728613875 0.785412553125 0.7847320718749999 0.7823267296874999 0.829101446875 0.8406551999999999 0.8190273296875
27 0.781108234375 0.8233284718749999 0.7838194703125 0.7846172421875 0.7185919546874999 0.7972156703125 0.7167121437499999 0.8330846 0.781108234375 0.8233284718749999
18 0.7845347609375 0.7869697015625 0.7817988125 0.7324456859375 0.718183909375 0.7469540734375 0.7187411453125 0.7943689328125 0.7845347609375 0.7869697015625
25 0.7181242343750001 0.7480927515625 0.7225944328125 0.700813790625 0.6547176796875 0.7099441578125 0.6521814265625 0.758338765625 0.7181242343750001 0.7480927515625
25 0.716137553125 0.8005125015625 0.71717726875 0.7497426328125 0.651243959375 0.7617150515625 0.6463726578125 0.81112906875 0.716137553125 0.8005125015625
25 0.7152674265625001 0.8461398250000001 0.71642738125 0.8003425328124999 0.6478895359375 0.8112085640625001 0.6431674828125 0.857775865625 0.7152674265625001 0.8461398250000001
25 0.6371019437500001 0.755835709375 0.6386536203125 0.7056866046875 0.56538223125 0.7166805171874999 0.564422590625 0.7640158796875001 0.6371019437500001 0.755835709375
25 0.643398521875 0.8098313953125 0.6423473546875 0.762225209375 0.5724074671875 0.7712853375 0.5704804625000001 0.8225663640624999 0.643398521875 0.8098313953125
25 0.638037328125 0.8540815015625001 0.6417838484375 0.8092687375000001 0.5689337484375 0.8230562078125001 0.5666660421875 0.86632663125 0.638037328125 0.8540815015625001
31 0.54886569375 0.7706224234375 0.5477387593749999 0.716612978125 0.47122760625 0.7283025265624999 0.4706981265625 0.7819404515625 0.54886569375 0.7706224234375
31 0.5560252203125 0.776245190625 0.4779842421875 0.788031415625 0.4790612125 0.8400408 0.5590738749999999 0.8225394734375 0.5560252203125 0.776245190625
31 0.5541429546875001 0.8730921921875 0.5553871609375001 0.8247112671875 0.47678589687499995 0.83992155625 0.474309321875 0.8871774406249999 0.5541429546875001 0.8730921921875
17 0.478243096875 0.8411397734375001 0.47546783125000003 0.789140834375 0.3911157375 0.8057443890625 0.39219270625 0.8577537734374999 0.478243096875 0.8411397734375001
17 0.4757665234375 0.8883956140624999 0.4736577515625 0.84182485625 0.3914640484375 0.8571446843749999 0.39047451093749996 0.905049403125 0.4757665234375 0.8883956140624999
7 0.3802441546875 0.8970913859375 0.37841109687499996 0.8446787 0.2921195921875 0.8662110515625001 0.2939848953125 0.917690846875 0.3802441546875 0.8970913859375
18 0.46976065624999996 0.785316803125 0.46918993281250004 0.7274742015625 0.3874698859375 0.7301929890625 0.38777106093749997 0.7970054296875 0.46976065624999996 0.785316803125
18 0.3792268609375 0.8439433234375 0.3794591953125 0.7883886015625 0.29045073125 0.796472396875 0.2904833625 0.8684089546875 0.3792268609375 0.8439433234375
18 0.37990547812500003 0.7874586140625001 0.3778112984375 0.729104303125 0.278994215625 0.7393517109375 0.2848432234375 0.801887634375 0.37990547812500003 0.7874586140625001
42 0.3151565078125 0.5275165281249999 0.2802920015625 0.527459328125 0.2835897046875 0.606025453125 0.3183174109375 0.603670659375 0.3151565078125 0.5275165281249999
41 0.34776179687500003 0.524589315625 0.3144034296875 0.5250722437500001 0.319452896875 0.6055856359375 0.3535643234375 0.6031985421875 0.34776179687500003 0.524589315625
38 0.38567005781249997 0.5236785140625 0.3508585609375 0.525127315625 0.3554130640625 0.6032954312500001 0.38646753125 0.6002842703125 0.38567005781249997 0.5236785140625
39 0.412911803125 0.5198907125 0.3843538015625 0.5227079375 0.3883162703125 0.6003811578125 0.4194192265625 0.5964448140624999 0.412911803125 0.5198907125
37 0.443114590625 0.518576084375 0.41412732031250005 0.5205573703125 0.42003540937499995 0.5964771062499999 0.44983317031250003 0.5938639421875 0.443114590625 0.518576084375
33 0.5088231359375001 0.5179632375 0.4791961921875 0.5170095015625 0.48216863437499996 0.5899921906250001 0.5119178609375 0.5883042171875 0.5088231359375001 0.5179632375
18 0.47767507499999995 0.5814071046875 0.477109540625 0.5186191906250001 0.44757398125 0.5190631859375 0.45043925937499996 0.582299065625 0.47767507499999995 0.5814071046875
18 0.548363353125 0.51539946875 0.510080953125 0.51723650625 0.515653640625 0.575975634375 0.5515895640624999 0.5741480250000001 0.548363353125 0.51539946875
18 0.5847910921875 0.51325208125 0.54914656875 0.514645190625 0.5584651734375 0.5726529171875 0.5944495859375001 0.569900125 0.5847910921875 0.51325208125
18 0.70311839375 0.5042870640625 0.591419384375 0.511417725 0.5994738203125001 0.5733351625 0.6985156265625 0.5700436953125 0.70311839375 0.5042870640625