19 0.82109375 0.16171875 0.1328125 0.134375
19 0.69453125 0.17890625 0.1328125 0.1359375
22 0.50625 0.20234375 0.1171875 0.1296875
8 0.39375 0.2125 0.121875 0.134375
9 0.2796875 0.2296875 0.125 0.125
10 0.171875 0.24375 0.121875 0.121875
11 0.06171875 0.25390625 0.1234375 0.121875
13 0.8453125 0.296875 0.125 0.1265625
13 0.71484375 0.31484375 0.128125 0.1265625
13 0.60078125 0.328125 0.115625 0.1265625
14 0.49375 0.3375 0.1140625 0.121875
14 0.39140625 0.35078125 0.1171875 0.1171875
14 0.28515625 0.3625 0.1171875 0.1140625
3 0.19609375 0.38515625 0.0859375 0.08125
3 0.12265625 0.390625 0.075 0.084375
2 0.05078125 0.4015625 0.0796875 0.08125
4 0.71796875 0.43203125 0.0890625 0.0875
28 0.5078125 0.453125 0.0921875 0.084375
1 0.40234375 0.4703125 0.1296875 0.075
0 0.2875 0.47578125 0.09375 0.0796875
18 0.615625 0.44453125 0.1296875 0.078125
18 0.82890625 0.42265625 0.1421875 0.0875
15 0.30546875 0.58671875 0.10625 0.090625
23 0.4078125 0.57734375 0.109375 0.096875
24 0.3125 0.68046875 0.084375 0.078125
24 0.3890625 0.67421875 0.0828125 0.078125
24 0.465625 0.66953125 0.08125 0.08125
26 0.53203125 0.66875 0.0609375 0.0703125
30 0.60078125 0.6625 0.090625 0.0828125
12 0.6828125 0.65625 0.084375 0.0765625
16 0.76171875 0.64453125 0.08125 0.0796875
6 0.85625 0.6375 0.096875 0.0875
7 0.8875 0.74140625 0.1296875 0.071875
7 0.89140625 0.80625 0.13125 0.071875
7 0.8890625 0.8640625 0.1359375 0.0671875
27 0.12421875 0.865625 0.125 0.0703125
27 0.13046875 0.91953125 0.125 0.0671875
25 0.2515625 0.9125 0.128125 0.06875
25 0.246875 0.8578125 0.128125 0.0703125
25 0.3765625 0.89921875 0.1203125 0.06875
25 0.49921875 0.88984375 0.1296875 0.0734375
31 0.62109375 0.76875 0.134375 0.0734375
31 0.62421875 0.825 0.13125 0.06875
31 0.62578125 0.8828125 0.128125 0.071875
17 0.7640625 0.875 0.125 0.0703125
17 0.68820975625 0.8510556265625 0.81944316875 0.84127533125 0.8159133859375001 0.788332259375 0.6930732765625 0.7978316671875 0.68820975625 0.8510556265625
17 0.6885194734375 0.7862436171875 0.8111068296875 0.7716393625 0.8069878734374999 0.7227711171875 0.6889636875 0.7345241171875 0.6885194734375 0.7862436171875
42 0.8765625 0.53828125 0.046875 0.0796875
41 0.8296875 0.5421875 0.05 0.08125
38 0.7828125 0.54609375 0.0546875 0.0828125
18 0.7375 0.54453125 0.046875 0.06875
37 0.69453125 0.553125 0.05 0.08125
35 0.6484375 0.55859375 0.053125 0.08125
18 0.6 0.55546875 0.053125 0.0703125
18 0.4875 0.5640625 0.0625 0.075
34 0.546875 0.56796875 0.0703125 0.08125