19 0.4 0.20859375 0.15 0.1765625
14 0.30703125 0.23046875 0.146875 0.171875
14 0.21328125 0.25546875 0.15 0.1703125
9 0.1125 0.2765625 0.16875 0.1890625
33 0.1666750390625 0.41844486875 0.1236368234375 0.43092098281249996 0.1597673328125 0.526059640625 0.20221864531249997 0.5136066546875 0.1666750390625 0.41844486875
18 0.2078640390625 0.4078843859375 0.168272053125 0.41862851718750005 0.20419769375 0.512945503125 0.24309896874999998 0.501451134375 0.2078640390625 0.4078843859375
18 0.25774736875 0.394865246875 0.21085320312500003 0.407430015625 0.2450689296875 0.4995551234375 0.2912868171875 0.4859469359375 0.25774736875 0.394865246875
45 0.326702790625 0.37507890312500003 0.28910210468750003 0.385302153125 0.3217208171875 0.47724360781249997 0.35809348750000003 0.46648270312499995 0.326702790625 0.37507890312500003
44 0.3639112328125 0.3649118390625 0.3275404921875 0.37487004062499996 0.3578142578125 0.46655232187499995 0.3952678125 0.45498919843749996 0.3639112328125 0.3649118390625
43 0.40341140937500003 0.3550633390625 0.36576704531250004 0.364671621875 0.3949600875 0.45439845468750006 0.4308040234375 0.44425181093750005 0.40341140937500003 0.3550633390625
40 0.43667645468750005 0.344544534375 0.401143415625 0.354293875 0.42995276406249994 0.44367139375000003 0.46716121875 0.433504328125 0.43667645468750005 0.344544534375
41 0.4721572921875 0.3345857203125 0.436624228125 0.3443350671875 0.46649830625 0.4332246296875 0.5026920500000001 0.4221580359375 0.4721572921875 0.3345857203125
15 0.4859375 0.50625 0.1125 0.1109375
15 0.4015625 0.53125 0.1109375 0.1109375
23 0.31484375 0.559375 0.115625 0.115625
23 0.228125 0.5921875 0.1234375 0.1109375
24 0.23663496718750002 0.7819199171875 0.30983421718750004 0.7524620109375 0.2785539890625 0.67302366875 0.20095125781249998 0.6978989234374999 0.23663496718750002 0.7819199171875
6 0.40243832343749997 0.7229640859375001 0.46775104531249995 0.69755100625 0.436909725 0.6100526000000001 0.3640194484375 0.6372071 0.40243832343749997 0.7229640859375001
6 0.351988215625 0.7348518796875 0.3960513578125 0.7146508500000001 0.36667676562499996 0.6330903640625001 0.3167910015625 0.6527821 0.351988215625 0.7348518796875
5 0.5603463265624999 0.5917115140625 0.46271752031249996 0.626761128125 0.481915628125 0.6889859640625 0.5759942359375 0.65114055 0.5603463265624999 0.5917115140625
27 0.6118797390624999 0.7559237453125001 0.5205882859375001 0.7942291546875 0.538460996875 0.8529848234375 0.62889310625 0.810681240625 0.6118797390624999 0.7559237453125001
27 0.5909194734375001 0.69586536875 0.49786905625 0.7308097234375001 0.5175288109375 0.791192359375 0.6057302609375 0.7537867828125 0.5909194734375001 0.69586536875
25 0.5147309625 0.8039796265625 0.41791298125000004 0.84228128125 0.4411781546875 0.8986561999999999 0.5311106015625 0.858885965625 0.5147309625 0.8039796265625
25 0.5004356140625 0.7429503468750001 0.39435159531249997 0.7828714375 0.416178921875 0.84271363125 0.5194259531250001 0.800942428125 0.5004356140625 0.7429503468750001
31 0.4164922640625 0.8458171890624999 0.313224496875 0.8877994749999999 0.34071565000000004 0.9445024125 0.439343365625 0.90351919375 0.4164922640625 0.8458171890624999
18 0.4004098328125 0.7831609578125 0.2890425484375 0.82405389375 0.313957471875 0.8851987890625 0.41982634062499996 0.8425679765625 0.4004098328125 0.7831609578125