11 0.92421875 0.28125 0.1203125 0.1453125
10 0.82421875 0.26796875 0.1 0.1375
9 0.73125 0.259375 0.10625 0.1375
8 0.6421875 0.246875 0.1078125 0.1390625
20 0.55390625 0.23359375 0.103125 0.1390625
20 0.45234375 0.203125 0.1265625 0.1828125
19 0.35234375 0.20078125 0.1125 0.15625
19 0.25390625 0.196875 0.1109375 0.1421875
13 0.23515625 0.3421875 0.125 0.14375
13 0.328125 0.3578125 0.0890625 0.1265625
13 0.415625 0.36640625 0.109375 0.1375
14 0.50703125 0.384375 0.103125 0.1265625
14 0.6 0.3984375 0.10625 0.125
14 0.696875 0.41171875 0.10625 0.125
3 0.76953125 0.43515625 0.075 0.0890625
3 0.8296875 0.44140625 0.0671875 0.0875
2 0.890625 0.45078125 0.0703125 0.084375
0 0.68984375 0.53359375 0.0796875 0.084375
1 0.60390625 0.52734375 0.1078125 0.0765625
28 0.521875 0.51328125 0.071875 0.0796875
29 0.4375 0.50625 0.1109375 0.0796875
5 0.35078125 0.48828125 0.078125 0.0875
5 0.26015625 0.4828125 0.1140625 0.08125
15 0.6578125 0.63046875 0.0796875 0.0875
23 0.58125 0.61953125 0.084375 0.0921875
34 0.46875 0.6078125 0.0546875 0.0828125
42 0.22862542343749997 0.6163288078125 0.2229755140625 0.5386725296875 0.19408337656250002 0.5347363203125 0.19549331875 0.6118719968749999 0.22862542343749997 0.6163288078125
41 0.26445081875 0.6199502125 0.2651712953125 0.5411326203125 0.2303722015625 0.538803328125 0.23173512812500002 0.61632193125 0.26445081875 0.6199502125
33 0.43539543593749996 0.6407063515625 0.4457829390625 0.56890621875 0.41650396875 0.565000253125 0.40432258593750003 0.6372020453125 0.43539543593749996 0.6407063515625
33 0.3679786859375 0.6327395765625 0.3770925328125 0.557673459375 0.3446382859375 0.5527557 0.3370186765625 0.6283162453125 0.3679786859375 0.6327395765625
39 0.334054059375 0.62857415625 0.340627178125 0.55412895625 0.3086342515625 0.54864591875 0.3026104609375 0.6247133671875 0.334054059375 0.62857415625
38 0.3001603109375 0.6244125265625 0.3059837140625 0.549253353125 0.2735530421875 0.5440275296875 0.267862384375 0.6207578 0.3001603109375 0.6244125265625
24 0.65078125 0.72734375 0.0703125 0.075
24 0.59140625 0.71953125 0.06875 0.075
24 0.5328125 0.71015625 0.0640625 0.0765625
26 0.48125 0.71171875 0.046875 0.0625
30 0.43125 0.69921875 0.06875 0.078125
12 0.3703125 0.6921875 0.0640625 0.071875
16 0.30390625 0.68359375 0.06875 0.0734375
6 0.23359375 0.6734375 0.0765625 0.0765625
27 0.76171875 0.95078125 0.10625 0.065625
25 0.66484375 0.9375 0.1046875 0.0640625
25 0.6765625 0.8859375 0.103125 0.0640625
25 0.56875 0.92421875 0.096875 0.05625
25 0.5796875 0.8765625 0.103125 0.0640625
25 0.58515625 0.82265625 0.1046875 0.0671875
25 0.475 0.91015625 0.0984375 0.059375
25 0.4828125 0.8625 0.1 0.0640625
31 0.38046875 0.89921875 0.096875 0.0578125
31 0.3828125 0.85234375 0.1015625 0.0578125
31 0.384375 0.80546875 0.1046875 0.059375
17 0.28359375 0.8890625 0.0953125 0.059375
17 0.28203125 0.8390625 0.1 0.065625
7 0.1875 0.87734375 0.1015625 0.059375