20 0.44296875 0.26328125 0.09375 0.1359375
19 0.35078125 0.26796875 0.0953125 0.1421875
19 0.26796875 0.275 0.0859375 0.1296875
14 0.19140625 0.2875 0.075 0.1203125
14 0.11171875 0.28984375 0.084375 0.1203125
13 0.04296875 0.29921875 0.06875 0.1109375
8 0.046875 0.42734375 0.09375 0.1109375
9 0.1328125 0.42578125 0.0875 0.1125
10 0.2015625 0.42890625 0.0609375 0.1015625
11 0.26328125 0.421875 0.0890625 0.115625
3 0.340625 0.4359375 0.0578125 0.0828125
3 0.3984375 0.4328125 0.0609375 0.0859375
2 0.459375 0.43203125 0.0625 0.0875
5 0.08515625 0.54296875 0.0859375 0.0625
29 0.2265625 0.54453125 0.0921875 0.0640625
18 0.15625 0.53359375 0.0546875 0.0734375
28 0.3 0.54140625 0.0625 0.0734375
1 0.378125 0.54609375 0.1015625 0.06875
0 0.46484375 0.53828125 0.0703125 0.084375
7 0.11171875 0.8078125 0.078125 0.0515625
7 0.1046875 0.8734375 0.084375 0.0640625
15 0.45703125 0.64453125 0.078125 0.0984375
23 0.38515625 0.64140625 0.0703125 0.09375
24 0.44453125 0.74765625 0.065625 0.078125
24 0.5046875 0.75 0.0625 0.0828125
24 0.56953125 0.75859375 0.0671875 0.078125
24 0.6390625 0.76015625 0.075 0.0859375
12 0.21953125 0.7296875 0.0609375 0.0671875
16 0.16953125 0.72578125 0.0515625 0.0703125
6 0.1109375 0.72109375 0.05625 0.06875
30 0.28046875 0.73046875 0.0578125 0.06875
27 0.6203125 0.9390625 0.10625 0.0734375
25 0.52109375 0.92578125 0.1 0.071875
25 0.4375 0.840625 0.09375 0.06875
25 0.53125 0.8453125 0.1015625 0.0734375
25 0.43203125 0.90546875 0.090625 0.06875
25 0.3484375 0.834375 0.0921875 0.0671875
25 0.3484375 0.8953125 0.09375 0.0671875
31 0.26171875 0.83359375 0.090625 0.065625
31 0.26015625 0.890625 0.0890625 0.065625
17 0.18671875 0.8171875 0.0828125 0.065625
17 0.178125 0.87734375 0.08125 0.0671875
26 0.3174046734375 0.7667344843749999 0.3652909671875 0.7706243921875 0.3631354359375 0.7088980265625 0.31924954375 0.7079780046875 0.3174046734375 0.7667344843749999
26 0.40995273125000004 0.77648101875 0.4060879953125 0.712960246875 0.3624600265625 0.7072411375 0.36444708124999997 0.7700358546875 0.40995273125000004 0.77648101875
42 0.0915564296875 0.668481409375 0.080847578125 0.597577484375 0.056137121874999994 0.595898803125 0.064003378125 0.665323475 0.0915564296875 0.668481409375
41 0.09044570468749999 0.6681081765625 0.11628232812499999 0.669265996875 0.110478428125 0.5973667625 0.0836450125 0.5975117921875001 0.09044570468749999 0.6681081765625
38 0.1426959125 0.67122769375 0.1374114515625 0.5984862953125 0.11180245468750001 0.5980726640625 0.1179412765625 0.669620084375 0.1426959125 0.67122769375
39 0.17288931093749998 0.671409346875 0.169263753125 0.5990220374999999 0.1420162546875 0.5985617249999999 0.1443260796875 0.6707587625 0.17288931093749998 0.671409346875
35 0.20096180156250001 0.6737251328125 0.2005966609375 0.600399928125 0.1715625515625 0.5995888125 0.174591328125 0.6729979921875 0.20096180156250001 0.6737251328125
33 0.23331921718749998 0.673007225 0.261925515625 0.6748923171875 0.25666979218749997 0.602973940625 0.22859879218749998 0.6017147984375 0.23331921718749998 0.673007225
34 0.262531175 0.6765192015625 0.305376 0.6774951031249999 0.297812559375 0.602361228125 0.25810918437499997 0.60171370625 0.262531175 0.6765192015625
35 0.3092851453125 0.6794186468750001 0.34884085468750003 0.6805093906249999 0.34289321093749997 0.604495065625 0.3021218125 0.6042944859375 0.3092851453125 0.6794186468750001