19 0.29609375 0.29453125 0.0890625 0.1140625
19 0.37734375 0.29453125 0.0796875 0.1140625
8 0.5828125 0.29375 0.0765625 0.115625
9 0.646875 0.3 0.0578125 0.096875
10 0.70703125 0.296875 0.0640625 0.1046875
11 0.7765625 0.2953125 0.0734375 0.103125
18 0.48046875 0.29453125 0.1328125 0.1171875
13 0.30390625 0.41953125 0.0828125 0.1078125
13 0.38125 0.41484375 0.08125 0.109375
13 0.45546875 0.41484375 0.078125 0.1046875
14 0.5234375 0.4125 0.0671875 0.1
14 0.58515625 0.41171875 0.065625 0.0921875
14 0.64921875 0.41171875 0.0640625 0.0875
3 0.70234375 0.42265625 0.053125 0.0671875
3 0.7484375 0.41875 0.0484375 0.0671875
2 0.79375 0.41953125 0.0453125 0.065625
5 0.31328125 0.5328125 0.096875 0.0609375
4 0.38828125 0.5203125 0.0609375 0.075
29 0.459375 0.5234375 0.0859375 0.0578125
28 0.53203125 0.51484375 0.0609375 0.065625
1 0.60234375 0.5140625 0.0828125 0.05625
0 0.665625 0.50703125 0.05 0.0625
6 0.3046875 0.728125 0.06875 0.0734375
16 0.36796875 0.7234375 0.0625 0.06875
12 0.42578125 0.7171875 0.0546875 0.065625
26 0.51875 0.709375 0.040625 0.0578125
24 0.565625 0.69609375 0.0546875 0.071875
24 0.6171875 0.6953125 0.0515625 0.0625
24 0.66953125 0.68984375 0.0515625 0.0578125
15 0.6578125 0.58984375 0.0625 0.0734375
23 0.60078125 0.59609375 0.0671875 0.0734375
7 0.27930595468749997 0.912956475 0.37088864843749997 0.9009516124999999 0.37086343906249997 0.8471850578125 0.2804918078125 0.861005640625 0.27930595468749997 0.912956475
7 0.28186263437500003 0.9684886859375 0.3727154625 0.953264721875 0.372105884375 0.9004455828125 0.284723878125 0.915868215625 0.28186263437500003 0.9684886859375
17 0.4580411796875 0.8858568484375 0.4562790328125 0.8353955546874999 0.3711221890625 0.847417740625 0.3733716671875 0.901328409375 0.4580411796875 0.8858568484375
17 0.4574154828125 0.8325747859374999 0.4543713859375 0.780767725 0.3715371265625 0.792971946875 0.37212922187499997 0.8480678828125001 0.4574154828125 0.8325747859374999
17 0.461653478125 0.93625356875 0.457424478125 0.885878384375 0.3752734734375 0.8999669125 0.375750515625 0.9517681859374999 0.461653478125 0.93625356875
31 0.542207203125 0.8736474624999999 0.5417916234375 0.826383734375 0.4618131609375 0.835564896875 0.46239051406250004 0.8866319953125 0.542207203125 0.8736474624999999
31 0.5395230171875001 0.920555946875 0.5379387015625 0.875187071875 0.458172309375 0.8860699484375001 0.4604361953125 0.9367595828124999 0.5395230171875001 0.920555946875
25 0.6190444625 0.810707646875 0.61919713125 0.762033534375 0.5438068234375 0.7736378562499999 0.5428795265625 0.8221741249999999 0.6190444625 0.810707646875
25 0.6194923765625 0.858897290625 0.6196450437500001 0.8102231703125 0.543230315625 0.8234568437500001 0.5427592390625 0.8717741453125001 0.6194923765625 0.858897290625
25 0.6204922796875 0.9052136375 0.6189402953124999 0.8607706265624999 0.5426538078124999 0.87327583125 0.5450572546875 0.9198991640624999 0.6204922796875 0.9052136375
25 0.6925970484375 0.79516079375 0.693463465625 0.749242840625 0.6228499859375 0.7598755359375 0.620829946875 0.808791259375 0.6925970484375 0.79516079375
25 0.696160846875 0.8441686562499999 0.6988126515624999 0.7963342734375 0.622233084375 0.8085378203125 0.6225112625 0.8569378140625 0.696160846875 0.8441686562499999
25 0.6947909453125 0.893348825 0.691307978125 0.846655684375 0.6216363796875 0.8577784562499999 0.6224232609375 0.9074637687499999 0.6947909453125 0.893348825
25 0.7667592140624999 0.8324330609375 0.7669603828125 0.7851477796874999 0.6989628421875 0.7948562859375 0.6973780828125 0.8436626265625 0.7667592140624999 0.8324330609375
25 0.765941390625 0.879739859375 0.7649413968750001 0.8334235515625 0.6945306578125 0.8448099156250001 0.6953591921875 0.8919384125 0.765941390625 0.879739859375
27 0.8367731656249999 0.8216448843749999 0.8370066640625 0.7752855015625 0.769644696875 0.7848602875 0.7686578640625 0.83375729375 0.8367731656249999 0.8216448843749999
27 0.8353224296875 0.8685102984374999 0.8361726781250001 0.8221293765625 0.766714390625 0.83360335625 0.7678237796875 0.8806011546875 0.8353224296875 0.8685102984374999
42 0.306285496875 0.6600038968749999 0.304980759375 0.587278025 0.27481475 0.5878892437500001 0.2761313421875 0.662910940625 0.306285496875 0.6600038968749999
41 0.3395231546875 0.65698915625 0.336985015625 0.58430635625 0.307993746875 0.5873096640625 0.3087684671875 0.6603806953125 0.3395231546875 0.65698915625
38 0.373961975 0.6530054578125 0.3690216515625 0.5822606015625 0.339569884375 0.5850488875 0.3425743734375 0.6559555765625 0.373961975 0.6530054578125
39 0.40348321406250004 0.6496569921875001 0.3998248390625 0.5802579015625 0.37033449531249996 0.5816583375 0.373961975 0.6530054578125 0.40348321406250004 0.6496569921875001
37 0.43305300156250004 0.6476974 0.42876170937499997 0.577856871875 0.40195102499999996 0.5805542640625 0.40534953125 0.6500553250000001 0.43305300156250004 0.6476974
35 0.4631909875 0.644327396875 0.4582991625 0.5749713453124999 0.43194450156249997 0.5771906437500001 0.436136553125 0.6475897203125001 0.4631909875 0.644327396875
33 0.492047025 0.6396115921875001 0.48842098125 0.5711383999999999 0.4588534359375 0.5739347359375 0.464359721875 0.6424324921875 0.492047025 0.6396115921875001
34 0.530818965625 0.6359400843749999 0.5260079734375 0.56889880625 0.48811616874999997 0.5717547484375001 0.49328042656250004 0.6395685203125 0.530818965625 0.6359400843749999
36 0.5708565953125 0.63315140625 0.5660456515625001 0.5661101265624999 0.52740365625 0.569224684375 0.533918684375 0.6362953453125 0.5708565953125 0.63315140625