19 0.453125 0.24453125 0.165625 0.184375
13 0.27421875 0.1921875 0.171875 0.1921875
9 0.1625 0.16328125 0.146875 0.175
41 0.44296875 0.42421875 0.065625 0.109375
40 0.39921875 0.41171875 0.06875 0.109375
43 0.35703125 0.40078125 0.0703125 0.1078125
44 0.31640625 0.3875 0.06875 0.109375
45 0.2765625 0.37734375 0.071875 0.109375
18 0.23515625 0.36484375 0.06875 0.109375
33 0.19609375 0.3546875 0.071875 0.1078125
37 0.15078125 0.3421875 0.0765625 0.109375
32 0.1078125 0.3296875 0.075 0.109375
5 0.121875 0.4859375 0.1328125 0.1015625
29 0.23359375 0.51484375 0.13125 0.0984375
7 0.34296875 0.54375 0.1359375 0.1046875
31 0.3421875 0.66171875 0.1234375 0.0953125
24 0.25390625 0.63203125 0.0953125 0.1046875
23 0.1796875 0.60625 0.109375 0.1109375
15 0.090625 0.58359375 0.11875 0.115625
27 0.2765625 0.84453125 0.128125 0.096875
25 0.16875 0.81328125 0.128125 0.09375
25 0.0625 0.78515625 0.125 0.0921875