27 0.3796875 0.8984375 0.1390625 0.0875
27 0.44589638593750003 0.7886575 0.310700621875 0.7839363609375 0.3177348859375 0.8582267453125001 0.443256059375 0.86426654375 0.44589638593750003 0.7886575
25 0.521875 0.9140625 0.1328125 0.075
25 0.5171875 0.84375 0.1375 0.0765625
31 0.65390625 0.91484375 0.140625 0.09375
25 0.71953125 0.68515625 0.1015625 0.109375
7 0.4427789015625 0.6524190859375001 0.3035540359375 0.6475572453125 0.30762171718750003 0.7282401203125 0.4399778546875 0.7326305750000001 0.4427789015625 0.6524190859375001
6 0.5125 0.68046875 0.10625 0.1234375
6 0.58984375 0.68125 0.06875 0.1
23 0.70234375 0.5296875 0.1265625 0.1203125
23 0.52503603125 0.462631765625 0.5313373718750001 0.58196560625 0.6412523359375 0.5828260765625 0.642016225 0.46622049531250004 0.52503603125 0.462631765625
15 0.35859375 0.515625 0.1296875 0.13125
15 0.46953125 0.5171875 0.1265625 0.13125
33 0.7728612171875 0.2980747015625 0.719372784375 0.2971994609375 0.7123865687500001 0.42377856875 0.7658581203125 0.4248848625 0.7728612171875 0.2980747015625
45 0.5039336734375001 0.4192124125 0.556921853125 0.42106279999999996 0.557336521875 0.2955114890625 0.505741625 0.295198678125 0.5039336734375001 0.4192124125
18 0.7046115703125 0.300654446875 0.5625710484375 0.2971832046875 0.5609905578125 0.4182270375 0.7017944359375 0.42165509375 0.7046115703125 0.300654446875
44 0.4541640375 0.2943901625 0.453633196875 0.419441109375 0.5053615765624999 0.4197585828125 0.50641974375 0.29472605 0.4541640375 0.2943901625
40 0.35027881562499996 0.294732871875 0.3511013609375 0.41834215625000004 0.40415420312499994 0.4192021875 0.4024999 0.2960601640625 0.35027881562499996 0.294732871875
41 0.325 0.35625 0.059375 0.13125
9 0.72890625 0.10703125 0.159375 0.2
14 0.5921875 0.11015625 0.1328125 0.1953125
14 0.4703125 0.1046875 0.14375 0.2
19 0.3359375 0.1015625 0.146875 0.203125
43 0.454790225 0.2954046453125 0.4018564015625 0.2955413859375 0.40492095624999996 0.4186813 0.456444528125 0.41854666875 0.454790225 0.2954046453125
18 0.65234375 0.84140625 0.13125 0.0828125