11 0.8359375 0.09140625 0.140625 0.171875
8 0.52421875 0.13203125 0.10625 0.159375
20 0.42890625 0.14765625 0.1109375 0.15
20 0.328125 0.1546875 0.115625 0.1546875
19 0.23046875 0.16875 0.109375 0.146875
19 0.125 0.1734375 0.1171875 0.1609375
2 0.84140625 0.28515625 0.09375 0.1046875
14 0.64375 0.284375 0.1140625 0.1453125
14 0.54453125 0.2953125 0.1078125 0.1421875
14 0.44921875 0.3078125 0.103125 0.140625
13 0.32734375 0.3171875 0.1046875 0.14375
13 0.2359375 0.3265625 0.096875 0.1390625
13 0.14296875 0.334375 0.109375 0.1453125
4 0.65234375 0.42421875 0.0828125 0.0890625
5 0.55859375 0.4375 0.1140625 0.0828125
28 0.465625 0.4421875 0.078125 0.0875
29 0.3765625 0.45546875 0.1109375 0.08125
4 0.290625 0.45625 0.0765625 0.090625
1 0.2 0.4734375 0.115625 0.0765625
15 0.65234375 0.53125 0.0890625 0.1015625
23 0.57109375 0.54140625 0.0921875 0.0984375
24 0.66796875 0.63125 0.0734375 0.0875
24 0.5984375 0.63984375 0.071875 0.084375
24 0.53828125 0.64375 0.0703125 0.084375
26 0.4875 0.6515625 0.0421875 0.071875
30 0.43515625 0.6546875 0.071875 0.084375
12 0.3671875 0.6609375 0.06875 0.0703125
16 0.2953125 0.66796875 0.0734375 0.0796875
6 0.22578125 0.6703125 0.078125 0.08125
27 0.84375 0.853125 0.1109375 0.065625
25 0.7421875 0.86015625 0.10625 0.065625
25 0.74296875 0.80546875 0.1109375 0.065625
25 0.63984375 0.86796875 0.103125 0.065625
25 0.63984375 0.8125 0.1046875 0.0640625
25 0.53984375 0.81875 0.10625 0.06875
25 0.5421875 0.87578125 0.103125 0.0640625
31 0.44140625 0.8859375 0.103125 0.0625
31 0.4375 0.8328125 0.1046875 0.0671875
31 0.43125 0.775 0.1046875 0.06875
17 0.34609375 0.8953125 0.1015625 0.0640625
17 0.3390625 0.84140625 0.0984375 0.0671875
7 0.25 0.903125 0.096875 0.0609375
36 0.446875 0.553125 0.0546875 0.084375
36 0.49921875 0.54765625 0.0578125 0.0859375
37 0.32578125 0.5640625 0.040625 0.084375
33 0.4209937015625 0.5957169109375 0.41781056562499996 0.5143280625 0.383227903125 0.5184800828125 0.386681015625 0.597254371875 0.4209937015625 0.5957169109375
39 0.31308395624999996 0.605506971875 0.2962330015625 0.52555466875 0.2609433953125 0.52926375625 0.2775149078125 0.6082109546875001 0.31308395624999996 0.605506971875
38 0.277568678125 0.6087225421875 0.25929131875 0.5284029218749999 0.22611006718749999 0.53240765 0.2413714453125 0.6120097859375 0.277568678125 0.6087225421875
41 0.240061309375 0.612664725 0.2237676328125 0.5316193765625 0.1898590640625 0.5351833109374999 0.20522798125000002 0.6158086171875 0.240061309375 0.612664725
42 0.2039178484375 0.61646355625 0.1842050328125 0.5357775734375 0.1524592390625 0.5401486640625001 0.1704484234375 0.6194640953125 0.2039178484375 0.61646355625