11 0.04609375 0.25078125 0.0921875 0.1578125
10 0.121875 0.24375 0.109375 0.1453125
9 0.209375 0.22265625 0.1390625 0.1609375
8 0.30859375 0.2171875 0.1203125 0.1375
20 0.39609375 0.19609375 0.109375 0.14375
20 0.4859375 0.18046875 0.109375 0.14375
19 0.6390625 0.153125 0.10625 0.1421875
19 0.7234375 0.140625 0.10625 0.1359375
13 0.725 0.2796875 0.1046875 0.125
13 0.63359375 0.2953125 0.1015625 0.125
13 0.54765625 0.31328125 0.10625 0.1265625
14 0.459375 0.32890625 0.1 0.121875
14 0.375 0.34375 0.10625 0.121875
14 0.28359375 0.35859375 0.1078125 0.121875
3 0.20390625 0.38203125 0.0859375 0.0953125
3 0.13515625 0.39375 0.0828125 0.09375
2 0.06953125 0.40625 0.0796875 0.0953125
5 0.71640625 0.4078125 0.1109375 0.084375
29 0.528125 0.44375 0.1125 0.0828125
28 0.43984375 0.45 0.0796875 0.0921875
1 0.35390625 0.47421875 0.1140625 0.0859375
0 0.265625 0.48359375 0.084375 0.0875
15 0.29921875 0.5875 0.1 0.103125
23 0.38203125 0.57421875 0.09375 0.1
24 0.32421875 0.68828125 0.084375 0.0875
24 0.38984375 0.67578125 0.0765625 0.084375
24 0.453125 0.665625 0.078125 0.084375
26 0.50703125 0.6578125 0.0578125 0.0734375
30 0.559375 0.64609375 0.078125 0.084375
12 0.62265625 0.63515625 0.075 0.078125
16 0.69140625 0.6234375 0.078125 0.0828125
6 0.7546875 0.6109375 0.0765625 0.0859375
27 0.19453125 0.93515625 0.1109375 0.075
27 0.17890625 0.88046875 0.1140625 0.0765625
25 0.3 0.91328125 0.1046875 0.075
25 0.2875 0.85546875 0.1078125 0.0734375
25 0.39765625 0.89765625 0.1046875 0.071875
25 0.38515625 0.84140625 0.109375 0.078125
25 0.49375 0.8796875 0.109375 0.0734375
25 0.484375 0.8234375 0.1078125 0.0765625
25 0.47578125 0.76328125 0.1078125 0.0734375
25 0.375 0.7765625 0.109375 0.078125
31 0.590625 0.865625 0.109375 0.0796875
31 0.5828125 0.8078125 0.109375 0.078125
17 0.690625 0.8515625 0.1078125 0.078125
17 0.6828125 0.79140625 0.1109375 0.0765625
7 0.78828125 0.83046875 0.10625 0.0734375
7 0.78359375 0.77421875 0.1125 0.078125
7 0.7703125 0.7125 0.1140625 0.0796875
36 0.44765625 0.5625 0.0625 0.090625
33 0.5 0.5546875 0.0625 0.0890625
35 0.58515625 0.53671875 0.0484375 0.0875
37 0.6203125 0.5296875 0.0484375 0.0875
39 0.65625 0.52265625 0.046875 0.0875
38 0.69296875 0.51796875 0.05 0.0875
41 0.72890625 0.5109375 0.0484375 0.0890625
42 0.765625 0.5046875 0.0484375 0.0875
33 0.5695155375 0.58301713125 0.5511003 0.50227215625 0.51672675625 0.510213559375 0.5358024390625 0.5908420796875 0.5695155375 0.58301713125