9 0.24765625 0.2125 0.125 0.1515625
13 0.34140625 0.2296875 0.1203125 0.1515625
14 0.4296875 0.25234375 0.11875 0.1484375
19 0.521875 0.27734375 0.1140625 0.14375
5 0.24140625 0.484375 0.1109375 0.08125
29 0.34375 0.50703125 0.1140625 0.0828125
7 0.44140625 0.5265625 0.109375 0.0765625
31 0.42109375 0.63359375 0.103125 0.075
24 0.3453125 0.61015625 0.075 0.0859375
23 0.2828125 0.58984375 0.0875 0.0984375
15 0.21328125 0.571875 0.0890625 0.1
27 0.384375 0.79140625 0.10625 0.0765625
25 0.2828125 0.76953125 0.10625 0.0765625
25 0.17578125 0.74375 0.1078125 0.0796875
38 0.46171875 0.40859375 0.05 0.0875
40 0.4265625 0.4 0.053125 0.0890625
41 0.39296875 0.3921875 0.05 0.0859375
42 0.35859375 0.38515625 0.05 0.0859375
35 0.32421875 0.378125 0.053125 0.0875
18 0.49765625 0.409375 0.05 0.075
18 0.2890625 0.36328125 0.0515625 0.0765625
18 0.2203125 0.34765625 0.05 0.075
37 0.2650071046875 0.4041712234375 0.27604384843749996 0.32553519531249997 0.24447851250000002 0.3191962484375 0.2348270296875 0.3977562515625 0.2650071046875 0.4041712234375