9 0.2015625 0.1859375 0.1265625 0.18125
13 0.31171875 0.19765625 0.1296875 0.190625
14 0.42109375 0.2140625 0.128125 0.1828125
21 0.53125 0.228125 0.1328125 0.19375
7 0.46171875 0.57109375 0.128125 0.0890625
29 0.340625 0.55390625 0.128125 0.0796875
5 0.221875 0.53359375 0.125 0.0796875
31 0.4546875 0.69296875 0.1171875 0.0828125
24 0.36640625 0.6640625 0.0734375 0.0921875
23 0.29140625 0.6484375 0.0984375 0.0984375
15 0.190625 0.64140625 0.103125 0.090625
27 0.4109375 0.8671875 0.1203125 0.0734375
25 0.29375 0.8375 0.1078125 0.0703125
25 0.18359375 0.77734375 0.121875 0.0734375
25 0.18515625 0.8328125 0.115625 0.071875
39 0.52421875 0.428125 0.059375 0.109375
38 0.47890625 0.421875 0.05625 0.109375
42 0.3484375 0.4015625 0.0546875 0.10625
35 0.3181640390625 0.449733234375 0.3262087484375 0.346675284375 0.285286675 0.3415919375 0.2765340015625 0.4418788875 0.3181640390625 0.449733234375
37 0.2337547828125 0.43586665937499997 0.23566665000000003 0.331946796875 0.192146965625 0.3264983796875 0.1910676078125 0.42919949375 0.2337547828125 0.43586665937499997