11 0.79921875 0.1875 0.103125 0.1328125
11 0.70625 0.1875 0.096875 0.1328125
10 0.6203125 0.19296875 0.0875 0.1234375
10 0.53515625 0.19140625 0.0828125 0.1234375
9 0.45546875 0.1921875 0.0859375 0.11875
10 0.371875 0.18984375 0.0828125 0.11875
8 0.28984375 0.18671875 0.0765625 0.125
8 0.20546875 0.18984375 0.090625 0.1234375
19 0.2828125 0.3234375 0.09375 0.109375
13 0.36875 0.32421875 0.075 0.1140625
13 0.44609375 0.3265625 0.084375 0.1140625
14 0.525 0.3328125 0.078125 0.1046875
14 0.60546875 0.33359375 0.0796875 0.109375
3 0.675 0.33515625 0.0625 0.0796875
3 0.7359375 0.33203125 0.06875 0.0875
2 0.80390625 0.3390625 0.0703125 0.078125
1 0.5890625 0.4546875 0.103125 0.0671875
0 0.50078125 0.44375 0.0640625 0.078125
29 0.41953125 0.44296875 0.09375 0.0640625
28 0.3453125 0.43828125 0.05625 0.0671875
4 0.284375 0.4359375 0.059375 0.0703125
5 0.20859375 0.43828125 0.0875 0.0609375
15 0.6140625 0.553125 0.0796875 0.0921875
23 0.53515625 0.55546875 0.075 0.0765625
24 0.5984375 0.65703125 0.06875 0.0765625
24 0.53359375 0.6515625 0.0609375 0.0734375
24 0.475 0.6453125 0.0578125 0.06875
26 0.4296875 0.64140625 0.0390625 0.0625
30 0.38125 0.6359375 0.0671875 0.071875
12 0.31875 0.628125 0.059375 0.06875
16 0.25703125 0.621875 0.0609375 0.0734375
6 0.20703125 0.6125 0.05 0.0734375
25 0.5839136875000001 0.9218363109375 0.5894034687499999 0.861806146875 0.4930573265625 0.8458678687500001 0.49009888593750006 0.9053246500000001 0.5839136875000001 0.9218363109375
25 0.598326271875 0.8627795171875 0.6002937921875 0.8026263531250001 0.5020218109375 0.791253275 0.5008486296875 0.8501106203125 0.598326271875 0.8627795171875
25 0.48921780000000004 0.9052938812500001 0.4919488078125 0.8478144953125 0.4025822265625 0.8347670624999999 0.39885810781250003 0.8908882109375 0.48921780000000004 0.9052938812500001
25 0.49382300625 0.8492035 0.4956502625 0.7923543328125 0.4045672515625 0.7779234046875 0.401654975 0.8360582390625 0.49382300625 0.8492035
25 0.5001903890625 0.7931746562499999 0.5039659375000001 0.7310992953125 0.4101689546875 0.718558928125 0.40537909218749996 0.779937090625 0.5001903890625 0.7931746562499999
31 0.39797701874999997 0.8908574421875001 0.40145219218749995 0.8367129359375 0.31291896874999997 0.82567994375 0.3111185984375 0.87723581875 0.39797701874999997 0.8908574421875001
31 0.39808445937500003 0.8372571125 0.40086257031250006 0.777794034375 0.3140921484375 0.7668225984375 0.3120609609375 0.824988203125 0.39808445937500003 0.8372571125
31 0.4065371625 0.7720361859375 0.409247490625 0.7145560765625001 0.32150219375 0.7061977140625 0.31951717031250004 0.763041371875 0.4065371625 0.7720361859375
17 0.30662082968750004 0.8797258687499999 0.3075227171875 0.8228443875 0.22610671093749998 0.810736375 0.2242370953125 0.8642751687500001 0.30662082968750004 0.8797258687499999
17 0.31215328750000004 0.8223443109374999 0.3139834734375 0.7641716890625 0.2307580828125 0.7533240484375 0.22872689531249998 0.8114896515625001 0.31215328750000004 0.8223443109374999
7 0.223425253125 0.8622614828125 0.226789615625 0.8100984421874999 0.1497982671875 0.79814494375 0.1444504609375 0.85023871875 0.223425253125 0.8622614828125
7 0.22701088125000002 0.81010616875 0.22972518281249998 0.7513026421875 0.1464736796875 0.7417776468749999 0.14620466875 0.8000047890624999 0.22701088125000002 0.81010616875
36 0.4703125 0.54375 0.0453125 0.0765625
34 0.4234375 0.53984375 0.046875 0.0734375
37 0.38203125 0.5375 0.0328125 0.0765625
42 0.19375 0.52265625 0.0328125 0.0734375
35 0.3484375 0.53359375 0.0328125 0.075
38 0.2546875 0.52578125 0.03125 0.075
41 0.22265625 0.525 0.0296875 0.0734375
39 0.29673249375 0.564840990625 0.304887859375 0.4926415390625 0.27682397812500004 0.4900265453125 0.2677654375 0.5621944546875 0.29673249375 0.564840990625
33 0.327857346875 0.5681078703125 0.335351359375 0.4942503421875 0.308731459375 0.491685771875 0.2988712828125 0.566005665625 0.327857346875 0.5681078703125