21 0.20859375 0.078125 0.1390625 0.15625
21 0.3203125 0.09921875 0.1265625 0.15625
20 0.42109375 0.1171875 0.11875 0.1546875
22 0.50859375 0.1421875 0.109375 0.14375
8 0.609375 0.146875 0.13125 0.165625
9 0.70625 0.17265625 0.115625 0.1515625
10 0.7984375 0.18828125 0.1125 0.1546875
13 0.17890625 0.23359375 0.1234375 0.1515625
13 0.27890625 0.2515625 0.125 0.153125
13 0.3734375 0.271875 0.1140625 0.140625
14 0.4671875 0.2890625 0.115625 0.1390625
14 0.5609375 0.30703125 0.115625 0.1421875
14 0.65546875 0.32265625 0.1125 0.14375
2 0.8640625 0.37890625 0.0796875 0.0984375
0 0.64921875 0.459375 0.0875 0.090625
1 0.55703125 0.446875 0.11875 0.0890625
28 0.46640625 0.42421875 0.0890625 0.09375
29 0.36875 0.41328125 0.125 0.0921875
4 0.28046875 0.390625 0.084375 0.0984375
5 0.18828125 0.37890625 0.128125 0.0921875
23 0.5359375 0.5515625 0.0984375 0.10625
15 0.61875 0.56640625 0.0984375 0.109375
26 0.4203125 0.65 0.0625 0.075
30 0.35859375 0.634375 0.08125 0.090625
12 0.28828125 0.62421875 0.0828125 0.0890625
16 0.215625 0.6125 0.0828125 0.0875
6 0.146875 0.596875 0.0875 0.09375
18 0.55 0.66171875 0.2125 0.121875
7 0.12578125 0.72421875 0.121875 0.084375
7 0.11875 0.78671875 0.1203125 0.0796875
7 0.10703125 0.846875 0.1203125 0.0796875
17 0.23515625 0.74296875 0.11875 0.0828125
17 0.2265625 0.80546875 0.115625 0.078125
17 0.2171875 0.86484375 0.1171875 0.0796875
31 0.34296875 0.759375 0.115625 0.08125
31 0.33359375 0.82265625 0.115625 0.08125
31 0.32265625 0.88515625 0.1140625 0.0765625
25 0.45 0.78046875 0.1140625 0.078125
25 0.43828125 0.8390625 0.115625 0.0765625
25 0.4265625 0.9015625 0.1140625 0.08125
25 0.546875 0.85625 0.1140625 0.0828125
25 0.53046875 0.91875 0.1125 0.078125
25 0.65 0.8765625 0.1125 0.0796875
25 0.63515625 0.9359375 0.1125 0.0796875
27 0.753125 0.89140625 0.109375 0.078125
27 0.73671875 0.95078125 0.1078125 0.0734375
34 0.4125 0.53203125 0.0625 0.0921875
33 0.36796875 0.52578125 0.0515625 0.090625
35 0.33046875 0.51875 0.0515625 0.090625
37 0.2921875 0.5109375 0.053125 0.0921875
39 0.25234375 0.50390625 0.053125 0.09375
38 0.21328125 0.4984375 0.0546875 0.09375
41 0.17421875 0.490625 0.0546875 0.09375
42 0.13828125 0.48359375 0.0546875 0.0953125
36 0.4858653859375 0.5878023359375 0.49834040625 0.503674190625 0.447443725 0.4963741703125 0.4370970625 0.5800885671875 0.4858653859375 0.5878023359375