7 0.165625 0.78515625 0.1078125 0.0796875
7 0.12673954375000002 0.6963150312499999 0.1226028140625 0.7460715828125 0.2172136328125 0.7695991234374999 0.2201653234375 0.7200578140625 0.12673954375000002 0.6963150312499999
7 0.1354827796875 0.6380010031250001 0.1291743328125 0.687844003125 0.227715453125 0.71756388125 0.2354908359375 0.662862225 0.1354827796875 0.6380010031250001
17 0.217858915625 0.7671908968750001 0.2059131375 0.81819395625 0.2964471859375 0.84309775625 0.3074329703125 0.7892563390625 0.217858915625 0.7671908968750001
31 0.36875 0.72578125 0.1140625 0.08125
31 0.3625 0.778125 0.10625 0.0765625
31 0.35 0.82890625 0.103125 0.075
25 0.440625 0.84921875 0.1046875 0.0765625
25 0.4546875 0.79921875 0.10625 0.071875
25 0.465625 0.74921875 0.1109375 0.0796875
25 0.56015625 0.775 0.1078125 0.078125
25 0.54296875 0.82265625 0.10625 0.0765625
25 0.53046875 0.8734375 0.10625 0.08125
25 0.62109375 0.896875 0.10625 0.0765625
25 0.63359375 0.84453125 0.10625 0.078125
27 0.73984375 0.8734375 0.1109375 0.0796875
27 0.72265625 0.92265625 0.10625 0.0765625
24 0.62421875 0.66640625 0.078125 0.0859375
24 0.56640625 0.653125 0.075 0.084375
24 0.5078125 0.6375 0.078125 0.0890625
26 0.4546875 0.63203125 0.05625 0.0703125
30 0.40703125 0.6125 0.0828125 0.0890625
12 0.34375 0.5953125 0.0859375 0.0875
16 0.27890625 0.57890625 0.0828125 0.090625
6 0.21484375 0.56171875 0.0921875 0.1
45 0.2234375 0.46640625 0.0578125 0.0859375
40 0.290625 0.48203125 0.05625 0.0875
41 0.3234375 0.4921875 0.0546875 0.0890625
18 0.375 0.50546875 0.0875 0.09375
33 0.42578125 0.51875 0.0578125 0.0890625
34 0.46484375 0.52890625 0.0671875 0.0859375
36 0.51171875 0.5421875 0.0734375 0.090625
23 0.571875 0.55703125 0.0984375 0.1015625
15 0.64765625 0.571875 0.0921875 0.0984375
0 0.68125 0.478125 0.0875 0.0875
1 0.6 0.4625 0.115625 0.0890625
28 0.51953125 0.43671875 0.0859375 0.09375
29 0.440625 0.42109375 0.1125 0.0890625
4 0.3609375 0.396875 0.084375 0.0890625
5 0.2640625 0.37734375 0.1140625 0.0890625
13 0.296875 0.24921875 0.1109375 0.140625
13 0.37734375 0.2703125 0.1125 0.1375
13 0.45703125 0.2921875 0.1125 0.1375
14 0.6265625 0.340625 0.1171875 0.1328125
14 0.71015625 0.36171875 0.1109375 0.13125
3 0.77421875 0.3890625 0.0828125 0.1
3 0.83671875 0.409375 0.0859375 0.0984375
11 0.9296875 0.26015625 0.140625 0.1609375
10 0.84140625 0.2359375 0.146875 0.1640625
9 0.75703125 0.2203125 0.11875 0.1484375
8 0.66953125 0.19453125 0.1140625 0.153125
22 0.58984375 0.1765625 0.125 0.1515625
22 0.50390625 0.15390625 0.1203125 0.1453125
21 0.3171875 0.096875 0.1375 0.1640625
19 0.41796875 0.1234375 0.128125 0.1515625