11 0.81171875 0.23984375 0.09375 0.1125
10 0.7390625 0.225 0.0875 0.115625
9 0.66015625 0.21328125 0.0921875 0.1265625
8 0.5875 0.2078125 0.0890625 0.115625
20 0.5171875 0.196875 0.090625 0.1140625
22 0.4453125 0.1875 0.0765625 0.1140625
21 0.37265625 0.175 0.0890625 0.1171875
21 0.30078125 0.16328125 0.08125 0.1140625
13 0.44453125 0.3078125 0.0859375 0.103125
14 0.51640625 0.3171875 0.084375 0.1078125
14 0.58125 0.32734375 0.0765625 0.103125
14 0.6453125 0.33515625 0.0828125 0.109375
3 0.70078125 0.36015625 0.0625 0.071875
3 0.75 0.3640625 0.059375 0.075
2 0.8 0.371875 0.0578125 0.071875
0 0.62734375 0.4359375 0.059375 0.06875
1 0.559375 0.43203125 0.090625 0.0625
28 0.48828125 0.415625 0.059375 0.0703125
29 0.42265625 0.409375 0.084375 0.0625
4 0.35546875 0.3921875 0.0640625 0.071875
5 0.28359375 0.3875 0.0875 0.0609375
15 0.61015625 0.515625 0.075 0.0765625
24 0.60546875 0.59453125 0.05625 0.065625
24 0.5578125 0.58828125 0.05625 0.0625
24 0.509375 0.58203125 0.059375 0.0625
30 0.4203125 0.565625 0.0578125 0.0625
12 0.36875 0.5578125 0.05625 0.0625
16 0.31875 0.54921875 0.0546875 0.0609375
6 0.26640625 0.54140625 0.059375 0.0671875
27 0.71953125 0.746875 0.090625 0.05625
27 0.70234375 0.7875 0.0859375 0.053125
25 0.62578125 0.7703125 0.0828125 0.0515625
25 0.6390625 0.73046875 0.0828125 0.0546875
25 0.55078125 0.7578125 0.0828125 0.05
25 0.47421875 0.74453125 0.0796875 0.0515625
25 0.56015625 0.71875 0.0859375 0.053125
25 0.48359375 0.7046875 0.08125 0.05
25 0.5671875 0.67578125 0.0859375 0.0546875
31 0.40078125 0.73359375 0.08125 0.05
31 0.40390625 0.69296875 0.08125 0.0546875
17 0.321875 0.72421875 0.08125 0.0515625
17 0.325 0.68203125 0.0796875 0.0515625
7 0.25 0.66875 0.078125 0.053125
7 0.24921875 0.71015625 0.0796875 0.05
36 0.50390625 0.50078125 0.046875 0.065625
34 0.46328125 0.49453125 0.0453125 0.0640625
33 0.4296875 0.48984375 0.034375 0.0640625
35 0.39609375 0.484375 0.034375 0.065625
37 0.3671875 0.47890625 0.034375 0.065625
38 0.31328125 0.471875 0.034375 0.0640625
41 0.28515625 0.4671875 0.034375 0.065625
42 0.25703125 0.4640625 0.034375 0.065625
18 0.3296875 0.28984375 0.1609375 0.1140625
18 0.5484375 0.50703125 0.0625 0.075
18 0.46171875 0.5734375 0.046875 0.059375
18 0.340625 0.47109375 0.03125 0.05625