19 0.4250265 0 0.4269608171875 0.11441100312500001 0.5360295374999999 0.10537858124999999 0.5381885890625 0.0011526515625000001 0.5288009953125 0 0.4250265 0
20 0.3465208921875 0 0.3520901703125 0.12154052500000001 0.43153930625000003 0.11359213593749999 0.42861941718749996 0 0.3465208921875 0
20 0.249159425 0 0.2609702953125 0.13102755625 0.35398949375 0.12293662968750001 0.34840705 0 0.249159425 0
8 0.1491308609375 0 0.1728407234375 0.1397935828125 0.26024286406249997 0.1302924375 0.24972782031250002 0 0.1491308609375 0
9 0.0988163703125 0.145938853125 0.1765376515625 0.142509315625 0.154239375 0.0011757 0.101022396875 0.017136078125000002 0.0988163703125 0.145938853125
10 0.046232096875 0.1547166328125 0.10445385625 0.1467199171875 0.10640055781249999 0.012717003125000001 0.055966790625 0.0217627890625 0.046232096875 0.1547166328125
13 0.5333751140625 0.2994071828125 0.637768946875 0.30072990625 0.6348400375 0.127669846875 0.5318291484375 0.13171121562500002 0.5333751140625 0.2994071828125
13 0.4429424328125 0.2964002859375 0.5385818234374999 0.2972588453125 0.5353513484375 0.1502845125 0.45234841093749995 0.15678255000000002 0.4429424328125 0.2964002859375
13 0.36806126250000004 0.29869617187499997 0.445712928125 0.29746608124999996 0.4534766515625 0.1554698390625 0.37333198125 0.1623188296875 0.36806126250000004 0.29869617187499997
14 0.27169399375 0.2977454140625 0.3663581234375 0.2978813984375 0.360858353125 0.16151291406249998 0.26971939218749996 0.16338383437499998 0.27169399375 0.2977454140625
14 0.20583089375000002 0.29776320156249997 0.270979325 0.2976576640625 0.268828940625 0.178512775 0.2054204375 0.1750809828125 0.20583089375000002 0.29776320156249997
14 0.1434864015625 0.2961496515625 0.210770190625 0.29691839531249997 0.2067865640625 0.187584446875 0.1382632203125 0.18642718125 0.1434864015625 0.2961496515625
3 0.08954787187499999 0.2982321578125 0.1465846171875 0.297744984375 0.142650515625 0.21163735625000002 0.09413503906250001 0.21293671406249998 0.08954787187499999 0.2982321578125
3 0.0448775984375 0.2990439640625 0.0981569140625 0.298329496875 0.0943105828125 0.21150702500000002 0.0501199890625 0.2169655859375 0.0448775984375 0.2990439640625
5 0.51307048125 0.3454308421875 0.513940890625 0.42814490000000005 0.6336046203125 0.43497070468750004 0.6363397953125001 0.3496819296875 0.51307048125 0.3454308421875
18 0.4474534 0.42299869218749997 0.50982143125 0.42702835156249996 0.5101244390625 0.3457947671875 0.44654039531249995 0.34379266406250003 0.4474534 0.42299869218749997
29 0.3425895234375 0.33973668749999997 0.3440943140625 0.417083853125 0.440433078125 0.4250392203125 0.4399588484375 0.3422589296875 0.3425895234375 0.33973668749999997
28 0.2898359921875 0.4158625953125 0.3425498296875 0.4188257375 0.34069675781250003 0.331522353125 0.281964234375 0.32939031875 0.2898359921875 0.4158625953125
1 0.19878574843750002 0.337318078125 0.20465872499999999 0.4064923078125 0.28988493125 0.414536196875 0.28368145 0.339034375 0.19878574843750002 0.337318078125
45 0.5986416718750001 0.577285946875 0.64433225625 0.5838977609375 0.647619553125 0.4783590875 0.601711740625 0.4741735921875 0.5986416718750001 0.577285946875
44 0.554783596875 0.574077184375 0.5984244453125 0.579712265625 0.6037928140625 0.47297784062500003 0.5609188171875 0.467713575 0.554783596875 0.574077184375
40 0.50716400625 0.5660539015625 0.55277995625 0.573382171875 0.5581483234375 0.46664778125 0.5133688000000001 0.46114954687500004 0.50716400625 0.5660539015625
41 0.4713647296875 0.5622023875 0.5118992125 0.5676370265624999 0.513017709375 0.46400895468750003 0.47672525312499997 0.46027845625 0.4713647296875 0.5622023875
37 0.43719223124999995 0.556918365625 0.4738767359375 0.5622428328125 0.47785349843749997 0.45896571093749994 0.43956778906249994 0.45571609375 0.43719223124999995 0.556918365625
35 0.39814867187499997 0.5499480890624999 0.43602989374999995 0.555418928125 0.43731112968749997 0.45834152812499995 0.40101867812499997 0.45461099687499995 0.39814867187499997 0.5499480890624999
33 0.3638445484375 0.5457360718750001 0.399912903125 0.550258665625 0.4019714625 0.45472798281250004 0.3647262234375 0.450880496875 0.3638445484375 0.5457360718750001
34 0.318303153125 0.5385120437500001 0.3666542625 0.5454493968749999 0.3666317046875 0.4511144609375 0.320899440625 0.44549924531249996 0.318303153125 0.5385120437500001
36 0.27640091718750004 0.5311907640625 0.3202325328125 0.5375726281250001 0.3245349484375 0.447396871875 0.2845192171875 0.44248355781250004 0.27640091718750004 0.5311907640625
23 0.20928677968749998 0.5195964109375 0.2790007859375 0.534686903125 0.28418084375 0.437362596875 0.21835294218749998 0.43000556718749994 0.20928677968749998 0.5195964109375
4 0.61171875 0.6796875 0.0890625 0.1
16 0.5721373890625 0.7150373640625001 0.5745215140625 0.632608034375 0.4976866453125 0.62825334375 0.5032006640625 0.701493584375 0.5721373890625 0.7150373640625001
12 0.436988265625 0.688561346875 0.4993018828125 0.7017404953125 0.491907825 0.612305503125 0.43032984062499996 0.60184214375 0.436988265625 0.688561346875
30 0.3660478421875 0.6754982953125 0.437723809375 0.691277140625 0.42210613124999996 0.59792988125 0.3642513375 0.588649309375 0.3660478421875 0.6754982953125
24 0.270498140625 0.6501641984375001 0.317351053125 0.663435846875 0.3141191390625 0.57160936875 0.2654408359375 0.5663580453125 0.270498140625 0.6501641984375001
24 0.219844428125 0.638402159375 0.2707665859375 0.6490084078125 0.268299103125 0.566708996875 0.215295915625 0.5572985046875 0.219844428125 0.638402159375
7 0.5057941265625 0.7591369484375 0.5095489421875 0.830226865625 0.628734903125 0.8605824125 0.6249508671874999 0.78900583125 0.5057941265625 0.7591369484375
7 0.505018046875 0.9025776296875 0.6182011375 0.9405598171875 0.6149437375 0.8646941390625 0.5052268093750001 0.8367099390625 0.505018046875 0.9025776296875
7 0.6250557296875 1 0.6198842499999999 0.934728415625 0.5119100609375 0.9004275421875001 0.5116113375 0.9670448640625 0.6067052515625 1 0.6250557296875 1
17 0.4143875890625 0.9317117312500001 0.5117202671875 0.9649854765624999 0.509929528125 0.8929280203125 0.41390223906249995 0.86372218125 0.4143875890625 0.9317117312500001
17 0.41340256875000003 0.796902678125 0.4178747515625 0.8619532265625001 0.50482740625 0.8872221453125 0.5125514421874999 0.8243149203125 0.41340256875000003 0.796902678125
17 0.4173283625 0.7255471234375 0.41629341562500005 0.792116471875 0.5100442703125 0.821104528125 0.5145716671875 0.752725375 0.4173283625 0.7255471234375
31 0.32142268125 0.8371288437500001 0.32573987187500003 0.8974316015625 0.4146652265625 0.928397134375 0.4163216390625 0.8676474171875 0.32142268125 0.8371288437500001
31 0.3216124765625 0.77257089375 0.3296033671875 0.8364246296875001 0.412598359375 0.866464634375 0.41218646562499994 0.79893025625 0.3216124765625 0.77257089375
31 0.41303986249999997 0.7949814828124999 0.39808492812499996 0.7326175515625 0.3165995703125 0.7110022875 0.33157883906249996 0.7701664546875 0.41303986249999997 0.7949814828124999
25 0.25066160000000004 0.8708025015624999 0.3266989078125 0.8965528859375 0.3186521875 0.8360630484374999 0.24341 0.8108605750000001 0.25066160000000004 0.8708025015624999
25 0.32076408437500004 0.8375156328125 0.313551509375 0.7752092859374999 0.2340594953125 0.7531131531249999 0.24305890937500002 0.813719984375 0.32076408437500004 0.8375156328125
25 0.2559855609375 0.7478233875 0.3314910671875 0.7708812968750001 0.3166873453125 0.7102874265625 0.24178353281249998 0.6902059140625 0.2559855609375 0.7478233875
25 0.164284684375 0.6676288718750001 0.17635179375 0.72565771875 0.2568505734375 0.74865521875 0.24654727968749998 0.690790828125 0.164284684375 0.6676288718750001
25 0.2381711421875 0.7539233249999999 0.162101634375 0.7326677187499999 0.17076276562499998 0.788153584375 0.242457215625 0.8107435875 0.2381711421875 0.7539233249999999
25 0.1783833359375 0.8442373359375 0.2533622015625 0.871584375 0.24999154687499997 0.8123943078125 0.1706749890625 0.7888684609375 0.1783833359375 0.8442373359375
25 0.10764310937499999 0.7666164640625001 0.11551310937499999 0.8193870593750001 0.17786941875 0.8405460625 0.171201628125 0.7845793296875 0.10764310937499999 0.7666164640625001
25 0.1682002828125 0.7861381890625 0.1576889765625 0.7292233953125 0.0975903296875 0.7145878828125001 0.10600085937499999 0.764237925 0.1682002828125 0.7861381890625
27 0.11587809375 0.8176962109374999 0.1062965765625 0.7703761296875 0.0455512046875 0.7524618484375 0.0502511796875 0.7929486890625 0.11587809375 0.8176962109374999