13 0.740625 0.2609375 0.090625 0.1078125
14 0.58515625 0.24375 0.0859375 0.1171875
14 0.50546875 0.23828125 0.084375 0.11875
21 0.41640625 0.23359375 0.09375 0.1125
21 0.33359375 0.22734375 0.0828125 0.1125
20 0.24609375 0.215625 0.0921875 0.11875
23 0.71640625 0.3875 0.078125 0.0859375
9 0.52109375 0.36953125 0.0890625 0.1
10 0.44296875 0.3625 0.0796875 0.1015625
11 0.3671875 0.35 0.0859375 0.1125
3 0.296875 0.36171875 0.065625 0.0796875
2 0.2390625 0.35859375 0.059375 0.0734375
1 0.40546875 0.46640625 0.0921875 0.0671875
28 0.48125 0.46953125 0.065625 0.0703125
29 0.55703125 0.478125 0.090625 0.0640625
4 0.63203125 0.478125 0.0625 0.071875
5 0.71171875 0.490625 0.0921875 0.0625
12 0.71484375 0.58203125 0.0578125 0.065625
24 0.3765625 0.6390625 0.0625 0.0703125
24 0.43359375 0.64375 0.0578125 0.0671875
24 0.4921875 0.64765625 0.0609375 0.06875
26 0.53984375 0.653125 0.04375 0.0625
30 0.5890625 0.6578125 0.0609375 0.0640625
16 0.64375 0.66171875 0.0578125 0.0625
6 0.7015625 0.66328125 0.0640625 0.065625
7 0.67734375 0.86875 0.0890625 0.0609375
7 0.684375 0.81796875 0.090625 0.059375
17 0.5953125 0.81484375 0.090625 0.0609375
17 0.59140625 0.86484375 0.090625 0.05625
31 0.50546875 0.8546875 0.0890625 0.0609375
31 0.509375 0.8046875 0.0890625 0.059375
25 0.4125 0.85 0.0890625 0.0609375
25 0.4140625 0.79765625 0.090625 0.0609375
25 0.325 0.79375 0.0921875 0.0640625
25 0.3265625 0.84453125 0.090625 0.0578125
27 0.23203125 0.84140625 0.0921875 0.05625
27 0.22890625 0.78984375 0.09375 0.0640625
36 0.375 0.553125 0.0453125 0.071875
34 0.41875 0.55625 0.0453125 0.071875
33 0.45625 0.55859375 0.034375 0.0703125
35 0.48828125 0.56171875 0.0359375 0.071875
39 0.5515625 0.56484375 0.034375 0.071875
38 0.58125 0.56640625 0.034375 0.0703125
41 0.61171875 0.56953125 0.0328125 0.0703125
42 0.6421875 0.57109375 0.0359375 0.071875
40 0.67265625 0.5734375 0.0359375 0.071875
18 0.52109375 0.55703125 0.0359375 0.0640625
18 0.61796875 0.37890625 0.11875 0.09375
18 0.6609375 0.25078125 0.0859375 0.1125