11 0.18828125 0.246875 0.1015625 0.134375
10 0.28359375 0.25234375 0.0875 0.1375
9 0.36875 0.2609375 0.084375 0.128125
2 0.175 0.409375 0.059375 0.084375
3 0.23671875 0.409375 0.0609375 0.0859375
3 0.303125 0.4125 0.0640625 0.084375
14 0.37734375 0.39921875 0.08125 0.109375
14 0.459375 0.40234375 0.0828125 0.1109375
14 0.540625 0.40390625 0.075 0.109375
13 0.61875 0.4046875 0.078125 0.1125
13 0.69765625 0.40390625 0.075 0.115625
13 0.77109375 0.40546875 0.071875 0.1125
20 0.5741606625 0.33230748125 0.5785487640625 0.20466190156250003 0.4888374328125 0.203909465625 0.48968835000000005 0.3265428359375 0.5741606625 0.33230748125
22 0.649856515625 0.33230748125 0.659729996875 0.21454414531250002 0.5766289265625 0.21111111249999998 0.5730635515625 0.33230748125 0.649856515625 0.33230748125
21 0.724455428125 0.3331309890625 0.7452993328125 0.21207359218750002 0.6575617109375 0.21111111249999998 0.6487595734375 0.3314839734375 0.724455428125 0.3331309890625
21 0.8023455015625001 0.3380721265625 0.825383290625 0.21701469843750001 0.74672495 0.21419753125000002 0.7277465890625 0.33477803437500003 0.8023455015625001 0.3380721265625
0 0.3578125 0.515625 0.06875 0.06875
1 0.4375 0.51953125 0.09375 0.0609375
28 0.5125 0.51640625 0.059375 0.0671875
29 0.58671875 0.51875 0.09375 0.059375
4 0.66328125 0.51171875 0.059375 0.071875
5 0.74296875 0.5171875 0.0875 0.059375
15 0.3546875 0.61015625 0.0859375 0.084375
23 0.4359375 0.6078125 0.075 0.078125
24 0.33984375 0.70625 0.0625 0.06875
24 0.40234375 0.703125 0.0578125 0.071875
24 0.46328125 0.70390625 0.0578125 0.06875
30 0.55703125 0.6984375 0.05625 0.06875
12 0.6140625 0.69765625 0.05625 0.0671875
16 0.66875 0.69453125 0.0546875 0.065625
6 0.72890625 0.69140625 0.059375 0.065625
27 0.178125 0.86328125 0.1 0.053125
27 0.1828125 0.91640625 0.096875 0.0515625
25 0.27578125 0.859375 0.096875 0.053125
25 0.278125 0.91171875 0.096875 0.05
25 0.37421875 0.85390625 0.0921875 0.0515625
25 0.37734375 0.90625 0.090625 0.046875
25 0.36953125 0.79296875 0.0921875 0.0515625
25 0.46796875 0.796875 0.090625 0.05
25 0.46953125 0.85234375 0.0921875 0.05
25 0.4671875 0.89921875 0.0875 0.04375
31 0.559375 0.84453125 0.0875 0.05
31 0.553125 0.89375 0.084375 0.0484375
17 0.64609375 0.84375 0.08125 0.046875
17 0.64140625 0.88984375 0.084375 0.046875
17 0.646875 0.7859375 0.0828125 0.046875
7 0.72578125 0.88359375 0.0828125 0.0453125
7 0.73046875 0.8359375 0.08125 0.046875
7 0.7633052250000001 0.8032375828125 0.7722810250000001 0.756072353125 0.6917648562500001 0.7569023578125 0.68342065 0.8039114125 0.7633052250000001 0.8032375828125
31 0.600843309375 0.8160395578124999 0.6062287078125 0.7641578015625 0.5211700203125 0.765319865625 0.5137779984375 0.81806091875 0.600843309375 0.8160395578124999
36 0.4984375 0.61015625 0.040625 0.071875
34 0.54375 0.609375 0.040625 0.071875
33 0.5962314890625 0.644671359375 0.598310103125 0.5728950937499999 0.5687865421875 0.57319688125 0.56765065 0.6450614421875 0.5962314890625 0.644671359375
35 0.625851615625 0.644671359375 0.632087459375 0.572504996875 0.602574715625 0.5727095515625 0.598829746875 0.6442812765625 0.625851615625 0.644671359375
37 0.6570307140625 0.64233085 0.6606683 0.5736752734375 0.6337638 0.5722222218749999 0.6294892015625 0.6435010828125 0.6570307140625 0.64233085
39 0.6861312374999999 0.6427209031250001 0.6928867249999999 0.572504996875 0.663003565625 0.5722222218749999 0.6580700421875 0.6427209031250001 0.6861312374999999 0.6427209031250001
38 0.7162710484375 0.6427209031250001 0.72198716875 0.5732851765625 0.694842421875 0.57319688125 0.687690209375 0.643111 0.7162710484375 0.6427209031250001
41 0.7453714921875 0.6411605578125 0.750568009375 0.5717248328125 0.7247319609375 0.5712475640625 0.7183496234375 0.6419407374999999 0.7453714921875 0.6411605578125
42 0.7749916203125 0.6407704609375 0.7796685328125 0.570944653125 0.7507228640625 0.57319688125 0.7469304625000001 0.6411605578125 0.7749916203125 0.6407704609375