19 0.54609375 0.19765625 0.13125 0.175
13 0.6765625 0.190625 0.121875 0.146875
9 0.75 0.1828125 0.0859375 0.1375
41 0.540199715625 0.3250287890625 0.563552034375 0.42257040156250003 0.5942615890625 0.41446755468749996 0.5741695499999999 0.3179940203125 0.540199715625 0.3250287890625
40 0.5790226203125 0.3182162140625 0.5949083734375 0.4140944421875 0.625470965625 0.4049969265625 0.6102241140625 0.3129268828125 0.5790226203125 0.3182162140625
43 0.6069744546875 0.3124793421875 0.6254416171875 0.40528203593749995 0.652715534375 0.399473140625 0.63391385 0.3068847640625 0.6069744546875 0.3124793421875
44 0.6309585765625 0.3073001015625 0.6517899890625001 0.3997705171875 0.679936146875 0.39056309843750003 0.6615689953125 0.3020938390625 0.6309585765625 0.3073001015625
45 0.6624092625 0.30378424375 0.67882196875 0.3905459359375 0.7063410390625 0.385496284375 0.6918375828125 0.29874411562500003 0.6624092625 0.30378424375
35 0.6906554296875 0.29891025625 0.7039882421875 0.385200559375 0.7276839171875 0.3797850390625 0.7158840140625 0.2940082375 0.6906554296875 0.29891025625
33 0.7171284234375 0.2942854703125 0.727256665625 0.379217653125 0.7526657906249999 0.3742402921875 0.7376908734375001 0.29049136249999996 0.7171284234375 0.2942854703125
37 0.735575865625 0.2925971 0.7528591171875 0.3769758359375 0.7755988281249999 0.371519353125 0.760026440625 0.286448053125 0.735575865625 0.2925971
32 0.7597469218749999 0.28874795781249996 0.7747585078125 0.3698289640625 0.797217759375 0.363233446875 0.7837934078125001 0.28401207500000003 0.7597469218749999 0.28874795781249996
7 0.56814970625 0.48653671875000004 0.5811673390625 0.5534299953125 0.66288631875 0.5265104578125 0.65428570625 0.46041525781250003 0.56814970625 0.48653671875000004
29 0.654161084375 0.45952852968749996 0.6667425406249999 0.523318246875 0.7397197156249999 0.5007978859375 0.7299695953125 0.43711912656249996 0.654161084375 0.45952852968749996
5 0.729627815625 0.4389756484375 0.74177309375 0.49966179843749997 0.803187759375 0.4796753890625 0.793864425 0.4200010703125 0.729627815625 0.4389756484375
31 0.6657498562499999 0.6406260984375 0.6532307125 0.5772797390625 0.5752146078125 0.60542488125 0.5854684171875 0.6702640734374999 0.6657498562499999 0.6406260984375
24 0.645482815625 0.5693261656249999 0.6664031890625 0.64098639375 0.7134298484375 0.62245158125 0.6966538703125 0.55173569375 0.645482815625 0.5693261656249999
23 0.6949430078125001 0.5524282656249999 0.7142450499999999 0.6211510687499999 0.7709962015625 0.6011416265625 0.7557881109375 0.530765459375 0.6949430078125001 0.5524282656249999
15 0.754388803125 0.533674859375 0.767965478125 0.5959683328125001 0.8120708734375001 0.5814715015624999 0.7975965656249999 0.5194641812499999 0.754388803125 0.533674859375
25 0.781889934375 0.712200775 0.7912650609375 0.766042275 0.851614775 0.7342093828125 0.8492349015625 0.6810341249999999 0.781889934375 0.712200775
25 0.7122127484375 0.7482164265625 0.7232685171875 0.805438721875 0.7909951671875 0.7691679765625 0.7817653109375 0.7113140359375001 0.7122127484375 0.7482164265625
27 0.6382432953125 0.788000196875 0.646001959375 0.8474943578125 0.7204623421874999 0.8075535546875001 0.7128038250000001 0.74813335625 0.6382432953125 0.788000196875