19 0.428125 0.19609375 0.1484375 0.1921875
14 0.30390625 0.22265625 0.140625 0.1796875
13 0.18359375 0.24453125 0.1421875 0.1796875
9 0.07734375 0.26328125 0.153125 0.1734375
31 0.48125 0.64765625 0.1171875 0.0875
43 0.429811959375 0.3218909734375 0.450357628125 0.4266426375 0.49588068593749995 0.41943249375 0.473791815625 0.31492524843749997 0.429811959375 0.3218909734375
44 0.38292915625 0.330503353125 0.407920971875 0.43336394375 0.4486871109375 0.42668605 0.42740553906249995 0.32167867031249997 0.38292915625 0.330503353125
45 0.3430823015625 0.33859478906249996 0.363941115625 0.44032966875 0.40628607656250004 0.43302942968749997 0.3837007546875 0.33038114375 0.3430823015625 0.33859478906249996
37 0.32391080781250003 0.4472632765625 0.367210753125 0.44099866875 0.3445337375 0.3377714625 0.3006455734375 0.34531610625 0.32391080781250003 0.4472632765625
40 0.25675741093750004 0.352860753125 0.279251040625 0.45493011875 0.32445878906250003 0.44769677343750003 0.3013254828125 0.3446149765625 0.25675741093750004 0.352860753125
41 0.215183971875 0.36003876562500003 0.2388159703125 0.46430160468750004 0.28190514843750003 0.4562164609375 0.2560775015625 0.3535618671875 0.215183971875 0.36003876562500003
33 0.172159065625 0.368040128125 0.19783071875 0.47019960000000005 0.23921400625000003 0.4638679984375 0.21595553750000002 0.3599165625 0.172159065625 0.368040128125
35 0.1305856265625 0.37521814375 0.156753771875 0.475518665625 0.1988666875 0.4675886078125 0.1737022296875 0.3677957140625 0.1305856265625 0.37521814375
32 0.084970915625 0.38184937343750003 0.1129573 0.4836422296875 0.15580302968749998 0.47663403750000005 0.12858400781249998 0.37256798125 0.084970915625 0.38184937343750003
5 0.14969249375 0.5358042078125 0.168098090625 0.6070688421875 0.27665213906249997 0.587867609375 0.2622509734375 0.517383265625 0.14969249375 0.5358042078125
29 0.273549546875 0.513813434375 0.289915484375 0.58718140625 0.39962541875 0.570170409375 0.38542811875 0.496093609375 0.273549546875 0.513813434375
7 0.3833884625 0.4981969734375 0.3968895234375 0.5684580671874999 0.5161707734375 0.552532975 0.5021195625 0.4787983578125 0.3833884625 0.4981969734375
15 0.2453125 0.6640625 0.10625 0.1078125
24 0.321875 0.6546875 0.0875 0.10625
24 0.3921875 0.65234375 0.0859375 0.103125
27 0.43603830625000006 0.7756834765625 0.44739240156250004 0.8373830734375 0.5594163187500001 0.8255746 0.5468702390625 0.756349109375 0.43603830625000006 0.7756834765625
27 0.45229693437499996 0.838386584375 0.46391055000000003 0.8917369296875 0.5746028984375 0.877068959375 0.5639540875 0.824262459375 0.45229693437499996 0.838386584375
25 0.4509976328125 0.82019576875 0.345788175 0.8350789953125 0.35909027031249996 0.8940963109375 0.46180165000000006 0.8784218562499999 0.4509976328125 0.82019576875
25 0.24623426718750002 0.925620009375 0.3543466734375 0.9090901421875 0.3399979375 0.8484582828124999 0.22852416875 0.8637402484375001 0.22938742343750002 0.864196953125 0.24623426718750002 0.925620009375
25 0.2180557421875 0.787657859375 0.235598084375 0.8584657921875 0.335314825 0.8438590703125 0.3225853296875 0.7734757703125 0.2180557421875 0.787657859375