11 0.26640625 0.16796875 0.0921875 0.1109375
10 0.340625 0.17265625 0.0859375 0.115625
9 0.41953125 0.18125 0.090625 0.125
8 0.490625 0.1953125 0.0859375 0.1140625
20 0.56171875 0.203125 0.0890625 0.1140625
22 0.63359375 0.2125 0.075 0.1125
21 0.70703125 0.21953125 0.0875 0.1171875
21 0.77890625 0.2265625 0.0796875 0.1125
13 0.60390625 0.32890625 0.084375 0.103125
14 0.53203125 0.31875 0.0828125 0.1078125
14 0.46640625 0.3125 0.075 0.1015625
14 0.40234375 0.303125 0.08125 0.1078125
3 0.3421875 0.31328125 0.0609375 0.071875
3 0.29375 0.30390625 0.0578125 0.0734375
2 0.24375 0.2984375 0.05625 0.0703125
0 0.39375 0.4046875 0.059375 0.06875
1 0.46015625 0.41875 0.0890625 0.0609375
28 0.53359375 0.42109375 0.059375 0.06875
29 0.59765625 0.4328125 0.0828125 0.0609375
4 0.6671875 0.4328125 0.0625 0.071875
5 0.7375 0.44765625 0.0859375 0.0609375
15 0.38984375 0.48671875 0.0734375 0.075
24 0.3734375 0.5640625 0.0546875 0.0640625
24 0.42109375 0.5703125 0.0546875 0.0625
24 0.4703125 0.5765625 0.0578125 0.0625
30 0.56015625 0.58359375 0.0578125 0.0625
12 0.61171875 0.58984375 0.0546875 0.0625
16 0.6625 0.59453125 0.0546875 0.059375
6 0.71484375 0.60078125 0.0578125 0.065625
27 0.22421875 0.68203125 0.090625 0.0546875
27 0.2296875 0.725 0.0859375 0.0515625
25 0.30859375 0.728125 0.0828125 0.05
25 0.30625 0.68671875 0.0828125 0.053125
25 0.384375 0.7359375 0.08125 0.0484375
25 0.46171875 0.74296875 0.078125 0.05
25 0.38515625 0.69609375 0.0859375 0.0515625
25 0.4625 0.7015625 0.0796875 0.05
25 0.3890625 0.65234375 0.0859375 0.0546875
31 0.53515625 0.7515625 0.0796875 0.0484375
31 0.5421875 0.71171875 0.08125 0.053125
17 0.6140625 0.7625 0.0796875 0.0515625
17 0.621875 0.72109375 0.0796875 0.0515625
7 0.69765625 0.72734375 0.078125 0.053125
7 0.6875 0.76796875 0.078125 0.0484375
36 0.49609375 0.49921875 0.0453125 0.0640625
34 0.53671875 0.5046875 0.04375 0.0640625
33 0.5703125 0.50859375 0.0328125 0.0640625
35 0.60390625 0.51171875 0.034375 0.065625
37 0.63359375 0.5140625 0.034375 0.065625
38 0.6875 0.521875 0.0328125 0.0640625
41 0.715625 0.52421875 0.034375 0.065625
42 0.74375 0.528125 0.034375 0.065625
18 0.71875 0.34140625 0.1609375 0.1125
18 0.45078125 0.49375 0.0625 0.075
18 0.51796875 0.58125 0.0453125 0.059375
18 0.6609375 0.51328125 0.03125 0.05625