11 0.853125 0.25234375 0.1328125 0.1546875
10 0.759375 0.240625 0.1015625 0.134375
9 0.6828125 0.2203125 0.1125 0.15
8 0.59375 0.20390625 0.1109375 0.146875
22 0.51171875 0.19140625 0.1078125 0.1359375
22 0.42265625 0.16796875 0.115625 0.14375
21 0.33671875 0.15703125 0.103125 0.1296875
21 0.24765625 0.13359375 0.1171875 0.1375
13 0.23515625 0.2765625 0.1046875 0.1296875
13 0.31796875 0.29375 0.1046875 0.1328125
13 0.39765625 0.3125 0.1015625 0.1296875
14 0.47578125 0.32890625 0.1046875 0.1296875
14 0.55234375 0.34375 0.1 0.1296875
14 0.63515625 0.36171875 0.1109375 0.13125
3 0.70703125 0.38828125 0.0765625 0.0921875
3 0.76953125 0.40390625 0.0734375 0.0859375
2 0.82734375 0.4109375 0.071875 0.096875
0 0.61953125 0.49296875 0.0765625 0.0875
1 0.53828125 0.484375 0.10625 0.0796875
28 0.4609375 0.46484375 0.071875 0.08125
29 0.38359375 0.45078125 0.10625 0.0796875
4 0.296875 0.4265625 0.075 0.0859375
5 0.2171875 0.41640625 0.109375 0.08125
15 0.5828125 0.58359375 0.0875 0.0921875
23 0.51015625 0.56875 0.084375 0.09375
24 0.58046875 0.68125 0.0734375 0.0828125
24 0.5203125 0.67109375 0.0734375 0.0796875
24 0.46171875 0.659375 0.0671875 0.0765625
26 0.4140625 0.65546875 0.0484375 0.065625
30 0.36640625 0.640625 0.06875 0.08125
12 0.30390625 0.63203125 0.0765625 0.0828125
16 0.24375 0.61796875 0.0703125 0.0828125
6 0.184375 0.60234375 0.075 0.0875
27 0.68828125 0.93203125 0.1046875 0.06875
27 0.70390625 0.8796875 0.10625 0.071875
25 0.58515625 0.9078125 0.1015625 0.0703125
25 0.61015625 0.8578125 0.10625 0.075
25 0.49453125 0.89140625 0.1 0.071875
25 0.5109375 0.83828125 0.0984375 0.0703125
25 0.5265625 0.784375 0.103125 0.0734375
25 0.40390625 0.87265625 0.1 0.071875
25 0.41875 0.8203125 0.1015625 0.071875
25 0.43515625 0.7625 0.103125 0.0734375
31 0.31015625 0.8546875 0.1 0.0703125
31 0.31796875 0.803125 0.1046875 0.0734375
31 0.33671875 0.7421875 0.1046875 0.071875
17 0.21875 0.78671875 0.1015625 0.0703125
17 0.2171875 0.8390625 0.1 0.06875
17 0.23515625 0.728125 0.103125 0.075
7 0.12265625 0.8203125 0.103125 0.0703125
7 0.128125 0.7671875 0.103125 0.075
34 0.40234375 0.5515625 0.059375 0.08125
42 0.16015625 0.5046875 0.046875 0.08125
33 0.3625 0.54453125 0.046875 0.0796875
35 0.3296875 0.5375 0.0453125 0.0796875
37 0.29609375 0.5296875 0.0453125 0.08125
39 0.2625 0.525 0.046875 0.0796875
38 0.22890625 0.5171875 0.0453125 0.0796875
41 0.196875 0.5109375 0.046875 0.08125
18 0.453125 0.55625 0.059375 0.0734375