11 0.8359932078125001 0.255138025 0.8411110125000001 0.134705075 0.761714353125 0.13996145 0.7551448875 0.2579865046875 0.8359932078125001 0.255138025
10 0.72265625 0.20625 0.0890625 0.1109375
9 0.64296875 0.209375 0.090625 0.11875
8 0.56484375 0.22265625 0.0875 0.1109375
20 0.4890625 0.2265625 0.084375 0.11875
20 0.41640625 0.234375 0.0828125 0.1140625
21 0.33984375 0.23984375 0.08125 0.1140625
21 0.2625 0.24453125 0.0875 0.121875
14 0.6296875 0.33828125 0.0828125 0.1046875
14 0.55234375 0.3484375 0.0828125 0.103125
14 0.48125 0.35390625 0.078125 0.1015625
13 0.409375 0.3578125 0.0765625 0.1078125
13 0.3390625 0.36328125 0.0765625 0.1078125
13 0.26015625 0.36796875 0.0859375 0.1109375
3 0.69609375 0.3453125 0.0609375 0.078125
3 0.7515625 0.34140625 0.0640625 0.071875
2 0.80546875 0.33359375 0.0640625 0.0828125
0 0.6515625 0.44140625 0.0671875 0.0703125
1 0.57890625 0.45625 0.084375 0.0578125
28 0.5046875 0.45390625 0.0671875 0.06875
29 0.42578125 0.46796875 0.0875 0.059375
5 0.34140625 0.47421875 0.0859375 0.059375
4 0.27265625 0.47734375 0.0609375 0.0640625
15 0.64765625 0.53125 0.0765625 0.084375
23 0.58359375 0.53828125 0.0671875 0.0796875
24 0.6671875 0.61640625 0.0609375 0.0703125
24 0.6109375 0.62109375 0.0578125 0.06875
24 0.55625 0.62421875 0.05625 0.0671875
26 0.509375 0.63515625 0.0421875 0.0546875
30 0.46640625 0.63203125 0.0640625 0.065625
16 0.3609375 0.64140625 0.0609375 0.06875
6 0.3046875 0.6453125 0.059375 0.071875
27 0.815625 0.80625 0.09375 0.0578125
27 0.8140625 0.75 0.0875 0.05625
25 0.7296875 0.8109375 0.0875 0.05625
25 0.73046875 0.7625 0.090625 0.059375
25 0.64609375 0.815625 0.0890625 0.05625
25 0.646875 0.76796875 0.0890625 0.059375
25 0.6359375 0.71796875 0.090625 0.059375
25 0.56171875 0.82109375 0.08125 0.0515625
25 0.55859375 0.77421875 0.0875 0.053125
25 0.55078125 0.72421875 0.0875 0.0609375
31 0.48203125 0.825 0.08125 0.05
31 0.47578125 0.78046875 0.0859375 0.0546875
31 0.46875 0.73359375 0.090625 0.0578125
17 0.3984375 0.83359375 0.0828125 0.053125
17 0.38828125 0.79296875 0.0875 0.05625
17 0.384375 0.74296875 0.0890625 0.0609375
7 0.3140625 0.84375 0.090625 0.0546875
7 0.30390625 0.7953125 0.0875 0.05625
36 0.53046875 0.54453125 0.04375 0.0671875
34 0.4890625 0.54765625 0.0453125 0.0703125
33 0.45078125 0.5515625 0.034375 0.06875
35 0.421875 0.553125 0.034375 0.0703125
37 0.40753450156250004 0.5889712046875 0.40308706250000004 0.521723628125 0.37530349531249996 0.5226611453125 0.37961252968750003 0.590794071875 0.40753450156250004 0.5889712046875
39 0.3779732546875 0.590937490625 0.368887690625 0.526264790625 0.3394542328125 0.5282775453124999 0.3508978375 0.5929962765625 0.3779732546875 0.590937490625
38 0.349258559375 0.59313969375 0.33790556562499996 0.5262644421875 0.30981217656250004 0.529320890625 0.3201340140625 0.5953777671875 0.349258559375 0.59313969375
41 0.3189045265625 0.5954853328125 0.310199865625 0.5283011015625 0.2802509296875 0.5312871734375 0.28937019375 0.59775924375 0.3189045265625 0.5954853328125
42 0.2886043859375 0.598446246875 0.27996556250000004 0.5309462609375 0.251999915625 0.5340688124999999 0.2602725640625 0.6003049578125 0.2886043859375 0.598446246875