11 0.21171875 0.14140625 0.1078125 0.140625
10 0.30859375 0.1515625 0.1125 0.14375
9 0.40390625 0.16953125 0.109375 0.1421875
20 0.5625 0.19453125 0.1125 0.1390625
20 0.65390625 0.209375 0.10625 0.140625
19 0.74296875 0.2171875 0.109375 0.146875
19 0.84296875 0.23046875 0.125 0.15
2 0.1765625 0.30078125 0.0765625 0.09375
3 0.24609375 0.31015625 0.0734375 0.0953125
3 0.3140625 0.3203125 0.078125 0.1015625
14 0.3921875 0.321875 0.1 0.128125
14 0.47890625 0.334375 0.10625 0.13125
14 0.56484375 0.346875 0.103125 0.1265625
13 0.65625 0.35703125 0.10625 0.1421875
13 0.7453125 0.37109375 0.1046875 0.140625
13 0.8375 0.3875 0.109375 0.1390625
0 0.35234375 0.44296875 0.0828125 0.0890625
1 0.4390625 0.46171875 0.1171875 0.0828125
28 0.52734375 0.46796875 0.078125 0.0890625
29 0.61015625 0.48671875 0.1125 0.08125
4 0.70234375 0.4921875 0.084375 0.0921875
5 0.7953125 0.5140625 0.11875 0.08125
15 0.3421875 0.546875 0.0953125 0.1
23 0.425 0.55859375 0.0890625 0.1
24 0.32265625 0.653125 0.075 0.0859375
24 0.38671875 0.66328125 0.0734375 0.0828125
24 0.45078125 0.67578125 0.0796875 0.0828125
26 0.515625 0.684375 0.0578125 0.071875
30 0.57265625 0.690625 0.078125 0.0875
12 0.640625 0.7 0.078125 0.0859375
16 0.71015625 0.7125 0.0796875 0.0859375
6 0.78203125 0.725 0.078125 0.0859375
25 0.2234375 0.8125 0.1125 0.075
25 0.2203125 0.871875 0.1109375 0.0734375
25 0.3234375 0.88515625 0.1078125 0.0734375
25 0.42734375 0.90078125 0.1109375 0.0765625
25 0.434375 0.8421875 0.109375 0.071875
25 0.32890625 0.8265625 0.1125 0.0734375
25 0.34140625 0.7609375 0.1109375 0.0765625
31 0.5375 0.859375 0.109375 0.075
31 0.528125 0.9171875 0.10625 0.0734375
31 0.546875 0.7890625 0.10625 0.075
17 0.62734375 0.934375 0.1109375 0.0734375
17 0.6390625 0.878125 0.1078125 0.0734375
7 0.728125 0.9484375 0.10625 0.071875
7 0.74140625 0.89296875 0.1140625 0.075
34 0.53984375 0.5796875 0.0609375 0.0890625
33 0.58671875 0.5875 0.0484375 0.0875
37 0.66015625 0.6 0.0484375 0.0859375
39 0.69609375 0.6046875 0.0484375 0.0859375
38 0.73359375 0.61171875 0.046875 0.0875
18 0.48984375 0.56640625 0.0609375 0.078125
18 0.621875 0.5875 0.0453125 0.075
18 0.771875 0.61015625 0.0453125 0.075
42 0.8172933953125 0.6671910984375 0.8371587234375 0.5874455765625 0.8048544953125001 0.5808488765625001 0.78377665 0.6628693765625 0.8172933953125 0.6671910984375