14 0.16273994375 0.029760307812499998 0.025321732812499997 0.030218159374999998 0.0209887265625 0.20603290312500003 0.1602639390625 0.2042015 0.16273994375 0.029760307812499998
19 0.28545957187500004 0.0311338609375 0.1604798015625 0.0275412015625 0.151618615625 0.20694860624999997 0.3026570140625 0.20694860624999997 0.3056478734375 0.0320495625 0.28545957187500004 0.0311338609375
13 0.44846140781250005 0.012819825000000002 0.2959275796875 0.015566931249999999 0.3051882390625 0.1916744734375 0.45013440625 0.191138853125 0.44956461562500005 0.19060323125 0.44846140781250005 0.012819825000000002
20 0.7125 0.10546875 0.15625 0.2015625
19 0.85703125 0.10703125 0.1515625 0.1984375
13 0.17045858281249998 0.4376947484375 0.1615211765625 0.24842134374999997 0.026519290625000004 0.25468406718750003 0.030189253125 0.437066565625 0.17045858281249998 0.4376947484375
13 0.160580396875 0.25816335625 0.1661148390625 0.440826109375 0.30365911562500003 0.44028029062499996 0.297823996875 0.2571195703125 0.160580396875 0.25816335625
8 0.310695259375 0.23067696249999997 0.314458378125 0.4286485921875 0.452282603125 0.42830066406249995 0.45431744687500003 0.3015545046875 0.4551049421875 0.23311246562500001 0.310695259375 0.23067696249999997
9 0.44946026406249995 0.42934445 0.58822526875 0.428996521875 0.58822526875 0.2386793296875 0.45087143437500005 0.2348521109375 0.44946026406249995 0.42934445
10 0.6890625 0.35390625 0.14375 0.175
11 0.8296875 0.34921875 0.1453125 0.1875
1 0.7414219953125001 0.61489266875 0.8985065109375 0.617570771875 0.9035046546875 0.5195521671875001 0.7442780765625 0.5163384421874999 0.7414219953125001 0.61489266875
0 0.74356750625 0.6132858062500001 0.7442780765625 0.5029479234374999 0.6471712843749999 0.49598485312499996 0.6393170593749999 0.6132858062500001 0.74356750625 0.6132858062500001
29 0.6393170593749999 0.6138214265624999 0.6393170593749999 0.61489266875 0.644315203125 0.517409684375 0.488658728125 0.5147315796874999 0.4893727484375 0.6122145640625 0.6393170593749999 0.6138214265624999
5 0.39155193593750004 0.5152672015624999 0.23660948125 0.5131247171875 0.2358954609375 0.6106077015625 0.388695853125 0.6127501843750001 0.39155193593750004 0.5152672015624999
28 0.4879447078125 0.6122145640625 0.4893727484375 0.4933067484375 0.3865537921875 0.49491361093749997 0.3901238953125 0.61167894375 0.4879447078125 0.6122145640625
4 0.2329977828125 0.4756312625 0.14517325781249998 0.47723812499999996 0.1444592375 0.6063227359375001 0.235853865625 0.6073939765625 0.2329977828125 0.4756312625
12 0.145887278125 0.5982884234375 0.1466012984375 0.599359665625 0.1437452171875 0.4884861609375 0.060204815625 0.487950540625 0.06306089687500001 0.597752803125 0.145887278125 0.5982884234375
16 0.86015625 0.71953125 0.10625 0.125
6 0.802147465625 0.7777213890625 0.8057175687499999 0.7798638718750001 0.8135717953125001 0.66416978125 0.711466859375 0.6604204359375 0.7071827359375 0.7761145265625 0.802147465625 0.7777213890625
6 0.7107528390625 0.655064228125 0.6143600671875 0.65131488125 0.61221800625 0.7712939390625 0.7087044171875 0.7745076640625 0.7107528390625 0.655064228125
30 0.56328125 0.7171875 0.109375 0.11875
24 0.5151112140625 0.655064228125 0.42157452500000003 0.6523861234375 0.41657638124999996 0.771829559375 0.5051149265625 0.7745076640625 0.5130242890625001 0.7648664890625 0.5151112140625 0.655064228125
24 0.42300256562499994 0.65452860625 0.32375371249999996 0.65292174375 0.3158994859375 0.773436421875 0.416612828125 0.7755789046875 0.42300256562499994 0.65452860625
24 0.27578125 0.709375 0.1 0.1265625
3 0.1921875 0.7 0.0921875 0.1234375
2 0.10859375 0.70078125 0.0875 0.121875
17 0.8231639656249999 1 0.9135727515625 0.997861534375 0.91224031875 0.9973259125 0.924283059375 0.9201965187500001 0.7600583375000001 0.9169827937499999 0.7551553328125 1 0.8231639656249999 1
7 0.7543946796875 0.999990190625 0.7614863781250001 0.9196608984375001 0.6051158828125 0.9132334484375001 0.5986896984375 0.9989327749999999 0.7543946796875 0.999990190625
31 0.597272546875 1 0.60221131875 0.9105553453124999 0.4415567 0.9100197234375 0.44512680312499997 0.997861534375 0.5463276234375 1 0.597272546875 1
31 0.4494639546875 0.8344971921875001 0.44268237343749994 0.893012153125 0.6015705765625 0.894097221875 0.6030417625 0.893012153125 0.5922150312500001 0.835568434375 0.4494639546875 0.8344971921875001
25 0.44303650625 0.9983971546875001 0.44369876250000007 0.9994683953125 0.44441278281249996 0.9105553453124999 0.2887563078125 0.904663515625 0.29089836875 0.9935765671875 0.44303650625 0.9983971546875001
25 0.2834521828125 0.893012153125 0.43974 0.894097221875 0.455923403125 0.835074296875 0.3109772359375 0.8340030546874999 0.2834521828125 0.893012153125
25 0.2886885734375 0.9084128609375 0.1316040578125 0.903592275 0.1366022015625 0.9892916015625 0.28797455312500003 0.9941121875000001 0.2886885734375 0.9084128609375
27 0.06875 0.9421875 0.1375 0.1078125
17 0.7442757203125 0.8463541671874999 0.7722282734375 0.8995225687499999 0.9340588500000001 0.8995225687499999 0.891394425 0.8474392359375 0.7442757203125 0.8463541671874999
7 0.5971570140625 0.8420138890625 0.6000993890624999 0.894097221875 0.758987590625 0.8984375 0.739862159375 0.844184028125 0.5971570140625 0.8420138890625
18 0.1206018359375 0.9076454859374999 0.15493540156250002 0.86018728125 0.037478467187499996 0.8561194359375 0.0049476703125 0.9028601453125 0.1206018359375 0.9076454859374999