13 0.9250181796874999 0.29472175 0.9526620375 0.1865925453125 0.863957384375 0.169060746875 0.8362973546875001 0.274238934375 0.9250181796874999 0.29472175
13 0.8362973546875001 0.274238934375 0.8651417562500001 0.163219290625 0.7797827296875 0.13864014062500002 0.746507621875 0.253509340625 0.8362973546875001 0.274238934375
14 0.7454387125 0.25326256406250003 0.7740225828125 0.143238640625 0.6946392171875 0.117292840625 0.6609936046875 0.233766875 0.7454387125 0.25326256406250003
14 0.6586705375 0.23407572187499998 0.6905640578125001 0.11446790625 0.6055478875 0.0984148578125 0.5719023562500001 0.214888909375 0.6586705375 0.23407572187499998
23 0.8769334265625 0.43337859375 0.900084509375 0.34542933124999997 0.8185119453125 0.3258946421875 0.7947116546874999 0.4133095765625 0.8769334265625 0.43337859375
15 0.795637003125 0.4124365 0.8140458765625 0.322171884375 0.73249708125 0.3065798671875 0.711445475 0.3946293453125 0.795637003125 0.4124365
8 0.7111155890624999 0.3929231953125 0.7379235093750001 0.2794830671875 0.654287403125 0.25972719375 0.627372984375 0.3763063484375 0.7111155890624999 0.3929231953125
9 0.6259986718749999 0.3759890640625 0.6521490015625 0.2590016890625 0.5632516 0.23707993125 0.53678615625 0.3548494078125 0.6259986718749999 0.3759890640625
10 0.537592403125 0.3544922015625 0.561152234375 0.245459928125 0.480022340625 0.22764489999999998 0.45399632343749996 0.3341058796875 0.537592403125 0.3544922015625
11 0.455132459375 0.3354548234375 0.4805665515625 0.22210384843750003 0.40218912968750004 0.20424237500000003 0.3747340328125 0.31689338437500003 0.455132459375 0.3354548234375
3 0.3724616640625 0.314195453125 0.3895514125 0.2282422515625 0.3289840578125 0.21722486875000002 0.3107357984375 0.299401571875 0.3724616640625 0.314195453125
2 0.3103785234375 0.3009490984375 0.3287765734375 0.220999 0.2758341 0.2060409015625 0.2579431 0.286670134375 0.3103785234375 0.3009490984375
1 0.498790190625 0.45359119999999997 0.5106080640624999 0.389908575 0.415741640625 0.368131484375 0.40294420000000003 0.4298333796875 0.498790190625 0.45359119999999997
28 0.5672960265625 0.4672336453125 0.584304825 0.396062453125 0.5189260640625 0.3789135484375 0.500072796875 0.4511706578125 0.5672960265625 0.4672336453125
29 0.6770044390625001 0.49364849375000003 0.6946326734375 0.43171522968750004 0.5948811625 0.40731578749999997 0.577484428125 0.47012916562499996 0.6770044390625001 0.49364849375000003
4 0.742972384375 0.50887839375 0.761935334375 0.4302839609375 0.69695684375 0.4134952140625 0.67631723125 0.49348983906250005 0.742972384375 0.50887839375
5 0.8443156828125 0.533905328125 0.8603158390625 0.4706449765625 0.7615053031250001 0.447413990625 0.7436595390625 0.5090370359375 0.8443156828125 0.533905328125
12 0.81460268125 0.6437959859375 0.8342647812499999 0.5678040453125 0.7687706015625 0.5538884734375 0.750009046875 0.628883371875 0.81460268125 0.6437959859375
40 0.7499173421875 0.6261455437500001 0.7671627 0.5448458109375001 0.7361986453125 0.538218678125 0.7162461875 0.6183719453125 0.7499173421875 0.6261455437500001
6 0.8066440328125 0.66392195 0.7386263609375 0.6468363140625 0.7252431203125 0.723616215625 0.791660040625 0.7400364374999999 0.8066440328125 0.66392195
16 0.7214773531249999 0.72111683125 0.736335715625 0.6470112218749999 0.675077209375 0.6305348265624999 0.6575709265625 0.7063628703125 0.7214773531249999 0.72111683125
30 0.6561965625 0.7060455734375 0.6727859140625 0.628266959375 0.609915509375 0.6149477390625 0.5926473984375 0.68974414375 0.6561965625 0.7060455734375
26 0.5894497578125 0.687919203125 0.6006588390625 0.6231542453125 0.5616126218749999 0.614119440625 0.5483388734375 0.677884684375 0.5894497578125 0.687919203125
24 0.5474135359375001 0.6787577203125 0.56538180625 0.6034707671875 0.5014623140625 0.589366025 0.48649391406250003 0.66360665 0.5474135359375001 0.6787577203125
24 0.4821327453125 0.6636864625000001 0.49993133125 0.5890391078125 0.4365114640625 0.576000928125 0.41891342187499997 0.64909113125 0.4821327453125 0.6636864625000001
24 0.41891342187499997 0.64909113125 0.43418330312500003 0.5758962953125 0.3715879421875 0.5593821625000001 0.3545580234375 0.6331468499999999 0.41891342187499997 0.64909113125
7 0.765763746875 0.8370738093750001 0.6678861765625 0.8121667218749999 0.6546945328125 0.8661709640625 0.7524829515625 0.8909205734375 0.765763746875 0.8370738093750001
7 0.7538281437500001 0.8926926984374999 0.6553816890624999 0.8663296078125 0.6434179328125 0.9244206515625001 0.7395021140625 0.9471467562500001 0.7538281437500001 0.8926926984374999
17 0.666390290625 0.8127740937500001 0.5713256343750001 0.7915039734375 0.5559260515625 0.8488017749999999 0.6535036296875 0.8713293343749999 0.666390290625 0.8127740937500001
17 0.6558755984375 0.8700785718749999 0.55936188125 0.8495949984375001 0.54363235 0.905186678125 0.6430332734374999 0.9292218359375 0.6558755984375 0.8700785718749999
31 0.5667192765625 0.7897632265625 0.47159482812500003 0.7657626468750001 0.4598692546875 0.822822015625 0.5550280453124999 0.8464211421875 0.5667192765625 0.7897632265625
31 0.5374478453125 0.9037588718749999 0.5520571984375 0.84543143125 0.456882403125 0.8232190921875 0.44366337031249997 0.8804770109375 0.5374478453125 0.9037588718749999
25 0.459910278125 0.7623893359375 0.365111403125 0.7379190125 0.3531476890625 0.7960101078124999 0.45069789531250004 0.8217912859375 0.459910278125 0.7623893359375
25 0.433145084375 0.8758753390624999 0.44666911093749995 0.8197431296875 0.35120526875 0.7950183015625 0.3390306140625 0.8508873234375001 0.433145084375 0.8758753390624999
25 0.34591876718750003 0.7959711281249999 0.3573974421875 0.73600729375 0.2638872484375 0.7123762640625 0.2506407828125 0.77288780625 0.34591876718750003 0.7959711281249999
25 0.334788590625 0.8504512984374999 0.3471468765625 0.7960878390625 0.252583209375 0.77387959375 0.2421675734375 0.8252647484375 0.334788590625 0.8504512984374999
27 0.2474431296875 0.7710629234375 0.2581727625 0.711063153125 0.16311191249999998 0.688023775 0.153209621875 0.7465907484375001 0.2474431296875 0.7710629234375
27 0.2391807734375 0.8256618375 0.24893020625 0.7706976437499999 0.15939418125 0.7480185671874999 0.14883212031249998 0.8031732390625 0.2391807734375 0.8256618375
42 0.735140840625 0.5401511015625 0.7025587062499999 0.5327502328125 0.6805309390625001 0.6089606421875 0.7143062765625 0.616282884375 0.735140840625 0.5401511015625
41 0.7008170781249999 0.5310389843750001 0.6668992953124999 0.522615959375 0.646258496875 0.601048225 0.6799296781249999 0.6088218296875 0.7008170781249999 0.5310389843750001
38 0.644558915625 0.6001804374999999 0.6638472890625 0.5230977625000001 0.6317130265625 0.5159188109375 0.6114890421875 0.59254565625 0.644558915625 0.6001804374999999
39 0.6105751640625 0.5937609296875 0.6286415171875 0.51437594375 0.5963422656249999 0.507277403125 0.5770081859375 0.5855359765625 0.6105751640625 0.5937609296875
37 0.5760140781249999 0.584355615625 0.59569123125 0.5061748453125 0.5631681875 0.5000939875 0.5435454656250001 0.5768596453125 0.5760140781249999 0.584355615625
35 0.5420303265624999 0.5779361078125 0.56084675 0.4993182140625 0.529601259375 0.4918690265625 0.5098743296875 0.5690860515625 0.5420303265624999 0.5779361078125
33 0.5074692390625 0.5685307921875 0.5247589687499999 0.49098669375000004 0.492611109375 0.4847554359375 0.4741107109375 0.5594031484374999 0.5074692390625 0.5685307921875
34 0.4714972140625 0.5597505890625001 0.4907964953125 0.4837397640625 0.4470187734375 0.47375419062499996 0.428309965625 0.54930461875 0.4714972140625 0.5597505890625001
36 0.42339557968749997 0.5486454515625 0.443431284375 0.47280464375 0.400536475 0.4611212578125 0.37599945468749996 0.5372277859375 0.42339557968749997 0.5486454515625