19 0.353125 0.23125 0.140625 0.1796875
13 0.228125 0.26953125 0.1296875 0.1515625
9 0.15703125 0.28671875 0.09375 0.140625
41 0.3680537109375 0.3543378046875 0.3821692609375 0.4518651546875 0.413798140625 0.448976053125 0.40238094531249996 0.34932995624999996 0.3680537109375 0.3543378046875
40 0.33244043749999996 0.3619076390625 0.3496028953125 0.4536399109375 0.3814338703125 0.45173575781249997 0.3635693109375 0.3562064453125 0.33244043749999996 0.3619076390625
43 0.3081128421875 0.36433227343749996 0.32211212968749997 0.4577674421875 0.3497279875 0.4538977875 0.3353410515625 0.360375640625 0.3081128421875 0.36433227343749996
44 0.28048691406250004 0.3692888921875 0.29348570625 0.4587047390625 0.323083565625 0.457730328125 0.3110319453125 0.3637117984375 0.28048691406250004 0.3692888921875
45 0.25089807343750004 0.37649364687500003 0.2669402703125 0.4629744953125 0.294526821875 0.4583075390625 0.28027547343750003 0.3711647421875 0.25089807343750004 0.37649364687500003
35 0.226682053125 0.3802677421875 0.244931165625 0.46490737343750005 0.2690500328125 0.4618919015625 0.25206575625 0.3762454484375 0.226682053125 0.3802677421875
33 0.2049874671875 0.384421346875 0.2195594671875 0.4682413203125 0.2451385921875 0.464228078125 0.225607509375 0.38095386875 0.2049874671875 0.384421346875
37 0.18261600625000002 0.3882610921875 0.1970788453125 0.473528034375 0.2203134109375 0.47087801249999994 0.207695128125 0.3856767171875 0.18261600625000002 0.3882610921875
32 0.1594492078125 0.3941008015625 0.17392975 0.47313594062500003 0.197290340625 0.4716521828125 0.18366528124999998 0.39032669375 0.1594492078125 0.3941008015625
7 0.34148008124999996 0.5155713296875 0.3560040390625 0.5806220843750001 0.44200178437500004 0.5779686374999999 0.43135551093749996 0.5106572265625 0.34148008124999996 0.5155713296875
29 0.26239274218749997 0.5195655421875001 0.2750100453125 0.5827387390625 0.351288575 0.5789412921875 0.341293909375 0.5146954546875 0.26239274218749997 0.5195655421875001
5 0.196496521875 0.5253331484375 0.208145271875 0.584597434375 0.2726919359375 0.5823734640625 0.263348878125 0.52119320625 0.196496521875 0.5253331484375
31 0.47791970156249997 0.6892278140625 0.4653788203125 0.62479189375 0.3824414578125 0.625027190625 0.39234304062500003 0.688835096875 0.47791970156249997 0.6892278140625
24 0.332900459375 0.615875234375 0.3413224546875 0.6880641546875 0.3918523375 0.6893971171875 0.387001815625 0.614903340625 0.332900459375 0.615875234375
23 0.27016020625000003 0.6163947609375 0.27993934375 0.6877282 0.3401116125 0.6871208875 0.3347450171875 0.615940890625 0.27016020625000003 0.6163947609375
15 0.2270078453125 0.6200743671875 0.2346141984375 0.68329269375 0.281017921875 0.681830325 0.2724702 0.6186501125 0.2270078453125 0.6200743671875
25 0.2337438578125 0.7895618015625 0.24969451718750002 0.8403441640624999 0.3172921890625 0.8496164796875 0.3076870484375 0.7958155390625 0.2337438578125 0.7895618015625
25 0.3075008734375 0.7949396515625 0.318614859375 0.85246136875 0.3946624171875 0.8633808437500001 0.3854802640625 0.8058281796875001 0.3075008734375 0.7949396515625
27 0.384896421875 0.8059522781249999 0.398022675 0.8644083671875 0.48165310625 0.8764734953125 0.46859566406250003 0.8179136515625001 0.384896421875 0.8059522781249999