15 1 0.0532072640625 0.897237925 0.0588845765625 0.8991287218749999 0.1954435265625 1 0.196070528125 1 0.0532072640625
23 0.9026313796875 0.19766380781249998 0.91086853125 0.0452995484375 0.7774835078125 0.0478561796875 0.771588371875 0.1948695640625 0.9026313796875 0.19766380781249998
14 0.6304074265625 0.195617440625 0.630184303125 0.027237365625 0.5082350265625 0.02356189375 0.5065120609375 0.1945163140625 0.6304074265625 0.195617440625
14 0.690625 0.1109375 0.1390625 0.175
14 0.4515625 0.196875 0.1171875 0.1703125
19 0.33828125 0.1953125 0.13125 0.16875
13 0.22109375 0.1890625 0.13125 0.1640625
13 0.4421875 0.39375 0.1390625 0.175
13 0.3203125 0.39609375 0.1328125 0.165625
8 0.190625 0.3796875 0.13125 0.171875
9 0.0890625 0.37890625 0.115625 0.16875
38 1 0.24430002968750003 0.962691103125 0.24285479843750002 0.9569226828125 0.37018658437499996 1 0.3712454375 1 0.24430002968750003
32 0.9625473328125 0.2448196828125 0.9101816453125 0.2434974171875 0.901777359375 0.369333253125 0.9551890937499999 0.36873791875 0.9635224156250001 0.244256175 0.9625473328125 0.2448196828125
39 0.8492535765625 0.36918516874999996 0.9035109484375001 0.37078191562499996 0.9076167453125 0.2406473765625 0.8524359406249999 0.24047109375 0.8492535765625 0.36918516874999996
42 0.802562346875 0.2426096625 0.794507784375 0.3663160640625 0.8476407609375001 0.3664960734375 0.8540275984375001 0.2446279359375 0.802562346875 0.2426096625
46 0.7466211953124999 0.23967791093750002 0.7426990640625 0.36495820625 0.79502485625 0.3691698296875 0.8006868296875 0.24386917968750002 0.7466211953124999 0.23967791093750002
35 0.9266001359375 0.4135989953125 0.9202232640625001 0.5344259124999999 0.973695996875 0.5335177078125 0.9799054234375 0.41503479531250004 0.9266001359375 0.4135989953125
35 0.8715257781249999 0.41139157343750005 0.865477471875 0.5315568078124999 0.918444225 0.5346955140625 0.92479558125 0.41350442187500003 0.8715257781249999 0.41139157343750005
35 0.8164159359375001 0.4098611984375 0.8155846890625 0.5293048734375 0.8679167328125 0.5320474796875 0.8696857421875 0.411974046875 0.8164159359375001 0.4098611984375
36 0.7496119828125 0.4070390578125 0.7390227984375 0.5271918015625 0.8119400999999999 0.529792775 0.8190163187499999 0.41203419375 0.7496119828125 0.4070390578125
33 0.9164698843749999 0.572368175 0.9121361703125 0.6887368515625 0.9112337 0.6895442828125 0.9635657453125 0.6922868890625 0.97053551875 0.57655944375 0.9164698843749999 0.572368175
33 0.8659069109375 0.5703971859375 0.8628047953125 0.686151503125 0.9129672890625 0.6909929453125 0.9155321265625 0.5729979328125 0.8659069109375 0.5703971859375
37 0.8648272203125 0.573735125 0.8188465953125 0.570646478125 0.8110455109375 0.6849725453125 0.8598039312499999 0.6868489624999999 0.8648272203125 0.573735125
34 0.7502735703125001 0.5670527187500001 0.7388038234375001 0.6810102109375 0.8083741625 0.6841536421875001 0.8179088359375 0.5712762359375 0.7502735703125001 0.5670527187500001
40 0.73258041875 0.7147569015624999 0.7258804921875 0.8247894421874999 0.77461744375 0.8276214453125 0.7784900796875001 0.7191996390625001 0.73258041875 0.7147569015624999
41 0.8224748749999999 0.830278740625 0.8282230296875 0.7205974171875 0.7776955375 0.7179493828125 0.7719473828125001 0.8276307062500001 0.8224748749999999 0.830278740625
45 0.8227345359375 0.83032619375 0.8710040109375001 0.833102171875 0.8773634781249999 0.7221244546875 0.8286578499999999 0.718348703125 0.8227345359375 0.83032619375
44 0.9197735671875 0.8356580765625001 0.92708894375 0.727176853125 0.88000896875 0.723486296875 0.8709827000000001 0.8335087874999999 0.9197735671875 0.8356580765625001
43 0.9690850093750001 0.8382423796875 0.9738188265625001 0.727179465625 0.928863765625 0.7244157375 0.9218132453125 0.8382113671875 0.9690850093750001 0.8382423796875
27 0.5166180421875 0.8973572234375 0.516001603125 0.972937959375 0.6491970031250001 0.9907447046875 0.65560519375 0.9099417546874999 0.5166180421875 0.8973572234375
27 0.513461153125 0.9783305656250001 0.51701075625 0.9002319328124999 0.3840908765625 0.8859267093750001 0.384833725 0.9650657656250001 0.513461153125 0.9783305656250001
25 0.25611475625 0.8694306734374999 0.2591994578125 0.9439912484375 0.38296739999999996 0.9580329921875 0.38736636406249997 0.8844639296875 0.25611475625 0.8694306734374999
25 0.254272675 0.851346803125 0.3775089359375 0.8651916249999999 0.404195178125 0.8225550703125 0.28855165625 0.810378459375 0.254272675 0.851346803125
25 0.131843709375 0.85598645 0.1356121171875 0.9309929265625 0.2576338953125 0.94412535625 0.2539046 0.8701303093750001 0.131843709375 0.85598645
25 0.133200278125 0.8387520109375 0.25815746562499997 0.851189759375 0.28915746875 0.8091870109375 0.1739919 0.7982586484375 0.133200278125 0.8387520109375
31 0.012921504687499998 0.8248401890625001 0.1240046484375 0.83967405 0.17676525 0.797180796875 0.0725226015625 0.7851939484375 0.012346103125 0.824036690625 0.012921504687499998 0.8248401890625001
31 0.13002626875 0.85956079375 0.012257829687500001 0.8464573578125 0.0189309546875 0.916121625 0.13396866406250002 0.9294896828124999 0.13002626875 0.85956079375
31 0.13451253125 0.9308917343750001 0.0203439015625 0.918335671875 0.027514378125 0.9750986796875001 0.14245026875 0.9818140890624999 0.13451253125 0.9308917343750001
29 0.01178266875 0.52195643125 0.015194182812500002 0.5969925703125 0.1283441546875 0.6059260265625 0.1295159703125 0.5283550671875 0.01178266875 0.52195643125
28 0.142915321875 0.5065828453125001 0.1245301109375 0.6042480703125 0.2054083359375 0.6096575546875 0.21979592656250002 0.513817271875 0.142915321875 0.5065828453125001
5 0.2057076546875 0.61312150625 0.3328745265625 0.6195721203125 0.33015366875 0.5374707125 0.20164839843750001 0.5324922953125 0.2057076546875 0.61312150625
4 0.4257677484375 0.623776575 0.42832388593750004 0.5256384046875 0.338045340625 0.5209071062499999 0.3329969140625 0.6172368359375 0.4257677484375 0.623776575
12 0.43271485 0.6140460437499999 0.5178737203125 0.6187299421875 0.526188171875 0.5196442828125 0.445309946875 0.5142347859374999 0.43271485 0.6140460437499999
18 0.42284978906250004 0.6236236515625 0.50328364375 0.62908829375 0.5118734640625 0.5247482734375 0.43407772031249997 0.5200857609375 0.42284978906250004 0.6236236515625
18 0.41168883125000005 0.8477535968750001 0.531067915625 0.85837070625 0.543633053125 0.8121956078125001 0.4324943390625 0.8034439921875001 0.41168883125000005 0.8477535968750001
18 0.375377065625 0.8669196234375001 0.524366965625 0.8819960984374999 0.537985740625 0.8306074375 0.4051474328125 0.8189623062500001 0.375377065625 0.8669196234375001
2 0.46640625 0.71171875 0.084375 0.1078125
3 0.39453125 0.70390625 0.0828125 0.1078125
24 0.31640625 0.7046875 0.090625 0.1109375
24 0.23515625 0.70078125 0.0921875 0.10625
24 0.16171875 0.69375 0.0859375 0.10625
30 0.0875 0.68984375 0.084375 0.1015625
43 0.02578125 0.68359375 0.0515625 0.0953125