9 0.67421875 0.1515625 0.1640625 0.2125
11 0.54453125 0.1546875 0.15 0.19375
19 0.42265625 0.13671875 0.153125 0.203125
20 0.29375 0.115625 0.153125 0.2125
20 0.15859375 0.10390625 0.1671875 0.2078125
8 0.76484375 0.384375 0.140625 0.184375
10 0.6546875 0.3765625 0.1328125 0.165625
13 0.52109375 0.3640625 0.1375 0.1796875
13 0.40078125 0.3484375 0.1515625 0.1859375
14 0.27890625 0.33203125 0.1421875 0.1828125
14 0.16640625 0.31640625 0.13125 0.178125
12 0.75625 0.57421875 0.103125 0.1171875
5 0.64921875 0.56484375 0.1375 0.103125
4 0.546875 0.53984375 0.096875 0.11875
29 0.4421875 0.53828125 0.1390625 0.103125
28 0.33671875 0.51640625 0.0984375 0.1125
1 0.2328125 0.5109375 0.13125 0.0953125
0 0.1234375 0.48359375 0.1015625 0.1109375
30 0.73359375 0.70234375 0.103125 0.10625
24 0.653125 0.68984375 0.0953125 0.1046875
24 0.57421875 0.6765625 0.09375 0.1203125
2 0.503125 0.67109375 0.0921875 0.1265625
3 0.428125 0.65859375 0.0984375 0.125
3 0.35078125 0.64609375 0.0984375 0.128125
6 0.19453125 0.628125 0.0953125 0.121875
6 0.10859375 0.61796875 0.1 0.115625
31 0.68515625 0.82421875 0.1359375 0.0875
31 0.6703125 0.88828125 0.1296875 0.084375
24 0.571875 0.86484375 0.09375 0.10625
25 0.48671875 0.79453125 0.13125 0.090625
25 0.47890625 0.86015625 0.125 0.0796875
27 0.36953125 0.7765625 0.1296875 0.090625
27 0.36484375 0.84296875 0.1265625 0.0828125
17 0.24765625 0.828125 0.125 0.0796875
17 0.2515625 0.75859375 0.125 0.0875
7 0.1328125 0.81015625 0.121875 0.090625
7 0.0822867859375 0.7015482859375 0.08298355625 0.7634350109375 0.1941394859375 0.7829825031250001 0.1936295 0.71400645625 0.0822867859375 0.7015482859375