19 0.315625 0.16015625 0.128125 0.1578125
19 0.4203125 0.18046875 0.1234375 0.1625
20 0.51484375 0.2015625 0.115625 0.153125
20 0.60859375 0.2140625 0.11875 0.1546875
8 0.703125 0.22890625 0.128125 0.1609375
9 0.8046875 0.2453125 0.128125 0.1625
10 0.91015625 0.26328125 0.125 0.165625
11 0.9703125 0.2796875 0.059375 0.1625
13 0.30703125 0.3125 0.1109375 0.1453125
13 0.396875 0.33359375 0.1078125 0.1390625
13 0.4828125 0.346875 0.1109375 0.14375
14 0.5734375 0.3671875 0.1140625 0.140625
14 0.665625 0.384375 0.1125 0.1421875
14 0.76328125 0.4015625 0.121875 0.1453125
3 0.83984375 0.42890625 0.090625 0.1109375
3 0.91171875 0.44140625 0.0875 0.1078125
2 0.96640625 0.4546875 0.0671875 0.10625
0 0.753125 0.534375 0.09375 0.0921875
1 0.6578125 0.521875 0.121875 0.0875
28 0.571875 0.49765625 0.0859375 0.09375
29 0.48359375 0.4890625 0.1171875 0.0828125
4 0.39453125 0.46328125 0.0859375 0.0921875
5 0.30234375 0.453125 0.1171875 0.084375
15 0.72421875 0.63046875 0.096875 0.0921875
23 0.64609375 0.61328125 0.096875 0.0921875
24 0.70390625 0.7375 0.084375 0.0890625
24 0.63671875 0.72421875 0.0796875 0.0890625
24 0.56875 0.7078125 0.078125 0.090625
26 0.51328125 0.7015625 0.053125 0.0734375
30 0.4640625 0.68671875 0.0796875 0.0890625
12 0.39765625 0.67421875 0.0765625 0.0859375
16 0.33359375 0.6578125 0.08125 0.0859375
6 0.26640625 0.64296875 0.084375 0.0953125
27 0.82578125 0.93671875 0.115625 0.078125
27 0.81640625 0.9796875 0.1171875 0.040625
25 0.7125 0.965625 0.1125 0.06875
25 0.6109375 0.9484375 0.1140625 0.0765625
25 0.6203125 0.8828125 0.1109375 0.0734375
25 0.51875 0.86953125 0.1109375 0.071875
25 0.5109375 0.92421875 0.1078125 0.0734375
31 0.41875 0.84375 0.1078125 0.071875
31 0.41171875 0.89609375 0.1015625 0.065625
31 0.4296875 0.784375 0.10625 0.075
17 0.31640625 0.875 0.10625 0.071875
17 0.32265625 0.82265625 0.10625 0.0703125
17 0.32734375 0.76015625 0.1078125 0.071875
7 0.22109375 0.85390625 0.1046875 0.0703125
7 0.22421875 0.80078125 0.10625 0.0703125
42 0.26796875 0.53359375 0.0484375 0.0828125
41 0.30546875 0.5421875 0.046875 0.08125
38 0.3502171375 0.5884293953124999 0.3630415171875 0.5143733312500001 0.333070896875 0.5074592625000001 0.3176651390625 0.5817391359374999 0.3502171375 0.5884293953124999
39 0.37421875 0.55625 0.046875 0.0796875
33 0.41015625 0.5609375 0.0484375 0.084375
35 0.446875 0.56953125 0.05 0.0859375
36 0.58125 0.59609375 0.065625 0.0890625