14 1 0.087986396875 0.8920539734374999 0.0743670640625 0.8732524890625 0.2478097484375 1 0.26506691718750003 1 0.087986396875
19 0.770081684375 0.060774618749999995 0.7499322671875001 0.059223159375 0.7315860015625 0.23318302656249998 0.8814985828124999 0.251589978125 0.894567709375 0.0724399421875 0.770081684375 0.060774618749999995
13 0.610526759375 0.0227321671875 0.587765428125 0.19905595468749998 0.5871346078124999 0.19951814375000002 0.73093509375 0.2177142671875 0.7615888359375 0.04404799375 0.610526759375 0.0227321671875
20 0.33671875 0.09609375 0.1796875 0.1921875
19 0.19375 0.08671875 0.175 0.1734375
13 0.9739785046874999 0.49479118906249997 0.999847946875 0.3142153984375 0.8666155796874999 0.29154676562500004 0.834678165625 0.47832015781250004 0.9739785046874999 0.49479118906249997
13 0.7302686921875 0.2835690203125 0.702155390625 0.4646533671875 0.8386079140625 0.4819575484375 0.86636209375 0.3013308140625 0.7302686921875 0.2835690203125
8 0.7207159140625 0.2557549 0.5770858249999999 0.2405731359375 0.5695264640625 0.308600990625 0.5560996703125001 0.43465038749999996 0.692854171875 0.4517922703125 0.7207159140625 0.2557549
9 0.5810757671875 0.24281574843749998 0.44427932812500004 0.22987521875 0.42108549687499996 0.418773815625 0.558773765625 0.43603034999999996 0.5810757671875 0.24281574843749998
10 0.33046875 0.33203125 0.165625 0.1921875
11 0.19140625 0.31015625 0.1671875 0.2046875
1 0.2555515796875 0.48644664843749996 0.0971201984375 0.47023158125000003 0.0901356234375 0.568128690625 0.24637563281250002 0.5846143359375 0.2555515796875 0.48644664843749996
0 0.347915321875 0.5954629125 0.35441503124999996 0.47807911406250003 0.2571834734375 0.473155940625 0.2444419421875 0.5827579796875 0.347915321875 0.5954629125
29 0.347850046875 0.595994540625 0.49687252187500003 0.6126732703125 0.5094614078124999 0.5160039265624999 0.35463879375 0.49969231562500005 0.3477194953125 0.5970577984375 0.347850046875 0.595994540625
5 0.5967337109375 0.625474325 0.74865625625 0.6419694953125 0.7598277453125 0.5451261171875 0.6057791046875 0.5283698968749999 0.5967337109375 0.625474325
28 0.595446865625 0.624237034375 0.613220471875 0.5087771390625 0.5113637390625 0.494651775 0.49828991875 0.6128473046875 0.595446865625 0.624237034375
4 0.7490891953125 0.63878479375 0.8399331328124999 0.6488597421875 0.8549558921875 0.520650290625 0.767981825 0.5083522874999999 0.7490891953125 0.63878479375
12 0.8394948734375 0.64071128125 0.9217691546875001 0.65027365 0.937985478125 0.54163790625 0.8550024984375 0.5319885203125 0.8386556234375 0.641687521875 0.8394948734375 0.64071128125
16 0.115625 0.67421875 0.1203125 0.1375
6 0.166258971875 0.7388287828125 0.2607116765625 0.7488071875 0.27055905 0.633453359375 0.1687582578125 0.6247312953125 0.1624543765625 0.740520209375 0.166258971875 0.7388287828125
6 0.259397165625 0.7470268546875001 0.35555603593749996 0.7555958203124999 0.3680517109375 0.6362500171875001 0.2719205046875 0.6282240921875 0.259397165625 0.7470268546875001
30 0.4109375 0.7078125 0.121875 0.13125
24 0.466103846875 0.6520668093750001 0.45479368750000004 0.761304953125 0.46146913125 0.7718381734374999 0.5496741015625 0.7799701640625 0.55926970625 0.660807921875 0.466103846875 0.6520668093750001
24 0.549180996875 0.783687121875 0.6494047390625 0.7938344765625 0.6562961015625 0.6732609078125 0.5575912078124999 0.6627604 0.549180996875 0.783687121875
24 0.696875 0.73515625 0.1140625 0.1375
3 0.78125 0.7359375 0.10625 0.134375
2 0.8640625 0.746875 0.103125 0.13125
17 0.0276704078125 0.8653573390625 0.030223675 0.9433794640625001 0.0288358984375 0.9437487109375 0.118310178125 0.9568892953124999 0.185811884375 0.9651774625 0.191062678125 0.8821815281250001 0.0276704078125 0.8653573390625
7 0.341241309375 0.9831865562500001 0.3453071453125 0.897342865625 0.189318903125 0.8846656359375 0.18656806406249998 0.9652604265625 0.341241309375 0.9831865562500001
31 0.49392774531250005 1 0.5080388375 0.9140859453125 0.3485164390625 0.8950387015624999 0.34251783593749996 0.984418534375 0.3930830234375 0.990627159375 0.4855259328125 1 0.49392774531250005 1
31 0.5093944046875001 0.8381626953125 0.3675768203125 0.8218289734375 0.3498301625 0.87752506875 0.3511581453125 0.8787813421875 0.50899425625 0.8970679609375001 0.5093944046875001 0.8381626953125
25 0.6496569140624999 1 0.6603530375 0.9273913453124999 0.50513876875 0.9142695062499999 0.49531054062499996 1 0.6496569140624999 1
25 0.646909084375 0.8545495265625 0.5029127718749999 0.8379482890625001 0.5117824609375 0.8985035281249999 0.6670375703125 0.916473240625 0.646909084375 0.8545495265625
25 0.806519334375 1 0.8164644484375 0.9454801312500001 0.6599633359375 0.9311209984375 0.65208799375 1 0.806519334375 1
27 0.8734375 0.96484375 0.15 0.0703125
17 0.069180778125 0.7971504953124999 0.020487006250000002 0.8436461203125001 0.181111321875 0.8633683078125 0.21533511875000003 0.8140027734374999 0.069180778125 0.7971504953124999
7 0.2199802546875 0.8123866890624999 0.194385546875 0.863904959375 0.3526183671875 0.878960634375 0.361886171875 0.8276241078125001 0.2199802546875 0.8123866890624999
18 0.9422659828125 0.9601889890624999 0.9156739249999999 0.909832171875 0.7985967515625 0.8995552953124999 0.8268907000000001 0.9508439640624999 0.9422659828125 0.9601889890624999