8 0.4703125 0.1296875 0.1125 0.153125
9 0.37109375 0.13203125 0.1 0.146875
14 0.396875 0.29375 0.090625 0.121875
14 0.4875 0.2953125 0.1 0.125
14 0.58203125 0.29375 0.1015625 0.1328125
13 0.67109375 0.28828125 0.0984375 0.1359375
13 0.76328125 0.2890625 0.1046875 0.1359375
13 0.8578125 0.28828125 0.109375 0.1328125
19 0.7703125 0.128125 0.1125 0.1515625
19 0.8671875 0.13203125 0.1 0.1390625
3 0.31796875 0.30625 0.075 0.1
2 0.2484375 0.30859375 0.075 0.090625
2 0.1765625 0.30625 0.071875 0.0890625
0 0.37890625 0.42890625 0.0796875 0.0890625
1 0.471875 0.43515625 0.1125 0.075
28 0.5625 0.42734375 0.078125 0.0890625
29 0.659375 0.43203125 0.1140625 0.0765625
6 0.7546875 0.421875 0.0828125 0.0953125
5 0.85 0.42890625 0.125 0.071875
23 0.46796875 0.5421875 0.09375 0.1078125
36 0.540625 0.54453125 0.0546875 0.090625
34 0.5953125 0.54375 0.0609375 0.0921875
33 0.6453125 0.54375 0.0453125 0.0921875
36 0.684375 0.54375 0.0421875 0.0921875
37 0.7234375 0.5421875 0.04375 0.0921875
41 0.7625 0.5421875 0.04375 0.0890625
18 0.80078125 0.54140625 0.040625 0.0890625
44 0.84140625 0.540625 0.040625 0.09375
45 0.8796875 0.5421875 0.0421875 0.0921875
6 0.84609375 0.65078125 0.0765625 0.0921875
16 0.7625 0.65 0.0796875 0.090625
12 0.69140625 0.65234375 0.06875 0.0828125
30 0.62265625 0.653125 0.0734375 0.084375
26 0.5640625 0.6609375 0.053125 0.0765625
24 0.50703125 0.65625 0.071875 0.0890625
24 0.4375 0.65546875 0.06875 0.0875
24 0.3703125 0.6578125 0.075 0.0875
18 0.85078125 0.759375 0.0953125 0.0671875
7 0.7985297375 0.868201571875 0.9060765203125 0.8663243359375 0.9139544671875001 0.80182339375 0.8024087874999999 0.8041868796875 0.7985297375 0.868201571875
7 0.7926960328125 0.9315593390625001 0.9051180078125001 0.9306584687499999 0.908124765625 0.8654106 0.8004494484375 0.8668736328125 0.7926960328125 0.9315593390625001
17 0.740625 0.90078125 0.1078125 0.0671875
17 0.7453125 0.83203125 0.1125 0.0734375
17 0.74609375 0.76328125 0.109375 0.075
31 0.63828125 0.7625 0.1140625 0.0734375
31 0.63515625 0.8359375 0.1109375 0.0734375
31 0.6296875 0.90234375 0.1171875 0.071875
25 0.52265625 0.90859375 0.1171875 0.0703125
25 0.52265625 0.8390625 0.1171875 0.0734375
25 0.52265625 0.7671875 0.1140625 0.071875
25 0.41171875 0.90390625 0.1109375 0.071875
25 0.40859375 0.83828125 0.11875 0.0703125
25 0.409375 0.7703125 0.1125 0.071875
25 0.29921875 0.90859375 0.11875 0.0703125
25 0.29921875 0.83359375 0.1109375 0.065625
27 0.1828125 0.909375 0.1171875 0.06875
18 0.1828125 0.83671875 0.115625 0.06875
10 0.27734375 0.1328125 0.103125 0.1421875
11 0.18046875 0.13125 0.1109375 0.1421875
18 0.625 0.125 0.1859375 0.153125