11 0.9203125 0.27421875 0.11875 0.14375
10 0.8203125 0.2625 0.096875 0.1359375
9 0.7265625 0.25546875 0.1046875 0.1359375
8 0.6375 0.24453125 0.1046875 0.1375
20 0.54921875 0.2328125 0.1015625 0.1375
20 0.446875 0.20390625 0.1234375 0.18125
19 0.34765625 0.203125 0.109375 0.1546875
19 0.2484375 0.20078125 0.109375 0.140625
13 0.2328125 0.346875 0.121875 0.1421875
13 0.325 0.3609375 0.0875 0.125
13 0.41328125 0.3671875 0.1078125 0.1359375
14 0.50546875 0.384375 0.1015625 0.1265625
14 0.5984375 0.39609375 0.1046875 0.1234375
14 0.6953125 0.4078125 0.103125 0.1234375
3 0.76796875 0.43046875 0.0734375 0.0875
3 0.82890625 0.4359375 0.065625 0.0875
2 0.88984375 0.44375 0.06875 0.084375
0 0.68984375 0.53046875 0.078125 0.0828125
1 0.60390625 0.52578125 0.10625 0.075
28 0.521875 0.5125 0.071875 0.078125
29 0.43828125 0.5078125 0.1109375 0.078125
5 0.35078125 0.490625 0.0765625 0.0875
5 0.26015625 0.4875 0.1140625 0.0796875
15 0.66015625 0.62734375 0.0796875 0.0859375
23 0.58359375 0.61796875 0.0828125 0.090625
34 0.4703125 0.60859375 0.0546875 0.08125
42 0.230696971875 0.6210472296875 0.223692634375 0.5435013828125 0.1947362015625 0.5400700109375001 0.1974921328125 0.6171693312500001 0.230696971875 0.6210472296875
41 0.26658011406250004 0.6240428437500001 0.26592492343749996 0.54522468125 0.23109047968750002 0.543503071875 0.233806084375 0.62098608125 0.26658011406250004 0.6240428437500001
33 0.437860940625 0.6418124265625 0.446993775 0.5698419421875001 0.41765109687499996 0.566447559375 0.40673166250000004 0.6388509499999999 0.437860940625 0.6418124265625
33 0.37031541875 0.6350234484375 0.37811779375 0.55980970625 0.34558266249999997 0.5554591 0.33928292656250003 0.6311411171875 0.37031541875 0.6350234484375
39 0.3363232625 0.6314507296875 0.3415961328125 0.5569021515625 0.3095123859375 0.5519783031250001 0.30481707343750003 0.6281392953125 0.3363232625 0.6314507296875
38 0.302362046875 0.6278812609375 0.306872853125 0.552631903125 0.27435591718749996 0.54797286875 0.2700052546875 0.62479076875 0.302362046875 0.6278812609375
24 0.6546875 0.72421875 0.06875 0.0734375
24 0.59453125 0.71796875 0.0671875 0.0734375
24 0.5359375 0.709375 0.0640625 0.0765625
26 0.48515625 0.71171875 0.046875 0.0625
30 0.43515625 0.70078125 0.0671875 0.0765625
12 0.3734375 0.69375 0.0625 0.0703125
16 0.3078125 0.6875 0.06875 0.0734375
6 0.23671875 0.678125 0.075 0.075
27 0.76953125 0.94609375 0.1046875 0.0640625
25 0.67265625 0.934375 0.1046875 0.0625
25 0.68359375 0.8828125 0.103125 0.0625
25 0.57578125 0.92265625 0.096875 0.05625
25 0.5859375 0.875 0.103125 0.0625
25 0.59140625 0.82109375 0.103125 0.065625
25 0.48203125 0.91015625 0.096875 0.0578125
25 0.4890625 0.8625 0.1 0.0625
31 0.3875 0.9015625 0.096875 0.0578125
31 0.3890625 0.8546875 0.1 0.05625
31 0.38984375 0.80703125 0.1046875 0.0578125
17 0.290625 0.89296875 0.09375 0.0578125
17 0.28828125 0.84296875 0.0984375 0.0640625
7 0.19453125 0.8828125 0.1 0.0578125