11 0.2108562890625 0.1947700609375 0.279452775 0.20976160625 0.2924331328125 0.109646184375 0.21695982812499998 0.0969883078125 0.2108562890625 0.1947700609375
10 0.2760607921875 0.20982370625 0.33610584375 0.2228409984375 0.360516459375 0.12198373437500001 0.292554853125 0.10493797812500001 0.2760607921875 0.20982370625
9 0.33220063125 0.22024903906249998 0.40684014062499996 0.2383261265625 0.435611671875 0.1283334890625 0.364140125 0.11196192499999999 0.33220063125 0.22024903906249998
8 0.4043318171875 0.23943740624999998 0.469350990625 0.2552934328125 0.5044934624999999 0.1518427046875 0.4293493296875 0.134407734375 0.4043318171875 0.23943740624999998
20 0.462381703125 0.2562199859375 0.5489646265625 0.2762092296875 0.5850333546875001 0.16874645 0.49977744687500003 0.14644387187500002 0.462381703125 0.2562199859375
20 0.5488219765625 0.2719503859375 0.6289912875 0.2904589296875 0.663805934375 0.18355180937499999 0.5824142515624999 0.16657795 0.5488219765625 0.2719503859375
19 0.625969890625 0.288916215625 0.699355159375 0.3075489109375 0.7434620859375001 0.1994063578125 0.6624298890625 0.1797716734375 0.625969890625 0.288916215625
19 0.7820328734374999 0.3249461953125 0.827436565625 0.211186728125 0.74262495625 0.1982861625 0.6988419296874999 0.30489485156249996 0.7820328734374999 0.3249461953125
14 0.49928522031250006 0.3889815703125 0.530209421875 0.298925071875 0.45493696874999995 0.2796897375 0.4273392828125 0.3689908 0.49928522031250006 0.3889815703125
14 0.43105923749999997 0.3723851921875 0.4562684 0.2826996125 0.3990318515625 0.26572715625 0.3754750765625 0.359552578125 0.43105923749999997 0.3723851921875
14 0.37584558125 0.35794774375 0.4028646546875 0.2652993078125 0.335801521875 0.24690581093750003 0.30729170156249996 0.33789492499999996 0.37584558125 0.35794774375
18 0.771548090625 0.4678968734375 0.809754640625 0.360927634375 0.5413520953125001 0.301751978125 0.5119270390625 0.3927453328125 0.771548090625 0.4678968734375
5 0.6236646265625 0.5329874359375 0.71620555 0.5661847156250001 0.7424132578125 0.5063110656250001 0.6421473203125 0.47495570625 0.6236646265625 0.5329874359375
4 0.62403513125 0.5313826015625 0.6496297203125 0.4595348421875 0.5917445484375 0.44325780937500003 0.5686789078125 0.5126863312500001 0.62403513125 0.5313826015625
29 0.558873315625 0.5112677015625 0.57737080625 0.4555302859375 0.501036234375 0.4275954875 0.47841862187500006 0.484241453125 0.558873315625 0.5112677015625
28 0.47451340468750003 0.481649525 0.4945355109375 0.41443153749999995 0.44459283281250006 0.39767060625 0.42482971249999996 0.4676435703125 0.47451340468750003 0.481649525
1 0.42715277812499997 0.467334721875 0.44332720312499996 0.411906153125 0.3649880546875 0.3887952109375 0.3484654 0.44240686093750003 0.42715277812499997 0.467334721875
0 0.3488359046875 0.4408020296875 0.3659365859375 0.3813613953125 0.31651215625 0.367044984375 0.300221115625 0.42704288281249997 0.3488359046875 0.4408020296875
6 0.6400059437500001 0.751471528125 0.6661706875 0.682030909375 0.6088386578125 0.661236946875 0.582244240625 0.7281890640625 0.6400059437500001 0.751471528125
16 0.582885496875 0.7254114796875 0.6023605171875 0.6579371421875 0.5510596796875 0.6413187453125 0.5299486328125 0.701487525 0.582885496875 0.7254114796875
12 0.5315569140624999 0.7012736859375 0.552739021875 0.6365339953125 0.509243496875 0.61558303125 0.48698732343750006 0.68162198125 0.5315569140624999 0.7012736859375
26 0.441707215625 0.6582954703125 0.455982925 0.606589434375 0.4173156109375 0.595821778125 0.40077882656249997 0.6465058953125 0.441707215625 0.6582954703125
24 0.39225380468750004 0.6462931328125 0.41598172031249997 0.5874073203125 0.3714776734375 0.570619540625 0.347299465625 0.6283079515625001 0.39225380468750004 0.6462931328125
24 0.3486512953125 0.6292051875 0.36941910624999996 0.5696359546875 0.3260484 0.5520905218750001 0.3046934671875 0.610279834375 0.3486512953125 0.6292051875
24 0.3050782203125 0.6086132890625 0.3243365671875 0.5522063265625 0.278448025 0.5345222374999999 0.2629557421875 0.5918670328125 0.3050782203125 0.6086132890625
18 0.477110528125 0.6805119984375 0.504439815625 0.619531984375 0.45525404687500004 0.60458055625 0.43254094218750005 0.6608602703125 0.477110528125 0.6805119984375
27 0.14014555625 0.6916566234375 0.15648355625000002 0.6445226125 0.10255304531250001 0.6167193 0.0888464625 0.6640149125 0.14014555625 0.6916566234375
27 0.1378974765625 0.738532821875 0.14716105 0.695031671875 0.09286775 0.6671142531250001 0.08460535625 0.712771453125 0.1378974765625 0.738532821875
27 0.199872359375 0.7604475046875 0.20795218593749998 0.72544993125 0.14872407031249998 0.6953604046875 0.140660015625 0.7333193453125 0.199872359375 0.7604475046875
18 0.208593440625 0.7226723484375001 0.2221983984375 0.6772478546875 0.16504688125 0.6457668546875001 0.1473880625 0.697424571875 0.208593440625 0.7226723484375001
25 0.282506009375 0.7063842734375 0.2934073671875 0.6591653046875 0.23067671562499997 0.6316792640625 0.22194189843749998 0.6783588734375 0.282506009375 0.7063842734375
25 0.27353877656250003 0.7587306828125 0.2824765296875 0.7098881687499999 0.22239741093749998 0.6802058578125 0.209402778125 0.7292955734375 0.27353877656250003 0.7587306828125
25 0.26376218906250004 0.8044539296875 0.2720587484375 0.7583889921875 0.20917102656250003 0.7290523 0.19766260156249998 0.7733952125 0.26376218906250004 0.8044539296875
25 0.3653003921875 0.7360310796875 0.3774253203125 0.6902648953125 0.3100226734375 0.6595005375 0.297691275 0.7081346515625 0.3653003921875 0.7360310796875
25 0.343338490625 0.7906436421875 0.355621103125 0.740818 0.2908878765625 0.7128308015625 0.2767553875 0.7583030625 0.343338490625 0.7906436421875
25 0.3349431828125 0.8337601078124999 0.34469026875000003 0.7915408421875 0.2784626 0.7582072656250001 0.26971191562499996 0.802316740625 0.3349431828125 0.8337601078124999
31 0.4504534484375 0.779095246875 0.4647290953125 0.7273892203125001 0.39440392968750004 0.6950631734375 0.37843363124999996 0.746669759375 0.4504534484375 0.779095246875
31 0.35431061875 0.7937618750000001 0.4263997078125 0.8326397078125 0.4417706859375 0.78294193125 0.3700016078125 0.750101278125 0.35431061875 0.7937618750000001
31 0.41797490000000004 0.8792601531249999 0.4286197484375 0.8331522453125 0.3572558890625 0.7968657328125001 0.34511630625 0.8437154124999999 0.41797490000000004 0.8792601531249999
17 0.50502071875 0.8736107171875 0.5203916953125 0.8239129406249999 0.44388381875 0.784701990625 0.42688321250000005 0.8339216125 0.50502071875 0.8736107171875
17 0.49363591093750003 0.91954779375 0.5058890359375 0.8732260671875001 0.43110209531250004 0.8358440484375 0.416238371875 0.8800294781250001 0.49363591093750003 0.91954779375
7 0.582903228125 0.958295671875 0.598886028125 0.9093242625 0.5218724296875 0.864840875 0.5056634875 0.914717925 0.582903228125 0.958295671875
18 0.5260155890625 0.81643443125 0.5447211015625 0.75229320625 0.46691615000000003 0.727154640625 0.45042395312499994 0.78259920625 0.5260155890625 0.81643443125
18 0.5998530484375 0.9118880296875 0.6197128171874999 0.8427471656250001 0.5363805859374999 0.810442465625 0.5212909640625 0.86390913125 0.5998530484375 0.9118880296875
18 0.623610459375 0.8494982640625001 0.646470121875 0.7909970828125 0.5543056140625 0.7539089609375 0.5362079328125 0.809425490625 0.623610459375 0.8494982640625001
42 0.6460690078125 0.6497331421875 0.6788023515625 0.6615689687499999 0.703628065625 0.5869553328125 0.6700983859375 0.57740035625 0.6460690078125 0.6497331421875
41 0.6123176328125 0.6395639484375 0.64444966875 0.651260953125 0.671496028125 0.5752583359375001 0.6395630203125 0.5655993031250001 0.6123176328125 0.6395639484375
38 0.581492321875 0.6276932171875 0.610513803125 0.6391475015625 0.6364379265625 0.565262878125 0.6033743109375 0.5542748515625 0.581492321875 0.6276932171875
39 0.55087541875 0.6149197765625 0.57968849375 0.6272767703125 0.6049071046875001 0.5537046828125 0.5782319234375 0.543124940625 0.55087541875 0.6149197765625
37 0.52235104375 0.604055665625 0.5502742031250001 0.6147809750000001 0.5768797390625 0.54343073125 0.549561503125 0.533536221875 0.52235104375 0.604055665625
33 0.46420387500000004 0.5815984546874999 0.4923354 0.5914210359375 0.51530945 0.5220848890625 0.48656731875 0.5148353859375 0.46420387500000004 0.5815984546874999
18 0.5249561453125 0.5927717296874999 0.5451405984375 0.5327752796875 0.5168715781250001 0.5242073796875 0.49902125625 0.584407115625 0.5249561453125 0.5927717296874999
18 0.4299709625 0.5570556453125 0.46401103125 0.5687177390625 0.48555854062500003 0.51379010625 0.4492654921875 0.5014721718749999 0.4299709625 0.5570556453125
18 0.3899421453125 0.5411584796875 0.423773809375 0.55372328125 0.448720525 0.50053123125 0.4148408015625 0.48936712499999996 0.3899421453125 0.5411584796875
18 0.2898678734375 0.5126120000000001 0.384165715625 0.54307558125 0.40897489687500005 0.48577682343750006 0.3035683921875 0.4481339734375 0.2898678734375 0.5126120000000001