9 0.0890625 0.275 0.1390625 0.1734375
13 0.2046875 0.26015625 0.1375 0.1828125
14 0.31640625 0.253125 0.1328125 0.1796875
19 0.43046875 0.2484375 0.13125 0.175
7 0.4046875 0.5796875 0.1328125 0.0890625
29 0.28125 0.5984375 0.13125 0.084375
5 0.15390625 0.609375 0.134375 0.0859375
31 0.43515625 0.69765625 0.121875 0.0796875
24 0.33984375 0.7046875 0.0875 0.0953125
23 0.25 0.7109375 0.103125 0.10625
14 0.15703125 0.71875 0.10625 0.1
25 0.32734375 0.82109375 0.121875 0.078125
25 0.3359375 0.8875 0.1171875 0.0765625
27 0.38619011406250003 0.79207189375 0.39073531875 0.8542267562499999 0.5018141828125 0.83554229375 0.49893215625 0.7742572187500001 0.38619011406250003 0.79207189375
27 0.3893730609375 0.8538728593749999 0.3939534609375 0.9100590140625 0.501844021875 0.8925647296875001 0.49894210625 0.83738583125 0.3893730609375 0.8538728593749999
32 0.0517133328125 0.4148744625 0.0744429640625 0.5207112125 0.12140883281249999 0.51536025 0.0986792015625 0.4095234953125 0.0517133328125 0.4148744625
37 0.09800325 0.40835056875 0.12300557187500001 0.5147777625 0.169511021875 0.51030450625 0.1410997078125 0.4029916296875 0.09800325 0.40835056875
33 0.141948059375 0.40580507343749994 0.1676556421875 0.5084262171875 0.214091540625 0.5028888312500001 0.187734475 0.399748753125 0.141948059375 0.40580507343749994
35 0.19929961875 0.39936251875 0.2131540859375 0.5048881125 0.25692763125 0.5002520546875 0.2487105796875 0.39624251093749996 0.19929961875 0.39936251875
45 0.24778976406250003 0.3979979234375 0.2597457453125 0.5012351046875 0.3030115671875 0.49696300000000004 0.2932451015625 0.39404969218749997 0.24778976406250003 0.3979979234375
44 0.2920656484375 0.393344340625 0.3036043421875 0.497869353125 0.35162034375 0.49199335624999996 0.3379813828125 0.388518403125 0.2920656484375 0.393344340625
43 0.33680195625 0.3878130515625 0.350613290625 0.4929285140625 0.39564394687500004 0.4869160328125 0.381120946875 0.38356959375 0.33680195625 0.3878130515625
40 0.3823865875 0.3850952015625 0.39438570156249997 0.4887425109375 0.438544678125 0.484894284375 0.42998527343750004 0.3805070390625 0.3823865875 0.3850952015625
41 0.4301576984375 0.3821475453125 0.43651821249999995 0.484728865625 0.4806475359375 0.47922544531250005 0.4761165390625 0.377731734375 0.4301576984375 0.3821475453125