3 0.31300876093749996 0.2627627375 0.30163096718750004 0.1348742484375 0.21969914531249998 0.1309473921875 0.226605734375 0.258339228125 0.31300876093749996 0.2627627375
3 0.3914978421875 0.25983343593749997 0.3696228171875 0.137362665625 0.30471563437500004 0.1340640734375 0.3142361546875 0.2628917421875 0.3914978421875 0.25983343593749997
35 0.4623002953125 0.2710013421875 0.47488747656249997 0.1158217203125 0.3827392765625 0.100368509375 0.3874282015625 0.2631319671875 0.4623002953125 0.2710013421875
35 0.5452148203125 0.27319513125 0.5552187421875 0.1307857890625 0.47882399531250003 0.116286334375 0.4674036375 0.2696746625 0.5452148203125 0.27319513125
35 0.6102675828125 0.2800324515625 0.62666754375 0.147610990625 0.55730050625 0.1373361578125 0.542469425 0.27570118906249996 0.6102675828125 0.2800324515625
13 0.6797774515625 0.279885665625 0.6992786265625 0.15337962656249998 0.6371078171875 0.14572424374999998 0.6217017765625 0.277507896875 0.6797774515625 0.279885665625
13 0.737368925 0.286870321875 0.7552552453125 0.1639208203125 0.69801413125 0.1567808859375 0.6794869203125 0.28264988281250003 0.737368925 0.286870321875
13 0.7794372328125 0.28751960625 0.794986009375 0.17736628125 0.7520700812500001 0.1728898890625 0.73388120625 0.286457728125 0.7794372328125 0.28751960625
0 0.42519103906250005 0.39920162812500004 0.4207137875 0.29066975 0.345271384375 0.2874770484375 0.35175351875 0.3989355390625 0.42519103906250005 0.39920162812500004
1 0.5255279875000001 0.3985687109375 0.5291926984375 0.32591932031250004 0.4311569046875 0.3207106609375 0.42888635312499995 0.4018257671875 0.5255279875000001 0.3985687109375
28 0.58839679375 0.395488209375 0.6007167109375 0.3066077921875 0.5431415281249999 0.30641198593749996 0.5324790125 0.39855402500000003 0.58839679375 0.395488209375
29 0.6543661390625 0.39124311093749997 0.6645944312500001 0.322264621875 0.59723131875 0.3232693671875 0.586587759375 0.39380759374999996 0.6543661390625 0.39124311093749997
4 0.7208526328125 0.391523884375 0.734439271875 0.3094838421875 0.6773898046875 0.304694603125 0.66795829375 0.394162209375 0.7208526328125 0.391523884375
5 0.7883985921875001 0.391170746875 0.79581085 0.3300940390625 0.730995665625 0.3261562515625 0.7228166109374999 0.39173030781249996 0.7883985921875001 0.391170746875
15 0.4231727875 0.5223058968750001 0.41050501875 0.4255824078125 0.3197032984375 0.4244436625 0.33172545468750003 0.5328161625 0.4231727875 0.5223058968750001
23 0.5117266125000001 0.5204345218750001 0.5170434203125 0.42262027656249995 0.4360848078125 0.4273655890625 0.43198492499999996 0.532920396875 0.5117266125000001 0.5204345218750001
24 0.3944399703125 0.6351048046875001 0.39660562499999996 0.5578263109375 0.32324579375 0.5560906859375 0.3294272359375 0.649138640625 0.3944399703125 0.6351048046875001
24 0.45097746875 0.626142071875 0.45518441718749997 0.548332940625 0.398916171875 0.556595753125 0.39126174062499997 0.6370064484375 0.45097746875 0.626142071875
24 0.5035098312499999 0.6175036734375 0.5086986921875 0.5397977484375 0.4582683546875 0.5470064734375 0.451054940625 0.6254049734375 0.5035098312499999 0.6175036734375
27 0.294074578125 0.8532576187500001 0.294406103125 0.783984178125 0.16994187656249998 0.8099753875 0.1724217125 0.8866768921875 0.294074578125 0.8532576187500001
27 0.29149925468750004 0.9155428921875 0.2921154390625 0.8530066062499999 0.1697594265625 0.8825762546875 0.16757259062500002 0.95170419375 0.29149925468750004 0.9155428921875
30 0.5881499296875 0.596194521875 0.58258981875 0.52630184375 0.5318038875 0.532390740625 0.5362896671875 0.6078845421875 0.5881499296875 0.596194521875
12 0.6383310203125 0.5910352765625 0.6366987203125001 0.5215554015625 0.5906721421875 0.5274057296875 0.5929046296875 0.5981847671875 0.6383310203125 0.5910352765625
16 0.6742480109375 0.5799052953125 0.674347115625 0.5128431859375 0.641042546875 0.5205965328125 0.634790728125 0.586936925 0.6742480109375 0.5799052953125
6 0.7313800515625 0.5747313578125001 0.7412984515625001 0.5087012984375 0.6891509140625 0.5116875328125 0.6838348843750001 0.5831486625 0.7313800515625 0.5747313578125001
25 0.480306378125 0.7249216875 0.48469534531249997 0.664272471875 0.39896882499999997 0.6860139265625 0.3979558390625 0.7527836375 0.480306378125 0.7249216875
25 0.48252683281250003 0.7888063578125 0.4892417625 0.7343635796875 0.4053125421875 0.755576615625 0.40350948593749997 0.8132923 0.48252683281250003 0.7888063578125
25 0.48625098749999995 0.8383843000000001 0.48955525624999996 0.7880545671875 0.4079064671875 0.813572871875 0.39974030312500003 0.8680446890625 0.48625098749999995 0.8383843000000001
25 0.5655458624999999 0.7073566875 0.5753614781249999 0.651749328125 0.494151325 0.6662251718750001 0.48267817968750004 0.7306927062499999 0.5655458624999999 0.7073566875
25 0.5635080890624999 0.764526796875 0.579500071875 0.7162758375 0.49917045312499997 0.7365796687499999 0.48547265156249997 0.789115975 0.5635080890624999 0.764526796875
25 0.5565085046875 0.8122323921874999 0.5633531421875 0.76600101875 0.48883923906250004 0.78763128125 0.48656088124999997 0.8354358578125 0.5565085046875 0.8122323921874999
31 0.6315646703125 0.7404244062500001 0.640683028125 0.6914509984375 0.5763230234375001 0.7111717875 0.5635034 0.7645714031249999 0.6315646703125 0.7404244062500001
31 0.6206372796874999 0.787717171875 0.63050520625 0.7410583203125001 0.5623083953125 0.76183625625 0.5557542468750001 0.80996246875 0.6206372796874999 0.787717171875
17 0.6941327515625 0.7213119796874999 0.7042330953125 0.6724418125 0.6425221375 0.683681625 0.63136864375 0.742289478125 0.6941327515625 0.7213119796874999
17 0.6854792296875 0.7658627515624999 0.6909545109375 0.7232137078124999 0.6277332234374999 0.7417129234375001 0.620363778125 0.7903193671875 0.6854792296875 0.7658627515624999
7 0.7556825984375 0.7024426296875 0.765628 0.6550466562499999 0.7099186468750001 0.66842065625 0.6973109875 0.7194102796874999 0.7556825984375 0.7024426296875
7 0.7495875328125 0.75098853125 0.758318525 0.7057006609375 0.697131821875 0.719214171875 0.690388878125 0.7663787765625 0.7495875328125 0.75098853125
7 0.7413121828125 0.650255215625 0.750198271875 0.603493140625 0.6997643203125 0.6114918234375 0.6984442453125 0.6613998609375 0.7413121828125 0.650255215625
42 0.744169384375 0.48648489375 0.7492681359375 0.41435886406250005 0.727271596875 0.4146080078125 0.72272228125 0.4898200765625 0.744169384375 0.48648489375
41 0.7215433078125 0.48923038593749996 0.72749790625 0.4148654203125 0.7077846921875001 0.415469309375 0.7020826953125 0.491377034375 0.7215433078125 0.48923038593749996
38 0.6996762359375001 0.49065833124999997 0.7062445796875 0.4163578546875 0.683633028125 0.41642221562500004 0.677663903125 0.49346833125 0.6996762359375001 0.49065833124999997
37 0.6526798828125 0.495034446875 0.65892500625 0.4179053171875 0.638278228125 0.4198017140625 0.6299086375 0.499162040625 0.6526798828125 0.495034446875
33 0.6059368593750001 0.420254309375 0.5993527890625 0.50060830625 0.623723159375 0.4989776953125 0.6281208406250001 0.420479803125 0.6059368593750001 0.420254309375
35 0.598545459375 0.5023865515625 0.60451578125 0.4219680796875 0.57969653125 0.42353668125 0.57346459375 0.5048740703125 0.598545459375 0.5023865515625
34 0.5703476453125 0.5050122406249999 0.5722641515625 0.4218387734375 0.5360579609375 0.42535088749999994 0.5344463875 0.510088721875 0.5703476453125 0.5050122406249999