19 0.39765625 0.2734375 0.1140625 0.1640625
13 0.23046875 0.28984375 0.1140625 0.1578125
9 0.13984375 0.30234375 0.1015625 0.15
6 0.4328125 0.59609375 0.1140625 0.090625
29 0.32890625 0.59609375 0.109375 0.0875
5 0.23203125 0.6 0.1015625 0.0828125
31 0.45859375 0.71875 0.115625 0.0875
24 0.37265625 0.7015625 0.071875 0.09375
23 0.3015625 0.6984375 0.0859375 0.10625
15 0.23046875 0.69375 0.0765625 0.103125
27 0.512241484375 0.9312173515625 0.501090790625 0.8680638890625 0.40370742656249997 0.8630643203125 0.414424496875 0.92372419375 0.512241484375 0.9312173515625
25 0.41236862656250006 0.9256330484375 0.40045396093749996 0.8659454343749999 0.308539996875 0.8595246203125001 0.320219234375 0.9183905921875001 0.41236862656250006 0.9256330484375
25 0.4017458546875 0.867502428125 0.38630745 0.806492396875 0.2968879671875 0.8023485656249999 0.30754059375 0.8621688234375 0.4017458546875 0.867502428125
25 0.3186633765625 0.9143221828125 0.3059847375 0.8581004140624999 0.22186211875 0.8508606953125 0.2297737640625 0.9058907203125001 0.3186633765625 0.9143221828125
25 0.3072766328125 0.85965740625 0.295449953125 0.80080693125 0.204805134375 0.7959455 0.21753505781250002 0.8538546515625001 0.3072766328125 0.85965740625
39 0.4783531640625 0.4949599671875 0.4654220234375 0.3972312984375 0.42772545468749995 0.3998633296875 0.43956676093749997 0.497041528125 0.4783531640625 0.4949599671875
38 0.4377329078125 0.4966523828125 0.4228462609375 0.39929549999999997 0.3876700609375 0.4029926671875 0.4007260203125 0.4987962890625 0.4377329078125 0.4966523828125
40 0.39830345 0.497887128125 0.380650471875 0.40373045625000004 0.3477059125 0.4066111765625 0.36436534531250003 0.4997084921875 0.39830345 0.497887128125
41 0.3623470265625 0.4952654953125 0.347298090625 0.40374458437499994 0.313638825 0.407282315625 0.3284694140625 0.49766239375000004 0.3623470265625 0.4952654953125
42 0.27211287031250003 0.4116468703125 0.2895238828125 0.5035014078125 0.3234619875 0.5016800421875 0.30378389375000003 0.40948189218750003 0.27211287031250003 0.4116468703125
35 0.2367008671875 0.41420503750000004 0.2523355234375 0.5039187140625 0.2886357046875 0.502430975 0.27060516562500003 0.41122344375 0.2367008671875 0.41420503750000004
33 0.19910825468749999 0.41815618125 0.21597485 0.5048309171875001 0.2525169953125 0.5056453140625 0.232115284375 0.414105109375 0.19910825468749999 0.41815618125
18 0.164342465625 0.419482646875 0.1801202234375 0.49579778125 0.21411881562500001 0.49455194999999996 0.19770425625000002 0.4188856375 0.164342465625 0.419482646875
18 0.18005973125000002 0.49522224843749996 0.1655139125 0.41586817500000006 0.134113859375 0.419168453125 0.1492509046875 0.497296603125 0.18005973125000002 0.49522224843749996