8 0.771875 0.13984375 0.1140625 0.140625
8 0.6765625 0.15234375 0.115625 0.1453125
9 0.58203125 0.16796875 0.1125 0.1515625
9 0.49296875 0.19296875 0.1015625 0.140625
10 0.4015625 0.20625 0.1109375 0.1484375
10 0.309375 0.22421875 0.1125 0.1421875
11 0.2140625 0.23984375 0.1046875 0.1421875
11 0.11796875 0.26171875 0.1125 0.1359375
22 0.81953125 0.278125 0.121875 0.146875
19 0.72734375 0.2984375 0.10625 0.1375
21 0.63984375 0.3140625 0.10625 0.1375
13 0.5546875 0.3296875 0.1046875 0.140625
13 0.4796875 0.34375 0.0890625 0.1375
14 0.396875 0.3578125 0.109375 0.140625
14 0.31484375 0.37578125 0.0953125 0.13125
3 0.24765625 0.40546875 0.0765625 0.0953125
3 0.1859375 0.41484375 0.0765625 0.0984375
2 0.128125 0.42578125 0.071875 0.096875
0 0.35078125 0.50078125 0.0796875 0.0875
1 0.44921875 0.48984375 0.115625 0.084375
28 0.5328125 0.465625 0.0828125 0.09375
29 0.6171875 0.45546875 0.1109375 0.084375
4 0.70390625 0.43046875 0.084375 0.1
5 0.79375 0.42578125 0.11875 0.0828125
15 0.37421875 0.59453125 0.09375 0.09375
23 0.45703125 0.57890625 0.0890625 0.0890625
38 0.76875 0.52109375 0.05 0.0890625
34 0.603994453125 0.5910242203125 0.593050646875 0.5108092609375 0.5468298093749999 0.5174747 0.5576786234375 0.597706409375 0.603994453125 0.5910242203125
35 0.6329783859375 0.505253465625 0.6467730406250001 0.5829863546875 0.6805951359375 0.576527759375 0.6670553171875 0.49973963125000004 0.6329783859375 0.505253465625
39 0.7049858 0.494536003125 0.720851965625 0.5728933234375 0.7545894375 0.565954803125 0.740795746875 0.48772689687500004 0.7049858 0.494536003125
41 0.8280759968750001 0.5525022921875 0.8168838656249999 0.47431050781249995 0.7841294609375 0.4790963 0.7954487765625 0.5582553515625001 0.8280759968750001 0.5525022921875
42 0.8659904609375 0.5468066453125 0.8578850671874999 0.463616959375 0.8234554296875001 0.47018268125 0.8332786171875 0.552079778125 0.8659904609375 0.5468066453125
24 0.3953125 0.69375 0.078125 0.0859375
24 0.45859375 0.68046875 0.0703125 0.08125
24 0.5234375 0.67109375 0.0796875 0.0859375
26 0.58046875 0.6640625 0.059375 0.075
30 0.6421875 0.64921875 0.084375 0.09375
12 0.7109375 0.63671875 0.078125 0.0859375
16 0.77734375 0.62578125 0.0734375 0.08125
6 0.84375 0.6109375 0.084375 0.0890625
7 0.90234375 0.85546875 0.1125 0.075
7 0.8953125 0.79765625 0.115625 0.0765625
7 0.884375 0.73203125 0.1171875 0.0765625
17 0.79609375 0.87265625 0.1125 0.0734375
17 0.7875 0.81484375 0.1140625 0.078125
17 0.77421875 0.75 0.1125 0.0765625
31 0.67265625 0.77734375 0.1125 0.0765625
31 0.68203125 0.834375 0.1109375 0.071875
31 0.69375 0.8890625 0.109375 0.075
25 0.575 0.85390625 0.1078125 0.075
25 0.590625 0.90625 0.1078125 0.075
25 0.484375 0.92578125 0.1078125 0.071875
25 0.4734375 0.86953125 0.109375 0.0765625
25 0.459375 0.81015625 0.1109375 0.078125
25 0.38046875 0.94296875 0.10625 0.071875
25 0.3671875 0.88515625 0.1125 0.075
27 0.28046875 0.9609375 0.10625 0.075
27 0.2625 0.90390625 0.1140625 0.078125