19 0.44765625 0.1921875 0.1609375 0.2
14 0.571875 0.16796875 0.153125 0.1875
13 0.69140625 0.14140625 0.1546875 0.1875
9 0.796875 0.1171875 0.1640625 0.18125
31 0.575 0.62890625 0.121875 0.0953125
43 0.45181029375000004 0.3193974390625 0.47231161562499996 0.424227675 0.5170330390625 0.41307737187500004 0.495015690625 0.308625125 0.45181029375000004 0.3193974390625
44 0.49714785937499995 0.307489434375 0.518587721875 0.4124646109375 0.5587224109375 0.4026830453125 0.5415366640625 0.298234290625 0.49714785937499995 0.307489434375
45 0.5407786531250001 0.298423284375 0.560096634375 0.4017363171875 0.6019278078125 0.3919107296875 0.5813774625 0.290113090625 0.5407786531250001 0.298423284375
37 0.6230669046874999 0.27971874531249996 0.5797197093750001 0.2899223359375 0.5991794890625 0.3938040953125 0.6414850765625 0.38265206093750004 0.6230669046874999 0.27971874531249996
40 0.6221670921875 0.2793390140625 0.6411500375 0.3832652109375 0.6855902828125 0.372259465625 0.6664141 0.26951515625 0.6221670921875 0.2793390140625
41 0.6673139078125 0.269894875 0.683649778125 0.37448059218749996 0.7264726921875 0.36508672343750004 0.707487325 0.2598785171875 0.6673139078125 0.269894875
33 0.706729346875 0.26006750156249997 0.725936875 0.3648431125 0.766504346875 0.35450164375000004 0.7502183421875 0.2504326390625 0.706729346875 0.26006750156249997
35 0.7487023515625 0.25081061718750003 0.7645305359375001 0.35250299687500003 0.8063942000000001 0.34334782656249996 0.7912915671875 0.240796 0.7487023515625 0.25081061718750003
32 0.7920985671875 0.23757441875000002 0.8077051718750001 0.344003046875 0.84988319375 0.33371296250000004 0.835871159375 0.2290769921875 0.7920985671875 0.23757441875000002
5 0.725641315625 0.42310543593750005 0.7399254 0.49361360000000004 0.8473524484375 0.46887298125 0.836449578125 0.3960819 0.725641315625 0.42310543593750005
29 0.603937625 0.45163734843750003 0.6198130515625 0.5253727296874999 0.7274483046875 0.49816434843749996 0.7138460796875 0.42423409218749997 0.603937625 0.45163734843750003
7 0.48976479062499995 0.4813119640625 0.5056409921875 0.5546752828125 0.6216623921875 0.5227275109375 0.6066369875000001 0.452776546875 0.48976479062499995 0.4813119640625
15 0.7984375 0.55078125 0.1125 0.1140625
24 0.72421875 0.57265625 0.09375 0.1109375
24 0.65859375 0.5984375 0.09375 0.1078125
27 0.55701929375 0.7542842609375 0.5725191203125 0.8229088046875 0.6802516171875 0.7900073296875 0.6665951640625 0.728776153125 0.55701929375 0.7542842609375
27 0.5678293875 0.8234740203124999 0.57866025 0.8762434828125001 0.6862843265625 0.8464944734375001 0.676129075 0.792847421875 0.5678293875 0.8234740203124999
25 0.683022965625 0.8334138718749999 0.7836937859375 0.8077097500000001 0.7728785265625 0.7481864796875 0.6702173703125001 0.775595009375 0.683022965625 0.8334138718749999
25 0.8998955750000001 0.7926311125 0.8914032765625001 0.7295083046874999 0.892019459375 0.72875060625 0.7834361734375 0.7582397546874999 0.7939188484375 0.8196581734375 0.8998955750000001 0.7926311125
25 0.7701665625 0.6824143390625 0.785949946875 0.75217631875 0.883446990625 0.7266594421875 0.8719279375 0.6546260578124999 0.7701665625 0.6824143390625