13 0.06015625 0.30234375 0.1203125 0.1609375
13 0.15078125 0.29140625 0.115625 0.1421875
14 0.2328125 0.2703125 0.1125 0.14375
14 0.3171875 0.25 0.115625 0.146875
19 0.40234375 0.22734375 0.1140625 0.1515625
19 0.48359375 0.21484375 0.1046875 0.1375
22 0.56171875 0.19765625 0.1046875 0.1359375
20 0.63515625 0.18359375 0.0953125 0.1265625
9 0.34765625 0.38828125 0.1109375 0.1234375
15 0.19765625 0.43203125 0.1046875 0.1109375
23 0.10859375 0.4484375 0.109375 0.1125
1 0.50859375 0.47578125 0.1078125 0.08125
28 0.421875 0.490625 0.0765625 0.0828125
29 0.33984375 0.5171875 0.109375 0.08125
4 0.25078125 0.52890625 0.0828125 0.0921875
5 0.159375 0.5609375 0.1171875 0.084375
6 0.20078125 0.7609375 0.084375 0.0828125
16 0.26484375 0.74296875 0.078125 0.08125
26 0.38203125 0.71171875 0.0609375 0.075
24 0.44140625 0.6921875 0.0765625 0.0859375
24 0.4984375 0.6765625 0.0703125 0.0796875
24 0.56015625 0.6625 0.075 0.0828125
7 0.2671875 0.978125 0.109375 0.04375
7 0.25703125 0.9296875 0.1140625 0.0828125
17 0.37265625 0.95703125 0.1125 0.078125
17 0.35625 0.90234375 0.1140625 0.0796875
31 0.44296875 0.815625 0.1125 0.0859375
31 0.46171875 0.8765625 0.1140625 0.084375
31 0.4765625 0.9296875 0.1046875 0.0703125
25 0.5734375 0.8953125 0.1078125 0.0796875
25 0.67109375 0.86171875 0.1015625 0.0765625
25 0.653125 0.8046875 0.10625 0.0796875
25 0.559375 0.8296875 0.0953125 0.0734375
27 0.75703125 0.8375 0.0984375 0.075
35 0.4328125 0.59375 0.0515625 0.084375
39 0.36484375 0.609375 0.05 0.0828125
38 0.3296875 0.61953125 0.0515625 0.084375
33 0.5046875 0.575 0.0640625 0.0875
40 0.248970721875 0.68089735625 0.22411084531249997 0.6040809968749999 0.19299306249999998 0.6130468812500001 0.21540680625 0.6898340468749999 0.248970721875 0.68089735625
41 0.32060845625 0.6619827765624999 0.294375459375 0.5860773546875 0.2622622375 0.5940852015625 0.28854784218749996 0.6705724046875 0.32060845625 0.6619827765624999
18 0.534375 0.3421875 0.296875 0.1671875
18 0.275 0.41015625 0.0890625 0.109375
18 0.17265625 0.65625 0.08125 0.1
18 0.33046875 0.72421875 0.0734375 0.08125
18 0.553125 0.55625 0.059375 0.0765625
18 0.46484375 0.57890625 0.0453125 0.0734375
18 0.396875 0.596875 0.046875 0.0734375
18 0.25546875 0.63203125 0.05 0.0765625