11 0.992721784375 0.2741310453125 0.9895886171875 0.177702709375 0.8594022484374999 0.1793503734375 0.8660586140625 0.2778245265625 0.992721784375 0.2741310453125
8 0.62262986875 0.2865212640625 0.619226178125 0.181389209375 0.5006594421874999 0.18190584999999998 0.5041673921875 0.288589034375 0.62262986875 0.2865212640625
20 0.5025221046875 0.288617753125 0.49580434999999995 0.1844696125 0.3723636671875 0.186369096875 0.37750422031249997 0.292282515625 0.5025221046875 0.288617753125
20 0.3758458734375 0.2915701921875 0.36625910156249997 0.1904351 0.2473847140625 0.192257015625 0.2606739703125 0.293580525 0.3758458734375 0.2915701921875
19 0.25410575468749996 0.29443644375 0.23846412031250003 0.17877476718750002 0.11055205625 0.1790785546875 0.12581010625 0.29889968906250003 0.25410575468749996 0.29443644375
19 0 0.3032699359375 0.1192416390625 0.29975564062500004 0.0985030953125 0.1775135265625 0 0.18152724375 0 0.3032699359375
10 0.8644521328125 0.280076403125 0.8558479718750001 0.1791110953125 0.7458627015625 0.1805909171875 0.7459895296875 0.2821441765625 0.8644521328125 0.280076403125
9 0.744383046875 0.2843960546875 0.7447214640625 0.17919868125 0.6240837765625 0.1812340375 0.624262221875 0.2857515015625 0.744383046875 0.2843960546875
13 0.1328149375 0.41733748750000005 0.1174662390625 0.32072290468750003 0.0094188671875 0.3253487359375 0.0094294078125 0.42023248906250005 0.1328149375 0.41733748750000005
13 0.25455505624999997 0.4144712359375 0.24292920625 0.31668080625 0.11465436874999999 0.319805440625 0.13443422968750002 0.415826684375 0.25455505624999997 0.4144712359375
13 0.37134649999999997 0.4109500671875 0.3621717953125 0.309969084375 0.24615004687500003 0.3100973671875 0.2561745984375 0.41296039999999995 0.37134649999999997 0.4109500671875
14 0.488189559375 0.41039313125000004 0.48151134375 0.308812071875 0.36303178593749996 0.31176359374999996 0.3680944796875 0.4132306671875 0.488189559375 0.41039313125000004
14 0.604942071875 0.4046488046875 0.60292435 0.308544934375 0.484810834375 0.3111204703125 0.48649240625 0.407457621875 0.604942071875 0.4046488046875
14 0.723352809375 0.399616803125 0.7222154171875 0.304610565625 0.6065510765625 0.3082542171875 0.6065485546875 0.40239692812500005 0.723352809375 0.399616803125
3 0.8132536375000001 0.3936716734375 0.7970814140625 0.33040192031250004 0.7185128796875 0.33317184843750003 0.7221485546874999 0.39640235625 0.8132536375000001 0.3936716734375
3 0.8955491312499999 0.39394584374999997 0.8904760359375 0.3301964296875 0.805840946875 0.33164753125 0.810742325 0.3948559453125 0.8955491312499999 0.39394584374999997
2 0.987909965625 0.3906230359375 0.9853661796875001 0.32497832031249996 0.8930795609375 0.3249928234375 0.89298806875 0.392279903125 0.987909965625 0.3906230359375
0 0.7451806375000001 0.4829065078125 0.7496138296875 0.42241244843750003 0.6542665484375 0.4240505328125 0.65409545625 0.4867772796875 0.7451806375000001 0.4829065078125
1 0.647757378125 0.48631768124999997 0.640555421875 0.432152021875 0.508928590625 0.43856194375 0.5148965734375001 0.49034741875 0.647757378125 0.48631768124999997
28 0.51363096875 0.4903695109375 0.5107997140625 0.435129275 0.42150092499999997 0.43438584062499996 0.4237815421875 0.49250806718750006 0.51363096875 0.4903695109375
29 0.42381139218749997 0.49421818906250004 0.41907464531249994 0.4402921375 0.28240164375 0.443656421875 0.2883993796875 0.497152021875 0.42381139218749997 0.49421818906250004
4 0.2846024640625 0.497218296875 0.27820387343749997 0.441326328125 0.1887452546875 0.4452912015625 0.1972743953125 0.4987426140625 0.2846024640625 0.497218296875
5 0.19349738125 0.49994897812500005 0.18331372968749998 0.44654443749999995 0.0457992109375 0.45177785000000004 0.05557415156249999 0.5040670828125 0.19349738125 0.49994897812500005
27 0.9855203109374999 0.7163742734375 0.85127325 0.720108321875 0.8575509828125 0.7654639890625 0.9869649640624999 0.7622166625 0.9855203109374999 0.7163742734375
27 0.989071359375 0.7626156374999999 0.8586305937500001 0.764456746875 0.8605035624999999 0.8089009015625 0.9976043453125 0.8060136203124999 0.989071359375 0.7626156374999999
25 0.8542689484375 0.7660154578125 0.851174696875 0.7224235515624999 0.72413921875 0.7282577421875 0.7259949406249999 0.7717137843749999 0.8542689484375 0.7660154578125
25 0.854967446875 0.8060324187499999 0.8553571812499999 0.7655022828125 0.7314448234375 0.7696418984375 0.7299840140625 0.8116733093749999 0.854967446875 0.8060324187499999
25 0.7282059046875 0.7726635875000001 0.7195721484375001 0.7284249515625 0.59476826875 0.7339751984375 0.5998974031250001 0.776385759375 0.7282059046875 0.7726635875000001
25 0.7299926390625 0.8121673765624999 0.7271947062499999 0.772125734375 0.602082496875 0.7758534390625 0.6039209718749999 0.8183214390625 0.7299926390625 0.8121673765624999
25 0.7274470421875 0.7291883453125 0.7187641671875 0.68213570625 0.5928435609375 0.6865668125 0.59476826875 0.7339751984375 0.7274470421875 0.7291883453125
25 0.5947768921875001 0.734469228125 0.5871400718750001 0.686902725 0.460190659375 0.692835790625 0.46430908593750003 0.740205884375 0.5947768921875001 0.734469228125
25 0.59552713125 0.777450440625 0.5920842000000001 0.7343545296875 0.46431770937500005 0.7406999140625 0.46615618281250004 0.7831679140625 0.59552713125 0.777450440625
25 0.599516290625 0.8174099640625 0.5942098515625001 0.777533884375 0.46613893749999996 0.78217985625 0.46791713125 0.821189575 0.599516290625 0.8174099640625
31 0.4643263328125 0.74119394375 0.455526753125 0.692286934375 0.326414946875 0.6976417890625 0.33163885312499997 0.7454867671875001 0.4643263328125 0.74119394375
31 0.46397108906250006 0.783700234375 0.4618747328125 0.7415663671875 0.32726004375 0.7460573796875 0.3334946578125 0.788942825 0.46397108906250006 0.783700234375
31 0.4690484828125 0.823146584375 0.46671112968750006 0.7828462734375 0.3356883734375 0.7889045328125001 0.3407658515625 0.8283508812499999 0.4690484828125 0.823146584375
17 0.3283569859375 0.7460382328125 0.319788059375 0.697125771875 0.18821722031250002 0.7005482578125 0.19345854375 0.7493812546874999 0.3283569859375 0.7460382328125
17 0.3247537328125 0.7458119578125 0.1912648265625 0.7494195453125 0.19859621562500002 0.79228588125 0.33017812812499997 0.7875181765625 0.3247537328125 0.7458119578125
17 0.33097243593750003 0.7876851109375 0.20078993281250002 0.7922475906249999 0.21027209062500002 0.8326054140625001 0.3385719671875 0.8283891765625 0.33097243593750003 0.7876851109375
7 0.1840493671875 0.7019646125000001 0.0446128984375 0.7079967515625001 0.057506274999999996 0.755213640625 0.19563501249999998 0.748354903125 0.1840493671875 0.7019646125000001
7 0.1917257875 0.748751346875 0.0519960265625 0.7538272453125 0.065917528125 0.797072734375 0.1996586625 0.7902905812500001 0.1917257875 0.748751346875
7 0.1979444890625 0.7906245015625 0.0625923734375 0.7951540171875 0.07211765 0.837982025 0.21023759687500002 0.8306292609374999 0.1979444890625 0.7906245015625
24 0.744456559375 0.6350556859375 0.7430457374999999 0.579844503125 0.657925809375 0.5807229375 0.6600143625 0.6375179906249999 0.744456559375 0.6350556859375
24 0.6611198468749999 0.6379929109375 0.657999909375 0.5807116046874999 0.570201659375 0.5837367265625 0.573387071875 0.6405126531249999 0.6611198468749999 0.6379929109375
24 0.5744926375 0.6409875328125 0.5647571953125 0.5835739171875 0.48360023593749996 0.588213475 0.490076309375 0.6449319625000001 0.5744926375 0.6409875328125
26 0.49114729687500003 0.6434307296874999 0.47989450937499994 0.59493325 0.42670935468750004 0.5976077328125 0.43080199375 0.6434956625 0.49114729687500003 0.6434307296874999
30 0.4319418875 0.645946703125 0.426286209375 0.589077828125 0.3443316078125 0.592621175 0.3486053390625 0.6488839234375 0.4319418875 0.645946703125
12 0.34536642031250003 0.651905575 0.3399334859375 0.5936720109375 0.2543706234375 0.5932030703125 0.2620038359375 0.653360675 0.34536642031250003 0.651905575
16 0.2608898140625 0.652391759375 0.25210149375 0.592118234375 0.17538684843750002 0.594087559375 0.1830116046875 0.6537511296875 0.2608898140625 0.652391759375
6 0.17864141718749998 0.6548157703124999 0.168437971875 0.5935785859375 0.072246146875 0.5939111296874999 0.0842842078125 0.6549802062500001 0.17864141718749998 0.6548157703124999
15 0.7519298937500001 0.5603328671875001 0.7416344625 0.4989926203125 0.6368114140625 0.502545625 0.6455675234375 0.564166221875 0.7519298937500001 0.5603328671875001
23 0.6433650984375 0.5637104484375 0.6333156609375 0.502735465625 0.5359075468750001 0.5048010875 0.53696823125 0.5655676125 0.6433650984375 0.5637104484375
36 0.5402761375 0.5664982328125 0.5345329515625 0.502607590625 0.46791856249999997 0.50697621875 0.4733925515625 0.5691482671875 0.5402761375 0.5664982328125
34 0.4662576625 0.5693339484375 0.46269430468749995 0.5063001828125 0.4010038171875 0.508205375 0.4037487203125 0.5711663421875001 0.4662576625 0.5693339484375
33 0.40210330625 0.5711950640625 0.3979136015625 0.508820034375 0.3508541875 0.5109339421875 0.3543958 0.5723984375 0.40210330625 0.5711950640625
35 0.35356662656250004 0.572042275 0.34648110625 0.5097177921875 0.2998559828125 0.512194753125 0.3075107515625 0.573587453125 0.35356662656250004 0.572042275
37 0.30504935 0.5740010515625 0.2981507203125 0.5114874671874999 0.2521483515625 0.5133981421875 0.2589934765625 0.5755462578125 0.30504935 0.5740010515625
39 0.25899994375 0.5759167796875 0.25188571406250004 0.5136841265625 0.20279543125 0.514630234375 0.2112923109375 0.577120153125 0.25899994375 0.5759167796875
38 0.20964055625000003 0.57677835 0.200453221875 0.514581884375 0.15097451875 0.5159054203125 0.1627750359375 0.579078959375 0.20964055625000003 0.57677835
39 0.16114268125 0.579848721875 0.1490368859375 0.516405428125 0.1057284140625 0.5166951953125001 0.11672562500000001 0.5809946578125 0.16114268125 0.579848721875
42 0.1134027125 0.5791994578125 0.10577703125 0.5139192968749999 0.0612532765625 0.514506378125 0.06816307656250001 0.5803597546875 0.1134027125 0.5791994578125