19 0.4734375 0.23671875 0.103125 0.1515625
14 0.57421875 0.2296875 0.10625 0.165625
13 0.68125 0.23046875 0.121875 0.15625
9 0.796875 0.22109375 0.1421875 0.1671875
5 0.72890625 0.53671875 0.1078125 0.071875
29 0.62265625 0.546875 0.1109375 0.0703125
7 0.5109375 0.54140625 0.1125 0.059375
31 0.5 0.65703125 0.103125 0.06875
24 0.58828125 0.6484375 0.0703125 0.084375
23 0.66328125 0.63984375 0.084375 0.0828125
15 0.7453125 0.63671875 0.08125 0.0875
27 0.51875 0.7859375 0.1078125 0.0578125
27 0.521875 0.83984375 0.103125 0.0609375
25 0.62578125 0.834375 0.1015625 0.0609375
25 0.728125 0.82890625 0.1078125 0.0609375
39 0.45625 0.41171875 0.040625 0.0921875
38 0.4984375 0.41015625 0.04375 0.09375
42 0.61640625 0.40546875 0.0390625 0.09375
35 0.6578125 0.4046875 0.046875 0.0953125
37 0.71800841875 0.44722057499999995 0.7193567625 0.35568257187499996 0.6824373875 0.356971825 0.6802317640625 0.448539765625 0.71800841875 0.44722057499999995
33 0.75809793125 0.44582061875 0.7648739171875001 0.3546721328125 0.7264018546875 0.35601560781249997 0.7195301265625 0.4465883796875 0.75809793125 0.44582061875
32 0.7981470484375001 0.443263959375 0.8049325406250001 0.3521151421875 0.7679928781250001 0.353405103125 0.7611413453125 0.4445562265625 0.7981470484375001 0.443263959375
18 0.57578125 0.40078125 0.0390625 0.0796875