10 0.5733009015625 0.1610514296875 0.494149371875 0.15488831249999999 0.4750226125 0.2775765125 0.549967775 0.2860876078125 0.5733009015625 0.1610514296875
9 0.497425540625 0.15589939218749999 0.424959475 0.14927352968750002 0.4083351421875 0.264876975 0.472180696875 0.27237164687500004 0.497425540625 0.15589939218749999
8 0.43259050156249995 0.150343534375 0.37173117499999997 0.14553247656249998 0.354784896875 0.262960665625 0.41198144843750006 0.2655199171875 0.43259050156249995 0.150343534375
20 0.3717118109375 0.149011078125 0.305704946875 0.1432977921875 0.2938528875 0.2531574296875 0.3590747203125 0.2599540375 0.3717118109375 0.149011078125
20 0.3076019390625 0.14661262656250001 0.2621419734375 0.1435082359375 0.2441236328125 0.2456953265625 0.2912948390625 0.2498317625 0.3076019390625 0.14661262656250001
19 0.25825485625 0.1420901140625 0.2092828875 0.1400413109375 0.1939973515625 0.2393654078125 0.2408824734375 0.2451238234375 0.25825485625 0.1420901140625
19 0.2081931703125 0.141620309375 0.15721822968750002 0.138386934375 0.14264763125 0.23365594375 0.1906131890625 0.2396049 0.2081931703125 0.141620309375
2 0.6293713703125 0.3203531484375 0.57019050625 0.31071574218750003 0.5478985468750001 0.392916134375 0.6031406984375 0.4018206046875 0.6293713703125 0.3203531484375
3 0.5657003125 0.3101709015625 0.5115641906249999 0.3020507953125 0.495389121875 0.381148640625 0.5483275546875 0.39048311406249997 0.5657003125 0.3101709015625
3 0.5113069203125 0.3026692328125 0.45725939374999997 0.29414785 0.4474236484375 0.3751996984375 0.4983442765625 0.38334216875 0.5113069203125 0.3026692328125
14 0.4583647796875 0.302736203125 0.40138156875000003 0.2951659859375 0.3909101484375 0.38614044375 0.45299988124999996 0.400433446875 0.4583647796875 0.302736203125
14 0.404328690625 0.2932081828125 0.34397861875 0.285880509375 0.33055212031250003 0.3746614828125 0.392498853125 0.38976548437499997 0.404328690625 0.2932081828125
14 0.34318078750000003 0.28451551249999996 0.2898168234375 0.2771665671875 0.2746585359375 0.3631334828125 0.3327128390625 0.375042475 0.34318078750000003 0.28451551249999996
13 0.2903952484375 0.26789525625 0.2403262203125 0.26091400781249996 0.22035373906250003 0.355230534375 0.265729571875 0.36323151875000004 0.2903952484375 0.26789525625
13 0.2389826625 0.2671872484375 0.1861007609375 0.2588786265625 0.1731031953125 0.3452265359375 0.22143410000000002 0.35542103125 0.2389826625 0.2671872484375
13 0.1861188234375 0.2589106046875 0.1359744859375 0.2525486765625 0.12923680937499998 0.3349830421875 0.1731031953125 0.3452265359375 0.1861188234375 0.2589106046875
0 0.45466711406250004 0.4264008375 0.398378484375 0.4132790703125 0.388526978125 0.48178478125 0.4418307546875 0.49536479375000003 0.45466711406250004 0.4264008375
1 0.3970359671875 0.42146229999999996 0.330537203125 0.406334153125 0.3217503734375 0.462484265625 0.38758961875 0.4807832875 0.3970359671875 0.42146229999999996
28 0.33244961093750003 0.400671884375 0.28673439843750004 0.3894120859375 0.2783130015625 0.4498077234375 0.32052701250000004 0.4631047671875 0.33244961093750003 0.400671884375
29 0.2831025265625 0.396149371875 0.2260267078125 0.3862336796875 0.22054469999999998 0.4362767359375 0.275071840625 0.44923621875 0.2831025265625 0.396149371875
4 0.22246852499999997 0.3687431203125 0.178109134375 0.3610600390625 0.17531187343750002 0.427464725 0.21593717968749998 0.43713672812500004 0.22246852499999997 0.3687431203125
5 0.1806126046875 0.37703295625 0.12532938124999998 0.3634606921875 0.1258212640625 0.4112121984375 0.1760268859375 0.42340968125 0.1806126046875 0.37703295625
15 0.43237001875000003 0.5133562078125 0.3732107921875 0.49915351250000006 0.358831171875 0.5743868859375 0.42057132812500003 0.5969804265625 0.43237001875000003 0.5133562078125
23 0.37787627968750004 0.498524103125 0.32465754375 0.483902478125 0.30811713125 0.5587547828125 0.36192934062500004 0.575769325 0.37787627968750004 0.498524103125
42 0.14859613124999999 0.43912668125 0.13104952187500002 0.4338593390625 0.120106096875 0.492930078125 0.13709941406249998 0.4983030890625 0.14859613124999999 0.43912668125
41 0.16545034218750002 0.44457276874999996 0.14746335 0.439526284375 0.1379874359375 0.49925187187500003 0.15484527343750001 0.5053932234375 0.16545034218750002 0.44457276874999996
38 0.1858425515625 0.4486633140625 0.1672863625 0.44381383124999996 0.1565160015625 0.5048955875 0.1741565421875 0.5095905203125 0.1858425515625 0.4486633140625
39 0.2047010890625 0.45396797187500004 0.185882703125 0.44907339999999996 0.17375011406250002 0.5118954875 0.1907434234375 0.517268528125 0.2047010890625 0.45396797187500004
34 0.29643416875 0.480039934375 0.26869688593749996 0.4731823265625 0.25438181875 0.5364118171875 0.28403354687500004 0.544809046875 0.29643416875 0.480039934375
33 0.2599591921875 0.47150884531250004 0.24151816250000002 0.4657002765625 0.2342145171875 0.5294587187500001 0.2521138546875 0.535571521875 0.2599591921875 0.47150884531250004
35 0.2413703859375 0.46520903437500005 0.22456866875 0.4602925421875 0.21413963906250003 0.5234999171875 0.231947053125 0.5301340531250001 0.2413703859375 0.46520903437500005
37 0.2242887578125 0.4605181359375 0.20579092499999999 0.4551000125 0.19519850156250002 0.5172034171875 0.214742228125 0.5241437328125 0.2242887578125 0.4605181359375
24 0.38969268281249997 0.6029480703125001 0.3376547578125 0.5848031687499999 0.3269555359375 0.6506507484374999 0.37405141875000003 0.6678493999999999 0.38969268281249997 0.6029480703125001
24 0.3365569640625 0.5875956546875 0.2936266578125 0.5708821671875 0.284929296875 0.6357143828125 0.3269555359375 0.6506507484374999 0.3365569640625 0.5875956546875
6 0.15575693125 0.520671546875 0.1107286953125 0.5071599015625 0.10827100468749999 0.567618853125 0.1442266640625 0.5808006390625 0.15575693125 0.520671546875
27 0.49777851249999994 0.8237242609375001 0.4215747625 0.7911718328124999 0.41421644999999996 0.8432406531250001 0.49191224843750003 0.8781502421875 0.49777851249999994 0.8237242609375001
27 0.487985221875 0.8792647656250001 0.413566521875 0.8417577078124999 0.40527219218750005 0.89913494375 0.48373491875 0.9348639359375 0.487985221875 0.8792647656250001
25 0.41308218906249994 0.8387057812500001 0.3441772328125 0.8062602625 0.336935984375 0.857665578125 0.40809314218750004 0.89347469375 0.41308218906249994 0.8387057812500001
25 0.3417232796875 0.8039001406249999 0.28380935625000003 0.776458703125 0.27868699218750004 0.8261849859374999 0.339821784375 0.8568060234375 0.3417232796875 0.8039001406249999
25 0.28223015625 0.772896228125 0.2234414984375 0.7466570421875 0.217435128125 0.796227503125 0.2785699828125 0.826848578125 0.28223015625 0.772896228125
17 0.16841392187499998 0.7203473781249999 0.1215153359375 0.699264834375 0.1165620484375 0.74286335 0.1670246328125 0.766813275 0.16841392187499998 0.7203473781249999
7 0.11814745156249999 0.6499430359375 0.06751767656249999 0.6281670953125 0.06409825 0.6734044156250001 0.11479483593749999 0.696027259375 0.11814745156249999 0.6499430359375
7 0.116739884375 0.6967053359375 0.0661001109375 0.6723890531250001 0.0645655359375 0.7172746046875 0.1122593328125 0.741420465625 0.116739884375 0.6967053359375