19 0.268148384375 0 0.26196726875 0.1549805953125 0.3389078421875 0.166228790625 0.3473378546875 0.000290196875 0.3457104546875 0 0.268148384375 0
19 0.42487562343749996 0.183596796875 0.44855465937499994 0.0221805375 0.3641257046875 0.0070094671875 0.33998196406250003 0.167336909375 0.42487562343749996 0.183596796875
20 0.5160091109375 0.1999069109375 0.536823975 0.06662872343750001 0.4654795546875 0.0455745359375 0.4478912015625 0.18818010000000002 0.5160091109375 0.1999069109375
20 0.5854908171875 0.21091173125 0.610348190625 0.0759301453125 0.5348758390625 0.06500793593750001 0.5123521421875 0.199327703125 0.5854908171875 0.21091173125
8 0.6819350187500001 0.22524899999999998 0.701800815625 0.09041481875 0.6282428875 0.07510578125 0.610305165625 0.212027921875 0.6819350187500001 0.22524899999999998
9 0.7511268609374999 0.2380839359375 0.7722766109375 0.09923341875 0.7065472640625 0.0856319328125 0.6855919890625 0.22582820625000002 0.7511268609374999 0.2380839359375
10 0.8093479765625 0.24918127812500002 0.8316155015625 0.11917828906250001 0.77980506875 0.1122429484375 0.7570768218749999 0.23996431093749998 0.8093479765625 0.24918127812500002
11 0.8562488968749999 0.2528576046875 0.87796073125 0.1323778234375 0.8332951796874999 0.121652996875 0.8062707281250001 0.244941840625 0.8562488968749999 0.2528576046875
13 0.34233993125 0.34968407031250004 0.3484906 0.190309984375 0.24693848906250002 0.17886453125 0.24258814375 0.3404509328125 0.34233993125 0.34968407031250004
13 0.41907597812499997 0.3543337359375 0.42811165781250005 0.20057705312500002 0.3473294359375 0.1919508421875 0.3380436421875 0.3452514859375 0.41907597812499997 0.3543337359375
13 0.503850603125 0.3555666171875 0.520907434375 0.21644629375000002 0.4409008375 0.2086471203125 0.42911768749999996 0.3540482328125 0.503850603125 0.3555666171875
14 0.5840986828125 0.36171059843750003 0.5962126609375 0.23423264375000002 0.521933171875 0.2177293703125 0.508726534375 0.3563388875 0.5840986828125 0.36171059843750003
14 0.650417815625 0.376904559375 0.666326340625 0.245337559375 0.5995129875 0.2328308234375 0.58337403125 0.3662858671875 0.650417815625 0.376904559375
14 0.7095938328125 0.3740830171875 0.7398505578125001 0.25463898125 0.673580759375 0.2464380296875 0.6489943171875 0.3701130328125 0.7095938328125 0.3740830171875
5 0.3623276171875 0.4522786390625 0.36354229843749997 0.38135931562500003 0.255800253125 0.375373815625 0.2533779703125 0.45378287500000003 0.3623276171875 0.4522786390625
3 0.79975375625 0.3748087046875 0.804749628125 0.2934638765625 0.757317628125 0.2892947828125 0.7563819390625001 0.370940921875 0.79975375625 0.3748087046875
2 0.8336055578125 0.37566787343749997 0.8408961375 0.302001325 0.7992504968749999 0.295936296875 0.7974079 0.37068512343750004 0.8336055578125 0.37566787343749997
4 0.4435441875 0.45897837187499996 0.45172838125 0.367858815625 0.38706011875 0.36748744375000003 0.3827826921875 0.45760918593750005 0.4435441875 0.45897837187499996
29 0.5284057343749999 0.45966222968750003 0.53427148125 0.391244503125 0.45014667499999994 0.3857338625 0.441941609375 0.45647333437500004 0.5284057343749999 0.45966222968750003
28 0.5811339265625 0.461259884375 0.5912551625 0.3787080734375 0.5370952953125 0.373240940625 0.53191103125 0.45646538124999997 0.5811339265625 0.461259884375
1 0.66049215625 0.4588208609375 0.6681359609374999 0.3983845390625 0.5914529625 0.39610805625 0.5845232078125 0.45879505624999994 0.66049215625 0.4588208609375
0 0.70581438125 0.4629975578125 0.7177191796875 0.39311320156249996 0.670879521875 0.3869261984375 0.661467396875 0.4589753234375 0.70581438125 0.4629975578125
16 0.3846272109375 0.673177221875 0.38968086562500004 0.6017730578125 0.320484646875 0.59848305 0.3230541828125 0.676932325 0.3846272109375 0.673177221875
30 0.502386190625 0.6618121453125 0.5082966015625 0.5868111078125 0.4572358046875 0.58712443125 0.451260578125 0.6627195015625 0.502386190625 0.6618121453125
26 0.535215290625 0.6565060609375 0.540929853125 0.5938546421875001 0.50880448125 0.5960425015624999 0.5029659125 0.65815193125 0.535215290625 0.6565060609375
24 0.5831358234375 0.6505886125 0.5913821515625 0.5830961484375 0.5429565796875 0.58869474375 0.5384886234375 0.6547732921875 0.5831358234375 0.6505886125
24 0.6332862718750001 0.649526778125 0.6432592609375 0.5791255953125 0.5946619171874999 0.5841271453125 0.5849702171875 0.651629546875 0.6332862718750001 0.649526778125
24 0.67328945 0.643105740625 0.6835826671875 0.577074984375 0.642466578125 0.5789417703125 0.63300676875 0.6449800812500001 0.67328945 0.643105740625
7 0.3199407484375 0.9048698890625 0.3213680046875 0.8515693875 0.2283624921875 0.8708547578125 0.2295344421875 0.9265704796875 0.3199407484375 0.9048698890625
7 0.3225535203125 0.8505040328125 0.3237956796875 0.7921690609375001 0.2349444890625 0.8103638953125 0.23112458125000002 0.8660394078125 0.3225535203125 0.8505040328125
17 0.4174546 0.78148936875 0.4229333421875 0.7232857296875 0.32710426406250004 0.7334109828125001 0.3182241 0.7957890671875 0.4174546 0.78148936875
17 0.41214812968750003 0.8339278234374999 0.4161018875 0.7822016671875 0.3295308859375 0.7938278515625 0.3224375734375 0.8512360937500001 0.41214812968750003 0.8339278234374999
17 0.40609832656249994 0.8847476109375 0.41272309687500003 0.8351021796874999 0.3225535203125 0.8505040328125 0.3193133359375 0.9025193328125001 0.40609832656249994 0.8847476109375
31 0.4916762546875 0.8682855875 0.49583230624999997 0.8154540140625001 0.416628521875 0.8308854140624999 0.40839648906250003 0.8828604203125 0.4916762546875 0.8682855875
31 0.49726221718749997 0.820393884375 0.5032194890625 0.7688131765625 0.4185457140625 0.780911759375 0.4143303625 0.832772578125 0.49726221718749997 0.820393884375
31 0.504798590625 0.772811096875 0.5120551390625 0.7130270750000001 0.4303989953125 0.7250078171875 0.417222715625 0.7829534312499999 0.504798590625 0.772811096875
25 0.5721463140624999 0.8525153171875001 0.5773481984375 0.8058656390625 0.50650264375 0.8188558453124999 0.4993617171875 0.8702532968750001 0.5721463140624999 0.8525153171875001
25 0.57875513125 0.8107888953125 0.58531476875 0.7555666953125 0.5095109453125 0.7683046078125 0.503113296875 0.8213206046874999 0.57875513125 0.8107888953125
25 0.5879623390625001 0.7589682843750001 0.5958649234375 0.704739484375 0.519297875 0.7128237859375 0.5086517234375 0.7674181 0.5879623390625001 0.7589682843750001
25 0.6564984218750001 0.7428087062500001 0.6648368453125 0.68753953125 0.6001158359375001 0.6948574328125 0.5872873890625 0.750606921875 0.6564984218750001 0.7428087062500001
25 0.6475913609374999 0.786422365625 0.6537073046875 0.7420248484374999 0.5892377234375 0.7509158234375 0.5779642390624999 0.8031595625 0.6475913609374999 0.786422365625
25 0.6432124531250001 0.8330044265625001 0.6489037046874999 0.78813741875 0.5791712953125 0.8018499234375 0.57358525625 0.8497416140625 0.6432124531250001 0.8330044265625001
25 0.705781440625 0.8166501484375001 0.71343269375 0.767421371875 0.6532788828125 0.7820703265625 0.643560284375 0.830808303125 0.705781440625 0.8166501484375001
25 0.7103239046875001 0.7753468453125001 0.7193108171875 0.7224164578125001 0.657889753125 0.7340241875 0.64782325 0.7849582749999999 0.7103239046875001 0.7753468453125001
27 0.7700005453125 0.8088116859375001 0.7756441374999999 0.7613377453125 0.717102615625 0.7704172093749999 0.7098457421875 0.8225467234374999 0.7700005453125 0.8088116859375001
42 0.2868328390625 0.57450911875 0.2867316671875 0.48278354375 0.24949216718749997 0.484174190625 0.2507294625 0.5762949765625 0.2868328390625 0.57450911875
41 0.32445915468750003 0.573627640625 0.328463628125 0.48236222968750003 0.2909885015625 0.4851563453125 0.2888784953125 0.5773723000000001 0.32445915468750003 0.573627640625
35 0.360562653125 0.5718418265625 0.362599784375 0.48386275 0.32862065625 0.484237975 0.32527185625 0.573756359375 0.360562653125 0.5718418265625
39 0.3945098421875 0.56918255625 0.396039709375 0.48365930468749996 0.36324180156249997 0.48468709218750006 0.3596213953125 0.570660571875 0.3945098421875 0.56918255625
37 0.42687513906249996 0.56680465 0.4309545375 0.4841894421875 0.39935317812500004 0.4839030328125 0.395160003125 0.56928553125 0.42687513906249996 0.56680465
35 0.45632596718749996 0.5651841859375 0.46165593281249995 0.48417723281249997 0.432418390625 0.4826049 0.42663056250000003 0.5664841578125 0.45632596718749996 0.5651841859375
33 0.48455865468750003 0.56365255625 0.4917898515625 0.48332516875 0.4649813984375 0.482134325 0.4585082625 0.5640290218749999 0.48455865468750003 0.56365255625
34 0.5272213171875 0.56253039375 0.5359465078125 0.484694090625 0.49708062656249996 0.48459193906250003 0.48645105468749994 0.56432748125 0.5272213171875 0.56253039375
36 0.5689429765625 0.5578823578125001 0.5737587546875 0.4827144875 0.53523901875 0.48350675625 0.531957478125 0.5610293015625001 0.5689429765625 0.5578823578125001
23 0.6235976609375 0.5567835140625 0.6202632546875 0.4732056578125 0.573919196875 0.47912739843749996 0.56931461875 0.5586916140625 0.6235976609375 0.5567835140625
15 0.6935416140624999 0.556980659375 0.6698346468749999 0.475900921875 0.6181947203125 0.47413344999999996 0.6300523046875 0.55705541875 0.6935416140624999 0.556980659375