13 0.09140625 0.42421875 0.1640625 0.1984375
13 0.2203125 0.39765625 0.1640625 0.2
14 0.059375 0.21171875 0.11875 0.1953125
19 0.1703125 0.1890625 0.175 0.203125
13 0.30234375 0.14609375 0.1734375 0.196875
8 0.353125 0.3578125 0.1671875 0.21875
9 0.4828125 0.33203125 0.1609375 0.2109375
10 0.64375 0.3171875 0.1640625 0.19375
11 0.76953125 0.2921875 0.1625 0.1875
1 0.80703125 0.49296875 0.1671875 0.121875
29 0.565625 0.5375 0.1625 0.115625
5 0.334375 0.58125 0.165625 0.121875
0 0.68359375 0.50859375 0.1109375 0.1234375
28 0.44765625 0.54921875 0.1109375 0.128125
4 0.2171875 0.58828125 0.1046875 0.1328125
12 0.13671875 0.60234375 0.0984375 0.11875
16 0.86796875 0.62578125 0.1140625 0.1390625
6 0.77578125 0.64140625 0.1125 0.1328125
6 0.68515625 0.65859375 0.1140625 0.1296875
30 0.5953125 0.678125 0.115625 0.13125
24 0.503125 0.6953125 0.1078125 0.125
24 0.415625 0.71328125 0.1109375 0.1296875
24 0.32734375 0.72421875 0.1046875 0.13125
3 0.24765625 0.73359375 0.1015625 0.1265625
2 0.16796875 0.7484375 0.0953125 0.125
17 0.89375 0.85625 0.175 0.1171875
17 0.8174419703125 0.8081081421875 0.962198503125 0.77940764375 0.919690275 0.7391073375 0.78680335625 0.7627545718750001 0.8174419703125 0.8081081421875
7 0.74296875 0.88203125 0.16875 0.1234375
7 0.74921875 0.9421875 0.1625 0.0671875
7 0.662182553125 0.83935115 0.8061330484375 0.8135591046874999 0.7793786468749999 0.761992103125 0.6510638984375 0.78420593125 0.662182553125 0.83935115
31 0.596875 0.90703125 0.165625 0.115625
31 0.5173009265624999 0.85823970625 0.66260031875 0.8310880484375 0.6443889015625001 0.7860480859375001 0.5141012734375 0.8080983859374999 0.5173009265624999 0.85823970625
31 0.60625 0.96484375 0.153125 0.0703125
25 0.38272955625 0.8305959312500001 0.36694256875 0.8870069484374999 0.5100563984375001 0.859755909375 0.5102058656249999 0.8075194609375 0.38272955625 0.8305959312500001
25 0.465625 0.97578125 0.153125 0.0484375
25 0.3265625 0.98515625 0.153125 0.0296875
25 0.31328125 0.94765625 0.1671875 0.1046875
25 0.2326016640625 0.9092129046874999 0.36789994375 0.8867305578125 0.3855240640625 0.8314498218749999 0.25413944375 0.8553547953124999 0.2326016640625 0.9092129046874999
27 0.17578125 0.95390625 0.1609375 0.0921875
25 0.45390625 0.92734375 0.1609375 0.1125
19 0.75 0.08203125 0.175 0.1640625
20 0.61015625 0.09609375 0.1859375 0.1921875