11 0.7597022890625 0.2621105171875 0.8410946156250001 0.25877266250000003 0.8620028078124999 0.1389273046875 0.7695267921875 0.14767973437499998 0.7597022890625 0.2621105171875
10 0.68831531875 0.26770725624999997 0.7645838421875 0.2609269703125 0.78126119375 0.1310982921875 0.694706196875 0.135374975 0.68831531875 0.26770725624999997
9 0.6010032078124999 0.275993975 0.6984661265625001 0.2727416296875 0.7036633250000001 0.13609275 0.6023010734375001 0.14137671875 0.6010032078124999 0.275993975
8 0.5133030187500001 0.2768792625 0.604652203125 0.27487500625 0.6075782390625 0.14205609218749998 0.5175408499999999 0.1458188125 0.5133030187500001 0.2768792625
20 0.4332402234375 0.282002875 0.5207463734375 0.27741687187499997 0.5162292421875 0.1440603109375 0.42039129375 0.149751209375 0.4332402234375 0.282002875
20 0.3591458875 0.2831027890625 0.43698619218749996 0.282734290625 0.42826632968749995 0.1635139390625 0.347145625 0.1674978015625 0.3591458875 0.2831027890625
19 0.28149962500000003 0.2871720578125 0.36417280937499996 0.2846948453125 0.35170706875 0.16474304374999998 0.26824691093749997 0.1658377296875 0.28149962500000003 0.2871720578125
19 0.19877786718749998 0.28872416875 0.282683603125 0.286182290625 0.2715473015625 0.16801630625 0.18372898437500002 0.174903109375 0.19877786718749998 0.28872416875
13 0.2241017734375 0.41820707968750004 0.31540237968749996 0.4152776875 0.30835145625 0.3043194375 0.2170753328125 0.309917003125 0.2241017734375 0.41820707968750004
13 0.3178188171875 0.41422329375 0.39551366093749996 0.41107923281250003 0.3886082 0.302896565625 0.3050994671875 0.308780840625 0.3178188171875 0.41422329375
13 0.39551366093749996 0.41107923281250003 0.465862028125 0.4092479 0.4624600984375 0.29717068125 0.3866563515625 0.30218863281249997 0.39551366093749996 0.41107923281250003
14 0.465765053125 0.4073975140625 0.5347840781250001 0.4037803796875 0.5320608765625 0.30465584218749997 0.45957240781250003 0.3076392296875 0.465765053125 0.4073975140625
14 0.5309896203125 0.40212376875 0.6013380828125 0.40029243125 0.6072422140625 0.3007157546875 0.5334843921875 0.30260667343750003 0.5309896203125 0.40212376875
14 0.6012895953124999 0.3993672203125 0.67277354375 0.3956209046875 0.677590578125 0.2988844046875 0.6015348671875 0.30367628125 0.6012895953124999 0.3993672203125
2 0.7798211359375 0.388387271875 0.8374015781249999 0.3866065890625 0.8408527906250001 0.31097022343749997 0.7800736125000001 0.313172459375 0.7798211359375 0.388387271875
3 0.72236999375 0.39263513906249997 0.779918109375 0.3902376484375 0.7811306109375 0.3190480390625 0.72380909375 0.320757140625 0.72236999375 0.39263513906249997
3 0.66817309375 0.39609395625 0.7248671812499999 0.3931227453125 0.7267075609375 0.3181893015625 0.6723181140625 0.321137678125 0.66817309375 0.39609395625
0 0.6800934 0.4820574921875 0.6801152890625 0.419589115625 0.6208995171875 0.42118805625 0.6193556921875001 0.4864776 0.6800934 0.4820574921875
1 0.6160368 0.4860330359375 0.617203515625 0.42968953593750003 0.529905425 0.4344561578125 0.531309359375 0.488617953125 0.6160368 0.4860330359375
28 0.5289414078125 0.49059751093750004 0.529752553125 0.4274692921875 0.46674963593749996 0.42849404687500003 0.4705716515625 0.4930380625 0.5289414078125 0.49059751093750004
29 0.46722037343749995 0.491976715625 0.466083725 0.4388463671875 0.3779314875 0.4439661015625 0.381736003125 0.495838284375 0.46722037343749995 0.491976715625
4 0.381736003125 0.495838284375 0.3766339703125 0.42992749999999996 0.3166689640625 0.43481411249999996 0.32257692968749996 0.49893867968750005 0.381736003125 0.495838284375
5 0.3242677203125 0.4997590734375 0.31886117812500003 0.4437600609375 0.2329474125 0.44924640312499997 0.2404266953125 0.503534515625 0.3242677203125 0.4997590734375
15 0.6762196515625 0.5653535171875 0.6735826031250001 0.49931355 0.6044706171875001 0.5008607703125 0.6080547796875 0.5695443640625 0.6762196515625 0.5653535171875
23 0.6064760203125 0.5708640828125 0.6035803750000001 0.49988977187500006 0.5357158078125 0.5060093859375 0.539100403125 0.5743950890625 0.6064760203125 0.5708640828125
25 0.5782428609375 0.7238732109375 0.65475369375 0.7217188578125 0.659950446875 0.6793893609375 0.583098265625 0.6827841890624999 0.5782428609375 0.7238732109375
25 0.580971721875 0.7602208984375001 0.654952925 0.756962234375 0.6620192328125001 0.7188641515625 0.585198165625 0.7228526578125 0.580971721875 0.7602208984375001
25 0.576240978125 0.79572264375 0.6502221765625 0.7924639328125 0.658239490625 0.7567899921875 0.5840139625 0.7592299203125 0.576240978125 0.79572264375
25 0.5005465015625 0.7662912875 0.5761063984375 0.761712884375 0.575519271875 0.7190680046875 0.500790109375 0.724185640625 0.5005465015625 0.7662912875
25 0.5031460703125 0.8001718640625001 0.5729866109375 0.7965116765625 0.5761063984375 0.761712884375 0.5019837609375 0.7666195953125 0.5031460703125 0.8001718640625001
31 0.415522984375 0.7317824734375 0.49374175468750003 0.7307756390625 0.49239763593749997 0.6894074125 0.41768740781249997 0.6914530046875 0.415522984375 0.7317824734375
31 0.42290958125 0.778400425 0.49764783125 0.7738650328125 0.49889793750000005 0.734834809375 0.42220554374999997 0.7383487125 0.42290958125 0.778400425
31 0.42866641406249995 0.809641575 0.5009073546875 0.8046185843749999 0.500015784375 0.7718854984375 0.4262794703125 0.7767684 0.42866641406249995 0.809641575
17 0.3463423984375 0.7323156359375 0.41861566406249995 0.727909453125 0.4174654953125 0.6902420015625 0.34055189375 0.6939501781249999 0.3463423984375 0.7323156359375
17 0.34831421093750004 0.7699400515625 0.422424709375 0.7691485218749999 0.42054987187500004 0.7333744828125 0.345814746875 0.7353982109375 0.34831421093750004 0.7699400515625
17 0.3562639125 0.8115805484375 0.4285047890625 0.8065576078125 0.42501899375 0.7714864734375 0.3509968375 0.77530515 0.3562639125 0.8115805484375
7 0.265981953125 0.7396195859375 0.3448930671875 0.73610255625 0.34121332031249996 0.697330646875 0.2604957203125 0.699691071875 0.265981953125 0.7396195859375
7 0.27202970937500004 0.7764118640625 0.3493298640625 0.7735977390625 0.3457147078125 0.7360594953125 0.26571819375 0.7403685578125 0.27202970937500004 0.7764118640625
7 0.2806393671875 0.814925384375 0.357053228125 0.8109207046875 0.34929754062499996 0.7729809546874999 0.27069836875000003 0.776422759375 0.2806393671875 0.814925384375
27 0.6603406015625 0.79688156875 0.7318891375 0.7943688234375 0.7356042296874999 0.7552093906249999 0.6600816953125 0.7560160437500001 0.6603406015625 0.79688156875
27 0.7317275125 0.79128485625 0.80491945625 0.7886859859375 0.810407134375 0.7519076625000001 0.73733835625 0.7558305125 0.7317275125 0.79128485625
6 0.337172296875 0.6528576 0.328163946875 0.6067369671875 0.2731771640625 0.6098610578125 0.2846510875 0.6568470921875 0.337172296875 0.6528576
16 0.383861996875 0.652884640625 0.3797189328125 0.6052720734375 0.3293684328125 0.6074313078125 0.33616297500000003 0.6545597859375001 0.383861996875 0.652884640625
12 0.4385742921875 0.64878031875 0.43425882812500005 0.5978781734374999 0.38257768593749997 0.600521853125 0.3862254828125 0.656059371875 0.4385742921875 0.64878031875
30 0.486230259375 0.646282775 0.48298872499999995 0.5949120296875 0.43394751718749996 0.5978296750000001 0.43747877031250004 0.6488377328125 0.486230259375 0.646282775
26 0.517234415625 0.6420733890625 0.5148516187500001 0.5966069140625 0.48409896406249997 0.59792406875 0.48548662968749995 0.6426769609375 0.517234415625 0.6420733890625
24 0.5634614250000001 0.6415061984375 0.56288664375 0.5901135125 0.5145920328125 0.5900343046875001 0.5172898296875 0.6431307546875 0.5634614250000001 0.6415061984375
24 0.6124916375 0.6405270359374999 0.609540846875 0.5842226015625 0.5627072796875 0.5898306828125001 0.5646286765624999 0.643565553125 0.6124916375 0.6405270359374999
24 0.6641311562500001 0.6354351265625 0.6621894609375001 0.5849092734375 0.610191840625 0.5860175562500001 0.612746821875 0.6386582 0.6641311562500001 0.6354351265625
36 0.5003654875 0.57622496875 0.5380719203125001 0.5747789812499999 0.535071484375 0.51079024375 0.495148584375 0.5138972890625 0.5003654875 0.57622496875
34 0.45950366093749995 0.5781013734375 0.4971823890625 0.5761267140624999 0.49206916093749997 0.5122486937499999 0.45421679687500005 0.5163735734375 0.45950366093749995 0.5781013734375
33 0.43125684218749993 0.5783223109375 0.45877652968750005 0.5787355171875 0.454778296875 0.5142358046875 0.4279316875 0.515424846875 0.43125684218749993 0.5783223109375
35 0.40292190625 0.5800392125 0.4300486 0.5788494921875 0.4248663921875 0.515339553125 0.396679084375 0.51619348125 0.40292190625 0.5800392125
37 0.37329954375 0.5807728671875 0.402595215625 0.5797014125 0.3973281546875 0.5145723890625 0.3696190625 0.5158731421875 0.37329954375 0.5807728671875
39 0.34590109999999996 0.582672625 0.374272403125 0.5816496328125 0.36785770625 0.5182042703125 0.33854818125 0.5201092375 0.34590109999999996 0.582672625
38 0.318478375 0.584109790625 0.3456172046875 0.5831513875 0.33936518437499996 0.5169143046875 0.3087912421875 0.5199302390625 0.318478375 0.584109790625
41 0.2907499359375 0.584906521875 0.3184329546875 0.5831022984375 0.3099803875 0.520636265625 0.28147237187499996 0.5216958625 0.2907499359375 0.584906521875