19 0.20703125 0.1765625 0.1140625 0.15
19 0.3015625 0.178125 0.11875 0.1421875
20 0.40078125 0.17421875 0.1109375 0.134375
8 0.60078125 0.16796875 0.109375 0.1390625
10 0.79609375 0.1609375 0.109375 0.1359375
11 0.903125 0.15234375 0.1265625 0.15625
2 0.93125 0.3140625 0.0796875 0.0890625
3 0.8609375 0.31328125 0.0734375 0.0859375
3 0.79375 0.31640625 0.0765625 0.0890625
14 0.71171875 0.3234375 0.0984375 0.1265625
14 0.61953125 0.32578125 0.1046875 0.128125
14 0.52109375 0.33203125 0.10625 0.121875
13 0.39765625 0.33359375 0.10625 0.13125
13 0.3 0.3359375 0.1046875 0.13125
13 0.2078125 0.33984375 0.1078125 0.1359375
5 0.2453125 0.46484375 0.115625 0.071875
4 0.34296875 0.4546875 0.078125 0.0921875
29 0.43359375 0.4546875 0.1109375 0.0734375
28 0.52578125 0.45 0.078125 0.0828125
1 0.62109375 0.4484375 0.1109375 0.0734375
0 0.715625 0.43671875 0.084375 0.0859375
15 0.70859375 0.546875 0.0921875 0.1046875
23 0.621875 0.55234375 0.090625 0.103125
24 0.64296875 0.6609375 0.0734375 0.084375
24 0.57578125 0.66640625 0.0703125 0.0828125
30 0.45625 0.67109375 0.071875 0.084375
26 0.51875 0.67734375 0.053125 0.075
12 0.384375 0.67265625 0.0765625 0.0875
16 0.31484375 0.68203125 0.0765625 0.0859375
6 0.24453125 0.68828125 0.0734375 0.0859375
7 0.1989530953125 0.8502890437499999 0.309180540625 0.84420478125 0.30689262500000003 0.7786874421875 0.194566728125 0.7856957625 0.1989530953125 0.8502890437499999
7 0.26015625 0.9375 0.1109375 0.0671875
17 0.31207695156250004 0.9043436874999999 0.316157484375 0.9656626125000001 0.42255758437499996 0.958310259375 0.4185165859375 0.898863346875 0.31207695156250004 0.9043436874999999
31 0.41682366249999997 0.8330419359375 0.5227395546875 0.8257065062500001 0.5210159062499999 0.7624869000000001 0.4136481515625 0.769873034375 0.41682366249999997 0.8330419359375
31 0.42308098281250006 0.9590712890624999 0.5294594671875 0.952129159375 0.5287411734374999 0.8905364953125 0.42081930156249997 0.8943052109374999 0.42308098281250006 0.9590712890624999
25 0.529107703125 0.9508075500000001 0.635329871875 0.943980715625 0.63511036875 0.8821632906250001 0.5277672046874999 0.8902759203124999 0.529107703125 0.9508075500000001
25 0.5296783609375 0.8894801609374999 0.6337081437500001 0.8836652984375 0.6329536953125 0.8204118421875 0.526736465625 0.826560215625 0.5296783609375 0.8894801609374999
25 0.5219375921875 0.824013859375 0.6264262125 0.817455621875 0.624322975 0.7546137328125 0.5202908390625 0.762973634375 0.5219375921875 0.824013859375
25 0.6396959078125 0.823355528125 0.7417562296875 0.8166140515625001 0.743422834375 0.753276059375 0.6375196265625 0.7609747234375 0.6396959078125 0.823355528125
25 0.6371931875 0.8815741203125 0.7472989140624999 0.8777291437500001 0.7463078125 0.8185427875 0.637844003125 0.8223304265625 0.6371931875 0.8815741203125
25 0.742182559375 0.8773265046875001 0.7419051515625 0.9387976124999999 0.8458588515625 0.9308033453125001 0.848111159375 0.8703543046875 0.742182559375 0.8773265046875001
25 0.7460816421875001 0.8779177046875001 0.8474344546875001 0.8702916640625 0.8489235125000001 0.8103192343750001 0.7463463453125 0.8160833703125 0.7460816421875001 0.8779177046875001
27 0.8458081140625 0.9293503984375 0.9440146296874999 0.9233752171875 0.9477322609375 0.86323869375 0.848085790625 0.869627846875 0.8458081140625 0.9293503984375
27 0.8470137703124999 0.8679005640625 0.944241278125 0.8604511796875001 0.9523929390625 0.8023418796874999 0.85087301875 0.8106148375 0.8470137703124999 0.8679005640625
41 0.3218283796875 0.613167128125 0.3614585453125 0.6117832125 0.35843650625 0.5252433703125 0.3144626296875 0.527399515625 0.3218283796875 0.613167128125
35 0.415625 0.5671875 0.0421875 0.0875
33 0.45390625 0.56484375 0.04375 0.0875
34 0.5299343984375 0.6035887625 0.5812463171875 0.601169871875 0.5760148703125 0.517049346875 0.5257308562499999 0.5190399171875 0.5299343984375 0.6035887625
36 0.47491291718750006 0.6076194296875 0.5290436765625001 0.605218734375 0.5237884046875 0.5205131859375001 0.46912296875 0.5224221453125 0.47491291718750006 0.6076194296875
20 0.50234375 0.1703125 0.1125 0.1453125
9 0.69375 0.1640625 0.103125 0.140625
37 0.36171960468750003 0.6126763390625001 0.4007817359375 0.6116656140625001 0.393248440625 0.5215567640625001 0.3555677046875 0.5228726046875 0.36171960468750003 0.6126763390625001
40 0.28265853124999996 0.6178223046875 0.321733009375 0.617164521875 0.3135655 0.5291592296875 0.2763848265625 0.5302229953125 0.28265853124999996 0.6178223046875
44 0.24360871718750002 0.619185953125 0.28265853124999996 0.6178223046875 0.2762470453125 0.5286455890624999 0.23480784843750002 0.529032590625 0.24360871718750002 0.619185953125
45 0.2065051921875 0.622327515625 0.2441312546875 0.6206602296875 0.2354612296875 0.5317765953125 0.1969012359375 0.5338269828125 0.2065051921875 0.622327515625
24 0.71953125 0.66015625 0.08125 0.0890625
25 0.639017346875 0.9426631859375 0.7430782546875 0.9343048421875 0.742067921875 0.8776065171875 0.637395940625 0.8823494171874999 0.639017346875 0.9426631859375
31 0.4238602046875 0.8957123375 0.528361521875 0.8895173375000001 0.5261134078125 0.8261700515625 0.4192447375 0.832957390625 0.4238602046875 0.8957123375
17 0.315647725 0.9060340296874999 0.42395932187499996 0.89788758125 0.4214944734375 0.83662915 0.3100932421875 0.8405193671875001 0.315647725 0.9060340296874999
17 0.4146903125 0.77128799375 0.30590719375000003 0.7798145843750001 0.30957960625 0.8433298109375 0.4183119890625 0.8333502875000001 0.4146903125 0.77128799375
7 0.205412921875 0.91320941875 0.314602109375 0.907264915625 0.30919715000000003 0.84404401875 0.201577896875 0.8499298218750001 0.205412921875 0.91320941875