9 0.7143373984375 0.3303952140625 0.7981249312500001 0.3491275984375 0.86802161875 0.21161582656250003 0.7798615578125 0.183778259375 0.7143373984375 0.3303952140625
13 0.712365346875 0.32795993437500004 0.770149575 0.21024341093749999 0.687451025 0.16812262656250002 0.6369848640625 0.309162365625 0.712365346875 0.32795993437500004
14 0.5959918390625 0.1339954125 0.539122821875 0.287471321875 0.637655240625 0.3122042640625 0.6906976640625 0.16549240468749998 0.5959918390625 0.1339954125
32 0.73207991875 0.3787878234375 0.7008714671875 0.4630431875 0.7320286796875 0.4691602140625 0.763739521875 0.38654565937499996 0.73207991875 0.3787878234375
33 0.6690224 0.3664008296875 0.6352403 0.4511623 0.6699549234375 0.45864874375 0.7007740578125 0.3732822984375 0.6690224 0.3664008296875
35 0.63040081875 0.357468240625 0.6032372234375 0.44381242031249996 0.6395554171875 0.4501372859375 0.66565655 0.3647179796875 0.63040081875 0.357468240625
45 0.5956369984375 0.3511562453125 0.569705390625 0.44058060625 0.6050071765625 0.4473921640625 0.630308709375 0.358344603125 0.5956369984375 0.3511562453125
44 0.561871696875 0.3409619453125 0.5362477765625 0.4330768140625 0.570335465625 0.4402038078125 0.5989254374999999 0.3479576421875 0.561871696875 0.3409619453125
43 0.525985890625 0.334088984375 0.49936350625000003 0.430086184375 0.5358793328125 0.436582321875 0.5611034546875 0.34265330625 0.525985890625 0.334088984375
40 0.48615027031249997 0.32547181406250003 0.4612338359375 0.4220913390625 0.50053149375 0.43020894375 0.529397796875 0.335333653125 0.48615027031249997 0.32547181406250003
41 0.4508024828125 0.3190984421875 0.4223344125 0.41616196250000004 0.46293978750000003 0.4227136640625 0.48722619843750004 0.3264709625 0.4508024828125 0.3190984421875
5 0.5994179984375 0.5686447203125 0.692417271875 0.576383459375 0.7126047546875001 0.5191394500000001 0.6147686609375 0.506198290625 0.5994179984375 0.5686447203125
29 0.49847551093750003 0.5513915390624999 0.593720825 0.56601004375 0.6127550203125 0.5028854578125 0.5186532171875 0.4881216421875 0.49847551093750003 0.5513915390624999
7 0.402420090625 0.46482934687500005 0.389027015625 0.5360783265625 0.49265704687499995 0.5500714734375001 0.508693834375 0.48175852812500003 0.402420090625 0.46482934687500005
15 0.64140625 0.6421875 0.096875 0.0921875
23 0.56171875 0.63515625 0.090625 0.0953125
24 0.490625 0.62109375 0.0765625 0.084375
31 0.4723246125 0.6030771453125 0.36788023281250004 0.5912135375 0.352611684375 0.65783511875 0.4562104140625 0.6665086359375 0.4723246125 0.6030771453125
27 0.34648813437500003 0.761038996875 0.3322788609375 0.8175822578125 0.4250578546875 0.8224604046874999 0.44335516249999996 0.7663468359375 0.34648813437500003 0.761038996875
25 0.43378981093749996 0.8339258671875 0.525937409375 0.8401517406250001 0.5440191953125 0.7804712640625 0.45182416875 0.7756544953125 0.43378981093749996 0.8339258671875
25 0.5271212453125 0.8350985890624999 0.6126755890625 0.835091378125 0.632494628125 0.7813528765625 0.546401225 0.7802786046875 0.5271212453125 0.8350985890624999