14 0.51875 0.18359375 0.0984375 0.1390625
14 0.615625 0.18515625 0.1 0.1453125
13 0.70703125 0.19296875 0.096875 0.1390625
13 0.8 0.196875 0.1109375 0.1359375
22 0.3140625 0.175 0.090625 0.1265625
22 0.23046875 0.1703125 0.0828125 0.125
23 0.78828125 0.3515625 0.084375 0.1046875
15 0.70859375 0.35 0.0890625 0.103125
9 0.52578125 0.32890625 0.09375 0.1265625
10 0.4328125 0.32265625 0.09375 0.1265625
11 0.34609375 0.3171875 0.0875 0.125
3 0.27578125 0.3296875 0.0671875 0.0890625
2 0.2171875 0.32734375 0.0609375 0.084375
1 0.40859375 0.4375 0.1046875 0.0703125
28 0.50703125 0.440625 0.0671875 0.0703125
29 0.59140625 0.44765625 0.1078125 0.071875
4 0.67421875 0.45 0.0671875 0.075
5 0.76328125 0.45625 0.1125 0.0734375
12 0.765625 0.56171875 0.0671875 0.08125
24 0.38046875 0.6453125 0.0671875 0.0796875
24 0.44140625 0.65 0.0640625 0.0765625
24 0.51640625 0.6546875 0.0671875 0.075
26 0.57421875 0.6625 0.053125 0.0703125
30 0.6328125 0.66484375 0.0703125 0.078125
16 0.7 0.67109375 0.0703125 0.078125
7 0.71875 0.89140625 0.1078125 0.0671875
17 0.62421875 0.82734375 0.1046875 0.0609375
17 0.61640625 0.88203125 0.096875 0.059375
17 0.62578125 0.771875 0.10625 0.065625
31 0.52578125 0.75859375 0.103125 0.065625
31 0.525 0.81484375 0.1 0.0609375
31 0.5203125 0.86953125 0.0984375 0.059375
25 0.42421875 0.859375 0.096875 0.0609375
25 0.425 0.80546875 0.0984375 0.0625
25 0.32890625 0.8515625 0.0953125 0.0578125
25 0.33046875 0.796875 0.1015625 0.0671875
27 0.234375 0.84296875 0.0953125 0.0625
34 0.4265625 0.5359375 0.0515625 0.0796875
33 0.46796875 0.53984375 0.0390625 0.0796875
35 0.5015625 0.54140625 0.0375 0.0796875
37 0.53671875 0.54609375 0.0390625 0.078125
39 0.571875 0.54609375 0.040625 0.0796875
38 0.60625 0.54765625 0.040625 0.0828125
41 0.64296875 0.55078125 0.0421875 0.0828125
42 0.678125 0.55234375 0.0390625 0.08125
40 0.7140625 0.55546875 0.0421875 0.0828125
18 0.41328125 0.178125 0.1234375 0.1390625
18 0.61796875 0.3328125 0.0984375 0.125
18 0.76640625 0.67421875 0.0671875 0.084375
18 0.3765625 0.5265625 0.0515625 0.0671875