19 0.19140625 0.16171875 0.1296875 0.15
19 0.3 0.1515625 0.11875 0.14375
8 0.5765625 0.12421875 0.1015625 0.1453125
9 0.659375 0.1125 0.1015625 0.140625
10 0.73984375 0.1078125 0.090625 0.134375
11 0.8109375 0.10078125 0.0875 0.1296875
13 0.2515625 0.31796875 0.115625 0.1453125
13 0.34296875 0.30390625 0.103125 0.1453125
13 0.42578125 0.29609375 0.1 0.13125
14 0.509375 0.28359375 0.103125 0.1296875
14 0.58828125 0.275 0.090625 0.1265625
14 0.66953125 0.26171875 0.0984375 0.1296875
3 0.73359375 0.26796875 0.0671875 0.0921875
3 0.78515625 0.2625 0.06875 0.0890625
2 0.83984375 0.25 0.0703125 0.0953125
29 0.46015625 0.4171875 0.1171875 0.0828125
28 0.5453125 0.40078125 0.078125 0.090625
1 0.6265625 0.39296875 0.1078125 0.0859375
0 0.7015625 0.37421875 0.0703125 0.0890625
15 0.6984375 0.47890625 0.084375 0.103125
24 0.7234375 0.575 0.0671875 0.084375
24 0.66171875 0.5875 0.06875 0.0796875
24 0.6046875 0.60234375 0.0671875 0.08125
26 0.55703125 0.61875 0.053125 0.071875
30 0.5015625 0.62578125 0.0765625 0.0890625
12 0.4390625 0.63984375 0.0734375 0.0921875
16 0.37265625 0.65859375 0.0828125 0.090625
6 0.296875 0.6703125 0.0890625 0.103125
27 0.915625 0.703125 0.0953125 0.0796875
27 0.91875 0.7609375 0.090625 0.075
25 0.82578125 0.7296875 0.0953125 0.0765625
7 0.33125 0.7984375 0.1203125 0.0890625
7 0.34609375 0.86953125 0.1203125 0.0921875
7 0.35703125 0.9328125 0.121875 0.0921875
25 0.7678705703125 0.7127962390625 0.6799910687499999 0.7334710234374999 0.6929144015625 0.7926823859375001 0.7806686296875001 0.7676832234375001 0.7678705703125 0.7127962390625
25 0.7853040421874999 0.7686054078125 0.6945772703124999 0.7936001546875 0.706589815625 0.8517880281249999 0.799094675 0.827848421875 0.7853040421874999 0.7686054078125
25 0.8760779781249999 0.7457784578125 0.785498603125 0.7693073515625 0.7981045421874999 0.8262603609375001 0.8850273390625001 0.800802325 0.8760779781249999 0.7457784578125
25 0.6839769921875 0.7368139703125001 0.5999958734375 0.7591069171875 0.615689575 0.8162017390624999 0.6951706640624999 0.7923652890625 0.6839769921875 0.7368139703125001
25 0.696164415625 0.7962374234375 0.6093967515625 0.8205405656250001 0.6200638140625 0.8800689828125 0.7068278578125 0.8534817875 0.696164415625 0.7962374234375
31 0.586907275 0.7080204546875 0.4888302890625 0.73212605625 0.49854854531250004 0.7958179703125 0.6022935171875 0.7645413265625 0.586907275 0.7080204546875
31 0.5980551468749999 0.7668707578125 0.5030611328125 0.7951837687500001 0.515153034375 0.85393628125 0.6159689937499999 0.8236469828124999 0.5980551468749999 0.7668707578125
31 0.6074212953125 0.826690715625 0.5136488578125 0.8541476796874999 0.5255027078125 0.9112063656249999 0.6204605484375 0.8828918859374999 0.6074212953125 0.826690715625
17 0.4826700046875 0.7305818015625001 0.3812040953125 0.7576151062500001 0.396780421875 0.819332253125 0.497834425 0.7907367375 0.4826700046875 0.7305818015625001
17 0.5006499453125001 0.7971029234375 0.3990780640625 0.8247666625000001 0.4099831734375 0.88598888125 0.5117478921874999 0.8515361828125 0.5006499453125001 0.7971029234375
17 0.5115995640625 0.8545425906249999 0.41148735 0.885777484375 0.42456942499999994 0.9461179625 0.5249093109375 0.9124412109375 0.5115995640625 0.8545425906249999
42 0.274777796875 0.607875821875 0.2514301171875 0.5220516453124999 0.2115123875 0.5282004046875 0.2371561265625 0.6160738359375 0.274777796875 0.607875821875
41 0.312422915625 0.599844653125 0.290929965625 0.512344634375 0.256448125 0.5208078406250001 0.2785462078125 0.6071005640625 0.312422915625 0.599844653125
38 0.35364746875 0.5936351203125 0.33282535625 0.5048982453125 0.2943563234375 0.5146485734375 0.3153680546875 0.6010939750000001 0.35364746875 0.5936351203125
39 0.37236191875 0.5003806609375 0.33589486874999996 0.50673168125 0.35504780937499997 0.5917750828125 0.39103991250000003 0.5838060734375 0.37236191875 0.5003806609375
37 0.40882374062500004 0.4936979109375 0.37365806875 0.4995406953125 0.392210575 0.584252715625 0.4276021515625 0.5759522718750001 0.40882374062500004 0.4936979109375
35 0.4442484109375 0.484563628125 0.409707559375 0.49197943593750004 0.4300041546875 0.577277909375 0.46370886718750004 0.5687987703124999 0.4442484109375 0.484563628125
33 0.4986146609375 0.5609824328124999 0.48085341406250004 0.478899671875 0.4464720171875 0.485565096875 0.4647952984375 0.5686460828125 0.4986146609375 0.5609824328124999
34 0.5464422015625 0.550518446875 0.5328651578125 0.4695120640625 0.4880106046875 0.477648196875 0.5006727890625 0.559861565625 0.5464422015625 0.550518446875
36 0.5949574171875 0.544947509375 0.5804804828125001 0.46333962343749996 0.5373829859375 0.4702935609375 0.5496738703124999 0.5538065296875 0.5949574171875 0.544947509375
18 0.6265625 0.49453125 0.084375 0.1