11 0.2987957609375 0.230009003125 0.30769611874999997 0.0807310546875 0.21281642500000003 0.06357329218749999 0.2044757078125 0.21073122031249997 0.2987957609375 0.230009003125
10 0.35546875 0.1703125 0.125 0.1625
9 0.45078125 0.190625 0.121875 0.159375
8 0.54375 0.215625 0.1125 0.153125
22 0.63203125 0.23515625 0.10625 0.146875
20 0.70859375 0.25703125 0.0984375 0.140625
19 0.7953125 0.2703125 0.1046875 0.1359375
14 0.42109375 0.34296875 0.115625 0.1375
14 0.509375 0.36171875 0.1046875 0.1375
14 0.59140625 0.37734375 0.096875 0.128125
13 0.67265625 0.3921875 0.0984375 0.1296875
13 0.75078125 0.4046875 0.09375 0.1296875
13 0.83359375 0.421875 0.1015625 0.128125
3 0.2921875 0.33671875 0.084375 0.1015625
2 0.2203125 0.3203125 0.0890625 0.103125
18 0.35078125 0.34609375 0.0671875 0.09375
0 0.396875 0.46875 0.0796875 0.0859375
1 0.47890625 0.4859375 0.1046875 0.0796875
28 0.55625 0.49296875 0.06875 0.084375
29 0.63359375 0.51171875 0.1 0.08125
4 0.71328125 0.5203125 0.06875 0.0859375
5 0.7921875 0.5375 0.1 0.0765625
15 0.38359375 0.5703125 0.096875 0.1
23 0.4609375 0.5796875 0.0921875 0.096875
24 0.3515625 0.6703125 0.0765625 0.0828125
24 0.415625 0.67734375 0.071875 0.08125
24 0.47421875 0.68046875 0.0671875 0.078125
26 0.52109375 0.6921875 0.0515625 0.0703125
30 0.5765625 0.70078125 0.075 0.08125
12 0.63515625 0.70625 0.06875 0.078125
16 0.69453125 0.71484375 0.0671875 0.078125
6 0.74921875 0.71640625 0.06875 0.078125
27 0.18818229375 0.9156787421875 0.19672415625 0.8576223000000001 0.092461115625 0.8488492796875 0.0845428890625 0.9078884796875 0.18818229375 0.9156787421875
27 0.20175361249999998 0.8599727312500001 0.2094144 0.801745025 0.10354345625000001 0.7918355796875 0.0909369 0.8514737578125 0.20175361249999998 0.8599727312500001
25 0.296631709375 0.9175400296875 0.3071551703125 0.8681055234375 0.208025634375 0.860165175 0.1956355390625 0.91026350625 0.296631709375 0.9175400296875
25 0.3086601890625 0.8697708734375 0.32059792656249997 0.8130609124999999 0.21580283437499997 0.80250901875 0.2057733640625 0.8628132859375001 0.3086601890625 0.8697708734375
25 0.4001425625 0.925991640625 0.41143740156249997 0.8725887374999999 0.3121137546875 0.8658202578124999 0.301532546875 0.920551796875 0.4001425625 0.925991640625
25 0.31521354687500003 0.8689855234375001 0.41143740156249997 0.8725887374999999 0.42298937187499996 0.8178630124999999 0.3272797796875 0.811614146875 0.3260193984375 0.81192786875 0.31521354687500003 0.8689855234375001
25 0.44094869374999995 0.7731249046875 0.422199103125 0.8266325953125 0.5188995921874999 0.837192459375 0.533223353125 0.7823191125 0.44094869374999995 0.7731249046875
25 0.5038608734375 0.881630846875 0.5151180234375 0.837830203125 0.42347465156249997 0.8222961953124999 0.4104277625 0.873078875 0.5038608734375 0.881630846875
25 0.4914467765625 0.9313841875 0.5036037484375 0.8829536453125 0.4091097515625 0.8726692921874999 0.3980135265625 0.9228322140625 0.4914467765625 0.9313841875
31 0.5817223375 0.9420679765625 0.5955319734375 0.889840290625 0.5079879468749999 0.881599196875 0.49104213437500005 0.9381695328124999 0.5817223375 0.9420679765625
31 0.5961558499999999 0.8913343656249999 0.6074507625 0.8379314515624999 0.516844278125 0.8301553453125001 0.5036037484375 0.8829536453125 0.5961558499999999 0.8913343656249999
31 0.60267843125 0.83425821875 0.617497640625 0.781540371875 0.5295101734375 0.7708769390625 0.52033261875 0.825115815625 0.60267843125 0.83425821875
17 0.66687776875 0.9414605125 0.6790159265625 0.8978311203124999 0.59727194375 0.8869491703125 0.582879425 0.9361152796875001 0.66687776875 0.9414605125
17 0.6796399375 0.899325221875 0.6945877140625 0.8459459609375 0.6100532921874999 0.8388407796875 0.5971655625000001 0.8908442171875001 0.6796399375 0.899325221875
7 0.7519954375 0.950455321875 0.764409675 0.9007019828124999 0.6788439453125 0.8908000812499999 0.663353465625 0.9407754578124999 0.7519954375 0.950455321875
7 0.7647764203125 0.9035188812499999 0.779081371875 0.8534466703125 0.697776315625 0.84045730625 0.6803015765625 0.8912170250000001 0.7647764203125 0.9035188812499999
36 0.5234375 0.59375 0.059375 0.08125
34 0.56953125 0.6015625 0.0578125 0.0828125
33 0.61015625 0.60625 0.04375 0.08125
35 0.64140625 0.61171875 0.0421875 0.0796875
37 0.6734375 0.615625 0.0421875 0.078125
39 0.7046875 0.62109375 0.04375 0.0796875
38 0.7428447265625 0.663689721875 0.7583209171874999 0.5914636375 0.7285746484375 0.5866074390625 0.7126724203125 0.6599820859375 0.7428447265625 0.663689721875
41 0.7725698515625 0.6678497625 0.7877935015624999 0.596922875 0.7597374171875 0.5926648671875 0.7435875078125 0.66356445 0.7725698515625 0.6678497625
42 0.8012060328124999 0.6720677859374999 0.8221195031249999 0.6014379109375 0.794064965625 0.596305571875 0.7733126312499999 0.6677244906250001 0.8012060328124999 0.6720677859374999