11 1 0.13709865625 0.9279818984375 0.12494444687499999 0.8945480015625 0.2762489203125 1 0.2909393546875 1 0.13709865625
10 0.89357881875 0.2760605296875 0.9212086734374999 0.1359031421875 0.811312309375 0.12491737968750001 0.78817760625 0.26463312499999997 0.89357881875 0.2760605296875
9 0.784138615625 0.2698883125 0.8066869015625 0.1362805140625 0.7081115484375 0.11769284375 0.6845733515625 0.2543099859375 0.784138615625 0.2698883125
8 0.6859460296875 0.257596978125 0.7092308828125 0.11356395781249999 0.6013583546875 0.09769718125 0.581131278125 0.2379780828125 0.6859460296875 0.257596978125
20 0.5813933546875 0.2418042265625 0.6050087375000001 0.093305225 0.5134027390625 0.08966082812500001 0.4894402078125 0.228460575 0.5813933546875 0.2418042265625
20 0.49043015468749995 0.2233677421875 0.511138696875 0.0844913 0.41912841875 0.06756055625 0.399729103125 0.208757415625 0.49043015468749995 0.2233677421875
19 0.40110178124999996 0.2120444109375 0.41885872968750004 0.067497146875 0.329234296875 0.059147365625000003 0.31262187343750003 0.196355715625 0.40110178124999996 0.2120444109375
19 0.31427740000000004 0.1981875734375 0.3279176453125 0.06302557656249999 0.23629126718750001 0.05089661718750001 0.21858901562500002 0.1833628375 0.31427740000000004 0.1981875734375
18 0.9820902953124999 0.45199575000000003 0.9941869828125001 0.3557185390625 0.9230806749999999 0.3416152 0.9055236437499999 0.4371127 0.9820902953124999 0.45199575000000003
3 0.9041301921875 0.43910698437500006 0.9211205078125 0.34340236874999996 0.8471795921874999 0.3336569109375 0.8283913046875 0.42513986406250004 0.9041301921875 0.43910698437500006
3 0.831016084375 0.4271601546875 0.84820586875 0.3367752484375 0.77891148125 0.32265201875 0.7617787093749999 0.41596688750000005 0.831016084375 0.4271601546875
14 0.7591124687499999 0.424509109375 0.784605325 0.2951716125 0.6911010890625 0.2776469328125 0.664393190625 0.40987274687499997 0.7591124687499999 0.424509109375
14 0.662192675 0.4056698109375 0.687276303125 0.2847420734375 0.5905458734375 0.2671614515625 0.5671905546875 0.39248855625 0.662192675 0.4056698109375
14 0.5659385328125001 0.39375524375 0.58997211875 0.2677145671875 0.5001275859375001 0.2510960328125 0.476489434375 0.3778781875 0.5659385328125001 0.39375524375
13 0.4710985265625 0.3745651859375 0.49423317187500004 0.2491048015625 0.40349057187500004 0.23080158437499998 0.38124600625 0.355589540625 0.4710985265625 0.3745651859375
13 0.3799939078125 0.3568562421875 0.4026350671875 0.2350729578125 0.3134758625 0.217834740625 0.29248325 0.341355978125 0.3799939078125 0.3568562421875
13 0.2949666109375 0.344103809375 0.30740130312499997 0.220334415625 0.216252534375 0.2057317984375 0.20357907343749998 0.3278499578125 0.2949666109375 0.344103809375
0 0.7380601437500001 0.531285365625 0.75361033125 0.449626115625 0.67133519375 0.43903613750000003 0.6583196984375 0.51893139375 0.7380601437500001 0.531285365625
1 0.6595987578125 0.5166632078125 0.6701678453125 0.4475553828125 0.559135746875 0.42981079843750003 0.54835943125 0.4981864734375 0.6595987578125 0.5166632078125
28 0.5458185578125 0.4983217921875 0.56071856875 0.41213175625 0.485000309375 0.40155789999999997 0.47531602968750003 0.48587589375 0.5458185578125 0.4983217921875
18 0.47117716249999997 0.481296165625 0.4800527375 0.4011681875 0.3771094421875 0.38310285 0.3687215265625 0.460751615625 0.47117716249999997 0.481296165625
18 0.29301940625 0.449182615625 0.29639734687499997 0.36468314999999996 0.20233482656250001 0.3422089015625 0.195292025 0.4301863359375 0.29301940625 0.449182615625
4 0.365255215625 0.4613362375 0.3737390046875 0.37657265624999997 0.300398640625 0.36378737499999997 0.293709271875 0.449945903125 0.365255215625 0.4613362375
15 0.7228541015625 0.63969803125 0.73634311875 0.549241846875 0.6532867062500001 0.5361998906250001 0.6343645109375 0.6206098 0.7228541015625 0.63969803125
23 0.6355084140625 0.6233489390625 0.6500595484375 0.5348281593750001 0.5642078640625 0.5201431000000001 0.5523189625 0.607178546875 0.6355084140625 0.6233489390625
24 0.7269314875 0.7480837984375001 0.742704 0.662096925 0.6694617578125001 0.6513416140625 0.6517180765624999 0.7296886015624999 0.7269314875 0.7480837984375001
24 0.6536696890625 0.7325847671875 0.6686865109375 0.649281478125 0.5980509734375 0.6349439515624999 0.5823767531249999 0.715580825 0.6536696890625 0.7325847671875
24 0.5838742109374999 0.716501090625 0.5938063484375 0.6355122953125 0.528019853125 0.620072878125 0.51396094375 0.7010237078125 0.5838742109374999 0.716501090625
30 0.4597295578125 0.6911114328125 0.4736277125 0.612151934375 0.4078961 0.5998691859374999 0.3939724046875 0.675812728125 0.4597295578125 0.6911114328125
12 0.3939724046875 0.675812728125 0.4042387609375 0.59709199375 0.34028799374999996 0.5854691187500001 0.3290229 0.6606710140625001 0.3939724046875 0.675812728125
26 0.51096596875 0.6991831625 0.5220617296875 0.632571209375 0.47306398906249997 0.6181993968749999 0.4614800234375 0.6864180703125 0.51096596875 0.6991831625
16 0.328215309375 0.660514034375 0.3398786296875 0.5885118874999999 0.2764825125 0.573066590625 0.2678761390625 0.64752690625 0.328215309375 0.660514034375
6 0.2659245265625 0.644630740625 0.27627534531250003 0.5706463328125 0.2100355546875 0.5570046093750001 0.20077392968750002 0.62189955625 0.2659245265625 0.644630740625
27 0.8878706796875001 0.9808925921875 0.8994004171875 0.9181510656249999 0.786381625 0.8906947046875 0.772745428125 0.9522225109375 0.8878706796875001 0.9808925921875
27 0.8738425890625001 1 0.8791011609374999 0.979447175 0.7687071046875 0.951437540625 0.75926751875 1 0.8738425890625001 1
18 0.7556976625 1 0.7749291031250001 0.8845237312500001 0.45392856249999997 0.8071963734375001 0.43707260156250005 0.9240971375000001 0.724824321875 1 0.7556976625 1
31 0.4515663703125 0.757998590625 0.35156263125 0.734445634375 0.3473999921875 0.7946689124999999 0.44800461875 0.8161120671875001 0.4515663703125 0.757998590625
31 0.44638285624999996 0.8762000265625 0.45495730312499993 0.8160391390624999 0.3492510015625 0.7937703093749999 0.3453241828125 0.8527810671875 0.44638285624999996 0.8762000265625
31 0.43693744843750004 0.9291044375 0.44679760156250004 0.8741926125000001 0.3427833234375 0.8529163171875 0.3384195921875 0.9055501250000001 0.43693744843750004 0.9291044375
17 0.34291841875 0.84790898125 0.3446246515625 0.78516008125 0.25201226718749997 0.767947821875 0.24404713125000002 0.8261735640625 0.34291841875 0.84790898125
17 0.3372584515625 0.9072119937500001 0.342945365625 0.8477174078124999 0.249582903125 0.8278788468749999 0.241517171875 0.8823097734375001 0.3372584515625 0.9072119937500001
18 0.34454018125 0.7878210218749999 0.34512610781249997 0.7286621828125 0.2572181984375 0.706668934375 0.25075051875 0.7658149437499999 0.34454018125 0.7878210218749999
7 0.25272334218750003 0.7672962765625 0.1545205875 0.747738953125 0.14944975625 0.80401048125 0.244164984375 0.8255672578125001 0.25272334218750003 0.7672962765625
7 0.2408273078125 0.8815464875 0.24527908593749997 0.8271609124999999 0.1524446546875 0.8058510828125 0.1471554921875 0.8589341484374999 0.2408273078125 0.8815464875
36 0.55118703125 0.6001191218749999 0.5646134828125 0.516504115625 0.5185500703125 0.50694553125 0.502543725 0.5892910421875001 0.55118703125 0.6001191218749999
34 0.49322412499999996 0.5878434578125 0.5075426921874999 0.510126959375 0.4565939375 0.5011008578125 0.444323690625 0.5783381750000001 0.49322412499999996 0.5878434578125
33 0.4385228453125 0.579956190625 0.45459140312499996 0.497261753125 0.42111212656249997 0.49077189062500004 0.40624399218749996 0.5719658171875001 0.4385228453125 0.579956190625
35 0.40505090781249997 0.571047515625 0.4205185765625 0.49020991406250003 0.385547153125 0.4855747609375 0.37156956406249997 0.5645394031250001 0.40505090781249997 0.571047515625
37 0.367980915625 0.564185034375 0.383129315625 0.48551469375 0.3499273046875 0.47830775625 0.3350686390625 0.5571011453125 0.367980915625 0.564185034375
39 0.3344352234375 0.55800760625 0.345671040625 0.47823354374999993 0.313674096875 0.4719472765625 0.29963223437500003 0.551242590625 0.3344352234375 0.55800760625
38 0.29837486874999997 0.5506549890625 0.31198845625 0.472115065625 0.2812024015625 0.4649489875 0.2653983109375 0.5439018015625 0.29837486874999997 0.5506549890625
41 0.26351701875 0.5445538578125 0.27775501406249997 0.4658895109375 0.2455825703125 0.4604157296875 0.2309810375 0.53788628125 0.26351701875 0.5445538578125
42 0.2302833359375 0.53912346875 0.2442330421875 0.45894474687500003 0.2129274265625 0.45200901718750003 0.19869270781249998 0.5322964828125001 0.2302833359375 0.53912346875