9 0.7109375 0.084375 0.125 0.16875
22 0.50078125 0.08984375 0.13125 0.1796875
22 0.38359375 0.1046875 0.1109375 0.16875
21 0.26015625 0.10390625 0.115625 0.1796875
19 0.128125 0.109375 0.1265625 0.1859375
10 0.8359375 0.0796875 0.13125 0.159375
8 0.60546875 0.090625 0.1046875 0.1671875
13 0.39453125 0.29140625 0.10625 0.14375
13 0.30234375 0.3 0.09375 0.1390625
13 0.20546875 0.3015625 0.1078125 0.14375
14 0.4984375 0.28671875 0.1078125 0.146875
14 0.6046875 0.27890625 0.1109375 0.1484375
14 0.709375 0.27578125 0.10625 0.140625
3 0.79609375 0.2828125 0.0890625 0.1125
3 0.86796875 0.28046875 0.0796875 0.1078125
2 0.95078125 0.28125 0.08125 0.0984375
0 0.7140625 0.425 0.0875 0.090625
1 0.61171875 0.434375 0.1265625 0.08125
28 0.51171875 0.4328125 0.0734375 0.0875
29 0.415625 0.44296875 0.121875 0.084375
4 0.315625 0.44375 0.0765625 0.09375
5 0.2078125 0.46171875 0.13125 0.084375
15 0.72578125 0.54453125 0.0984375 0.0984375
23 0.63359375 0.5484375 0.0984375 0.103125
24 0.72890625 0.653125 0.0828125 0.0890625
24 0.6546875 0.65546875 0.065625 0.0890625
24 0.58671875 0.66484375 0.0796875 0.0796875
26 0.521875 0.675 0.053125 0.0765625
30 0.4578125 0.665625 0.075 0.084375
12 0.384375 0.67109375 0.06875 0.0828125
16 0.3125 0.68203125 0.075 0.078125
6 0.2328125 0.68515625 0.078125 0.084375
27 0.915625 0.83671875 0.11875 0.0703125
27 0.91328125 0.8953125 0.1109375 0.059375
25 0.8046875 0.9015625 0.1125 0.0671875
25 0.80234375 0.84140625 0.1140625 0.0671875
25 0.69296875 0.7890625 0.1171875 0.0703125
25 0.69140625 0.8484375 0.1125 0.065625
25 0.69375 0.90546875 0.1109375 0.0625
25 0.58671875 0.91015625 0.1109375 0.0640625
25 0.5828125 0.85234375 0.1125 0.065625
25 0.5796875 0.79140625 0.115625 0.071875
31 0.46640625 0.80859375 0.115625 0.0703125
31 0.471875 0.8671875 0.1125 0.0625
31 0.4765625 0.921875 0.1109375 0.0625
17 0.353125 0.80859375 0.1125 0.071875
17 0.3578125 0.86796875 0.1109375 0.0609375
17 0.3671875 0.92265625 0.109375 0.0609375
7 0.2578125 0.928125 0.1125 0.0625
7 0.2484375 0.871875 0.115625 0.0609375
7 0.2390625 0.81171875 0.115625 0.071875
36 0.553125 0.553125 0.05625 0.0921875
34 0.49609375 0.55625 0.05625 0.0921875
33 0.44609375 0.559375 0.0421875 0.09375
35 0.40390625 0.56328125 0.0421875 0.09375
37 0.36328125 0.56328125 0.040625 0.090625
39 0.321875 0.5671875 0.0421875 0.0890625
18 0.2828125 0.5625 0.0390625 0.078125
41 0.263458146875 0.6138731515625 0.2537709375 0.5242367203125 0.216237328125 0.5251735562500001 0.226426790625 0.6147836640625 0.263458146875 0.6138731515625
42 0.2244263265625 0.6159187234375 0.2106202796875 0.5264981515625 0.1724390484375 0.5279840359375 0.18676404687499998 0.61789251875 0.2244263265625 0.6159187234375