11 0.7171875 0.246875 0.1328125 0.15625
10 0.6296875 0.23515625 0.1015625 0.1390625
9 0.55078125 0.225 0.1078125 0.140625
8 0.48125 0.21796875 0.0875 0.1265625
20 0.4109375 0.20390625 0.0984375 0.1296875
20 0.34609375 0.19140625 0.090625 0.1296875
13 0.28046875 0.178125 0.096875 0.1359375
13 0.21640625 0.171875 0.084375 0.1203125
3 0.63046875 0.390625 0.0765625 0.09375
3 0.5765625 0.378125 0.0734375 0.0921875
2 0.6890625 0.4015625 0.0796875 0.0953125
14 0.515625 0.35390625 0.0890625 0.1171875
14 0.4484375 0.3390625 0.0921875 0.1171875
14 0.37578125 0.325 0.090625 0.1171875
13 0.31171875 0.309375 0.0859375 0.115625
13 0.2484375 0.296875 0.0875 0.1140625
13 0.18515625 0.2828125 0.08125 0.109375
1 0.434375 0.46953125 0.0921875 0.0734375
28 0.3703125 0.44609375 0.06875 0.0796875
29 0.30703125 0.4359375 0.0859375 0.0703125
4 0.24140625 0.41328125 0.0625 0.0734375
5 0.175 0.40234375 0.0828125 0.06875
15 0.4734375 0.571875 0.0828125 0.096875
23 0.41015625 0.55390625 0.0796875 0.0875
24 0.4640625 0.65859375 0.06875 0.075
24 0.4140625 0.640625 0.065625 0.0703125
24 0.3640625 0.628125 0.0609375 0.06875
30 0.28125 0.6 0.0640625 0.0703125
26 0.32265625 0.61875 0.046875 0.0578125
12 0.22890625 0.584375 0.0625 0.06875
16 0.184375 0.56796875 0.0578125 0.065625
6 0.13359375 0.55390625 0.0625 0.0703125
27 0.590779046875 0.910746221875 0.5048187640624999 0.8767417390625001 0.49151550000000005 0.9303744593750001 0.58218040625 0.9685939125 0.590779046875 0.910746221875
25 0.48334115781250003 0.9298703484375 0.4970491 0.872693003125 0.4158681890625 0.8430671609375 0.4036259125 0.8921042390625 0.48334115781250003 0.9298703484375
25 0.5016236515625 0.874621084375 0.5148248734374999 0.8206438625000001 0.42890317343750006 0.786606440625 0.41849194062499995 0.8436729015625 0.5016236515625 0.874621084375
25 0.4290199546875 0.7900909640625 0.4413939953125 0.7345796203125 0.3634128125 0.7071761515625 0.3517071703125 0.761869215625 0.4290199546875 0.7900909640625
25 0.41734910000000003 0.8406429937500001 0.42542665468749996 0.7887740562500001 0.3493865515625 0.7599504546875 0.33786726875 0.8098459515625 0.41734910000000003 0.8406429937500001
25 0.4018767890625 0.891700421875 0.4136867859375 0.8396250203125 0.3387417625 0.8100478437499999 0.3263479859375 0.8597414484374999 0.4018767890625 0.891700421875
25 0.349234984375 0.7606069640625 0.35927205624999997 0.7061174609374999 0.285796821875 0.68026743125 0.2736712578125 0.7327890171875 0.349234984375 0.7606069640625
25 0.33623479375 0.812926625 0.34568120625 0.7599966609375 0.273822825 0.7321325078124999 0.2626066828125 0.780714959375 0.33623479375 0.812926625
25 0.3251702171875 0.86085256875 0.33722204375 0.8116050343750001 0.2626066828125 0.780714959375 0.25374607031249996 0.82707519375 0.3251702171875 0.86085256875
31 0.258536946875 0.77839235625 0.2657889515625 0.7268659093750001 0.196813246875 0.7025977296875 0.190273115625 0.7508767203125 0.258536946875 0.77839235625
31 0.2508191796875 0.8277824984375 0.2604211421875 0.7800518734375 0.191264390625 0.754563134375 0.18400120312499998 0.8019836671875 0.2508191796875 0.8277824984375
31 0.2768194296875 0.7231431421875001 0.28684543281249997 0.6755741796875 0.22000517187500002 0.6540140578125 0.212322065625 0.699263096875 0.2768194296875 0.7231431421875001
17 0.2109928640625 0.701030759375 0.2154698296875 0.6504569 0.14835961875 0.6291751984375 0.1428456859375 0.6769995890625 0.2109928640625 0.701030759375
17 0.188640640625 0.75395739375 0.19203685937499998 0.7020638671875 0.1245614078125 0.6803849843750001 0.1191990453125 0.727552853125 0.188640640625 0.75395739375
17 0.1825552203125 0.8002668046875 0.18923489375 0.7541144171874999 0.12094816875 0.7279566703125 0.11398825312500001 0.7740641875 0.1825552203125 0.8002668046875
7 0.11820776718749999 0.7238664359375 0.1254142375 0.6763161140625 0.06082203125 0.65322234375 0.054433465624999997 0.700844825 0.11820776718749999 0.7238664359375
7 0.11504924218749998 0.76946854375 0.12318033125000001 0.725906134375 0.058503201562499996 0.7031674265625 0.05272092187500001 0.7481637937500001 0.11504924218749998 0.76946854375
36 0.368145996875 0.5794741265625001 0.3847404125 0.51092635 0.347203371875 0.5028514953125 0.3324865921875 0.56933981875 0.368145996875 0.5794741265625001
34 0.33008154843750004 0.5687845703125001 0.3472791546875 0.5016838109374999 0.312457790625 0.49150194062499997 0.296330171875 0.5586153765625 0.33008154843750004 0.5687845703125001
33 0.29321961406249997 0.5583726734375001 0.3075916609375 0.48836374843749997 0.282787165625 0.4856027703125 0.2685915 0.549834325 0.29321961406249997 0.5583726734375001
35 0.2665792609375 0.550320596875 0.2842849703125 0.482982975 0.2586560625 0.4776545921875 0.24294525781249998 0.542962609375 0.2665792609375 0.550320596875
37 0.24265656562500001 0.5414697015625001 0.25898315312500003 0.4759537390625 0.2359359828125 0.469081340625 0.2194154609375 0.5351532531250001 0.24265656562500001 0.5414697015625001
39 0.21740322656250002 0.5356395093749999 0.2351849921875 0.4692716484375 0.212799084375 0.462313525 0.1937692234375 0.5282815203125 0.21740322656250002 0.5356395093749999
41 0.17065624375 0.518666728125 0.18683684375 0.45573389375 0.1662125859375 0.45013192812499997 0.1485134578125 0.51307925625 0.17065624375 0.518666728125
18 0.19616591562500002 0.517900303125 0.20887098593750003 0.46319658124999996 0.1879385546875 0.457524834375 0.1743357375 0.5109587796875 0.19616591562500002 0.517900303125
18 0.15030884375 0.5025592171875 0.1630386828125 0.44905180468749994 0.1434684953125 0.44440563125 0.13127661875000002 0.49721445 0.15030884375 0.5025592171875