19 0.4086146234375 0.35670801406249997 0.5430986578125 0.3369759 0.5269676453125001 0.20119519062500002 0.38683341250000003 0.22313764531250002 0.4086146234375 0.35670801406249997
9 0.06930215625 0.4102165515625 0.2036715796875 0.3896689453125 0.17116187968750002 0.2528636703125 0.0340850125 0.27375211718750003 0.06930215625 0.4102165515625
7 0.40182893125 0.612966884375 0.53185641875 0.59302948125 0.5241347484375 0.5275856437499999 0.39154966875 0.545578084375 0.40182893125 0.612966884375
29 0.2809009671875 0.624140903125 0.40502463750000006 0.6042016265625 0.39330497656249996 0.5418145046875 0.26987019375 0.5595622671875 0.2809009671875 0.624140903125
5 0.14108628125 0.6479486421875 0.27823564375 0.6261787234375 0.2684215953125 0.56685025 0.1281925 0.5888240234375 0.14108628125 0.6479486421875
31 0.45099811718750005 0.71078951875 0.5831606625 0.6955417484375 0.575668225 0.6317289921875 0.44320735468750005 0.650521134375 0.45099811718750005 0.71078951875
24 0.36758535000000003 0.7158595203125 0.4530904984375 0.7046741875 0.44289004375 0.6320941906249999 0.35919355625 0.6436279921875 0.36758535000000003 0.7158595203125
23 0.2677218484375 0.7298944203125 0.374936446875 0.7156580234375001 0.3608099421875 0.6361452984375 0.256704875 0.6497204984375 0.2677218484375 0.7298944203125
15 0.1579565359375 0.7469841609375 0.27194918125 0.7284687703125 0.2606026 0.64773365625 0.15145588593749998 0.6624344453125001 0.1579565359375 0.7469841609375
27 0.47172954375 0.8267966 0.6092227390625 0.8074731921874999 0.6011999125 0.7503878125 0.4667689265625 0.7656463375 0.47172954375 0.8267966
27 0.47426431874999997 0.8763371453125 0.6019703203125 0.860884103125 0.5960824375 0.8084883421875 0.4676915109375 0.824734959375 0.47426431874999997 0.8763371453125
25 0.3397963375 0.843675403125 0.46715838906249996 0.825775834375 0.457917509375 0.770524840625 0.335233525 0.7882881015625001 0.3397963375 0.843675403125
25 0.3438929953125 0.893828040625 0.475711703125 0.876133728125 0.46849115625 0.8247568624999999 0.3390595984375 0.8417740796875 0.3438929953125 0.893828040625
25 0.2144119359375 0.8546441015624999 0.3393378875 0.84041336875 0.3304408453125 0.7876089171875 0.1951706828125 0.8027780640625 0.2144119359375 0.8546441015624999
25 0.213636284375 0.912134428125 0.3456842109375 0.8960711031249999 0.339223278125 0.8395978749999999 0.208188440625 0.856011153125 0.213636284375 0.912134428125
39 0.4998131484375 0.4766157203125 0.5480241593749999 0.46939984375000005 0.5354865890625 0.38575032343750004 0.4873855546875 0.392429859375 0.4998131484375 0.4766157203125
40 0.39897605 0.49298877812499997 0.45025181875 0.48534217812499997 0.4365840421875 0.399209909375 0.38575362343749997 0.40616328125 0.39897605 0.49298877812499997
38 0.44853738125 0.484262334375 0.49674833281249997 0.47704645156250003 0.4865701109375 0.39350562031249997 0.439557521875 0.399701665625 0.44853738125 0.484262334375
41 0.3528817390625 0.498586375 0.40032643281249997 0.491478234375 0.38730350156250004 0.40437477031249996 0.3413788859375 0.41019968437500004 0.3528817390625 0.498586375
42 0.30491349375 0.5075292015625 0.34999889375 0.5003123453125 0.3382275859375 0.4165551328125 0.29047656875 0.423403703125 0.30491349375 0.5075292015625
35 0.25351637656250003 0.51431236875 0.3025542109375 0.5074205515625 0.28723260625 0.42064014531250005 0.23931949375 0.4278432859375 0.25351637656250003 0.51431236875
33 0.20518406875 0.520664740625 0.2542219 0.5137729234374999 0.23956774687500001 0.4317416609375 0.188189771875 0.43942921874999996 0.20518406875 0.520664740625
37 0.1592111109375 0.52712581875 0.2050627140625 0.519801259375 0.18817062499999998 0.438524796875 0.1372601015625 0.4454868875 0.1592111109375 0.52712581875
32 0.1064029375 0.534987815625 0.1554407109375 0.5280960046875001 0.1368341796875 0.44573966406250004 0.0836836109375 0.4535665875 0.1064029375 0.534987815625
18 0.1756169640625 0.25468790937499997 0.20350005468750001 0.38637103437500003 0.4064259328125 0.35697116093750003 0.378639096875 0.223458146875 0.1756169640625 0.25468790937499997