35 0.870468075 0.27470999375 0.889146796875 0.0132845328125 0.775486665625 0.009315434374999999 0.754372434375 0.2688648796875 0.870468075 0.27470999375
35 0.75344906875 0.27002661093749997 0.769722490625 0.009114145312499999 0.6512879453125 0.00497831875 0.6398305796875 0.264864990625 0.75344906875 0.27002661093749997
35 0.5233055765625 0.001106065625 0.5244558640625 0.26441794375 0.632531390625 0.2687890125 0.6488306078125 0.0057127703125 0.5233055765625 0.001106065625
36 0.3680849046875 0 0.3550950125 0.254324815625 0.510273925 0.26034077187500004 0.5264432375 0.0024096109375 0.47434157499999996 0 0.3680849046875 0
33 0.755569578125 0.36266858750000003 0.7463048078125001 0.6219152296875 0.85003083125 0.6249770406249999 0.8663767375000001 0.3653234828125 0.755569578125 0.36266858750000003
33 0.69296875 0.490625 0.125 0.265625
37 0.5796875 0.4890625 0.1265625 0.2671875
34 0.363287121875 0.6163853125000001 0.5154301296875 0.619456734375 0.513082471875 0.35237888906250003 0.3636290015625 0.3489235890625 0.363287121875 0.6163853125000001
43 0.799977403125 0.6928572828124999 0.7673072125 0.94388854375 0.8717597796875 0.9475361078125 0.9089859562499999 0.6996050375 0.799977403125 0.6928572828124999
44 0.68890848125 0.7039682828125 0.6633419109375 0.9412380453125 0.761866940625 0.9463597625 0.7924976890625001 0.71094799375 0.68890848125 0.7039682828125
45 0.5827056828125 0.6991422546875 0.5595326671875 0.9398544765624999 0.6596917312499999 0.9416709609374999 0.6861304171875 0.7045757890625 0.5827056828125 0.6991422546875
41 0.4684103421875 0.7036530015625 0.45572342499999996 0.9384709093750001 0.5580671609375 0.9426052125 0.575111446875 0.7079863734375 0.4684103421875 0.7036530015625
40 0.35845404687500004 0.69981324375 0.3482219375 0.9358376375 0.455106771875 0.9390097562499999 0.467623021875 0.70301821875 0.35845404687500004 0.69981324375