11 0.82265625 0.1953125 0.1 0.1265625
10 0.728125 0.18984375 0.0921875 0.134375
9 0.63828125 0.19375 0.090625 0.125
8 0.55 0.19375 0.0890625 0.1265625
20 0.46875 0.1953125 0.08125 0.115625
20 0.38359375 0.1890625 0.084375 0.121875
21 0.3015625 0.18203125 0.0828125 0.1265625
21 0.2171875 0.1828125 0.0875 0.1234375
13 0.2078125 0.3203125 0.084375 0.11875
13 0.2921875 0.3234375 0.084375 0.1171875
13 0.37421875 0.325 0.0828125 0.1171875
14 0.4578125 0.32734375 0.0875 0.121875
14 0.54296875 0.33125 0.0796875 0.1140625
14 0.62734375 0.33359375 0.0890625 0.115625
3 0.70234375 0.35 0.0640625 0.0828125
3 0.76484375 0.34921875 0.0609375 0.0875
2 0.82578125 0.35390625 0.0640625 0.078125
5 0.23125 0.46015625 0.1 0.0640625
29 0.39140625 0.46484375 0.1015625 0.0625
28 0.48046875 0.46484375 0.065625 0.075
1 0.559375 0.47109375 0.1 0.065625
0 0.6421875 0.4703125 0.065625 0.075
15 0.63828125 0.56875 0.075 0.0890625
23 0.56328125 0.5671875 0.078125 0.0859375
24 0.64609375 0.6703125 0.065625 0.0796875
24 0.5828125 0.66875 0.0640625 0.075
24 0.52109375 0.66640625 0.0625 0.0734375
26 0.46953125 0.6703125 0.04375 0.0640625
30 0.41640625 0.6625 0.0625 0.0703125
12 0.34765625 0.6625 0.0703125 0.0734375
16 0.2859375 0.66015625 0.059375 0.0734375
6 0.22109375 0.65703125 0.065625 0.078125
25 0.6953125 0.90546875 0.1015625 0.0625
25 0.696875 0.8453125 0.1015625 0.0640625
25 0.58671875 0.8390625 0.0984375 0.0625
25 0.590625 0.8984375 0.0984375 0.0625
25 0.4921875 0.89375 0.096875 0.0625
25 0.4890625 0.834375 0.0984375 0.0609375
25 0.49921875 0.753125 0.0921875 0.059375
31 0.3953125 0.88828125 0.0984375 0.0609375
31 0.3921875 0.83125 0.096875 0.059375
17 0.290625 0.88515625 0.09375 0.0609375
17 0.29296875 0.828125 0.096875 0.0625
7 0.1953125 0.88125 0.0953125 0.0609375
7 0.20546875 0.809375 0.090625 0.0578125
36 0.496875 0.5640625 0.0453125 0.0765625
34 0.4484375 0.5625 0.0484375 0.0765625
33 0.41960659375000003 0.5980771015624999 0.4262339046875 0.5221304390625 0.3942204875 0.51946835625 0.3881011703125 0.5964621921875 0.41960659375000003 0.5980771015624999
35 0.37265625 0.55703125 0.0359375 0.0765625
37 0.33671875 0.55625 0.0328125 0.078125
39 0.30390625 0.55390625 0.034375 0.078125
38 0.26953125 0.553125 0.034375 0.078125
42 0.20078125 0.55 0.034375 0.078125
41 0.23515625 0.55078125 0.034375 0.078125
18 0.3109375 0.45625 0.0609375 0.075