11 0.38828125 0.1859375 0.1234375 0.15
10 0.47421875 0.20625 0.0921875 0.134375
9 0.5515625 0.225 0.0984375 0.1359375
8 0.61875 0.24375 0.078125 0.1234375
20 0.6890625 0.25546875 0.0890625 0.125
20 0.7546875 0.26640625 0.08125 0.1265625
13 0.81953125 0.278125 0.0875 0.13125
13 0.88203125 0.2953125 0.075 0.1171875
3 0.4171875 0.35078125 0.071875 0.090625
3 0.47265625 0.35859375 0.0671875 0.0890625
2 0.35859375 0.340625 0.075 0.0921875
14 0.53828125 0.3578125 0.08125 0.1125
14 0.60625 0.36796875 0.084375 0.1125
14 0.678125 0.38046875 0.0828125 0.1140625
13 0.74453125 0.38984375 0.078125 0.1125
13 0.8078125 0.40078125 0.08125 0.109375
13 0.871875 0.41015625 0.0734375 0.1046875
1 0.57265625 0.4953125 0.0890625 0.0671875
28 0.63984375 0.49609375 0.0640625 0.0765625
29 0.703125 0.509375 0.08125 0.065625
4 0.77265625 0.51171875 0.05625 0.0703125
5 0.83828125 0.52578125 0.0796875 0.0625
15 0.49921875 0.5765625 0.0765625 0.0921875
23 0.56484375 0.5828125 0.0734375 0.084375
24 0.4765625 0.6609375 0.0640625 0.071875
24 0.53046875 0.66171875 0.0609375 0.0671875
24 0.58125 0.66875 0.05625 0.065625
30 0.66796875 0.671875 0.059375 0.0671875
26 0.62265625 0.67421875 0.04375 0.0546875
12 0.72265625 0.67578125 0.0578125 0.065625
16 0.7703125 0.6765625 0.053125 0.0625
6 0.82265625 0.68203125 0.059375 0.0671875
27 0.25534894218750004 0.90801928125 0.3536885515625 0.9048297453125 0.36048913125 0.849991821875 0.268052178125 0.8509323328124999 0.25534894218750004 0.90801928125
25 0.4494553703125 0.900598228125 0.45559953750000004 0.85043093125 0.369193675 0.8489964015625 0.3615006140625 0.9072885390625001 0.4494553703125 0.900598228125
25 0.45293297499999996 0.8500561703124999 0.46366404375 0.7930489875 0.3712513046875 0.794034075 0.3642320015625 0.849157046875 0.45293297499999996 0.8500561703124999
25 0.5445977484375 0.797619371875 0.5532698328125 0.7423640703125 0.4706476015625 0.7400014546875 0.4623062765625 0.79626021875 0.5445977484375 0.797619371875
25 0.5403250859375001 0.8473692890625 0.54745185625 0.7966596890625001 0.46613284843749997 0.796318503125 0.45508573124999996 0.847637065625 0.5403250859375001 0.8473692890625
25 0.533198315625 0.898078890625 0.5394363234374999 0.8472443828125 0.45886960625000006 0.8479991609375 0.45123303281249993 0.9008480609375 0.533198315625 0.898078890625
25 0.6278719609375 0.7984362375 0.6353738250000001 0.7450576984375 0.5575149625 0.7428596109375001 0.547358084375 0.797326909375 0.6278719609375 0.7984362375
25 0.621026509375 0.847144146875 0.62796573125 0.797769015625 0.5508945359374999 0.798030703125 0.5407451187500001 0.8508303734375 0.621026509375 0.847144146875
25 0.61268458125 0.893600515625 0.621026509375 0.847144146875 0.5402970578125 0.8492427640625 0.5338996671875 0.8995382859375001 0.61268458125 0.893600515625
31 0.69924878125 0.8452097828125 0.7104446859375 0.7977936890625 0.6373533796874999 0.79573130625 0.6256582828125 0.846434275 0.69924878125 0.8452097828125
31 0.6867890234375 0.89516988125 0.697002253125 0.84829610625 0.6233045171875 0.84730833125 0.6151635953125 0.89530974375 0.6867890234375 0.89516988125
31 0.6971609812499999 0.789122678125 0.7062039890625 0.74412568125 0.6360767734375 0.7403003828125 0.6283896609374999 0.788302834375 0.6971609812499999 0.789122678125
17 0.7700012968750001 0.7932360109375 0.7819923265625001 0.746612078125 0.7117128671875 0.7424301109375 0.6977684234375 0.7912492765625 0.7700012968750001 0.7932360109375
17 0.77396066875 0.848905746875 0.7858579234375 0.8029490484374999 0.715095146875 0.7990069906249999 0.6996688140625 0.8486708671875001 0.77396066875 0.848905746875
17 0.762157190625 0.8941951984375001 0.7721830062499999 0.8486559124999999 0.6990577578125 0.8486045000000001 0.6887542343749999 0.8940852453125 0.762157190625 0.8941951984375001
7 0.843995846875 0.8471815625 0.855097978125 0.8004326890625 0.7865198921875 0.7988448046875 0.7762072 0.845819421875 0.843995846875 0.8471815625
7 0.8286370421875 0.891971346875 0.839364075 0.8478914359375 0.7708339484375 0.8459416375 0.7628136046875 0.8895245718749999 0.8286370421875 0.891971346875
36 0.6315380703125 0.6247657328125 0.6416260578124999 0.557419515625 0.6036884421875001 0.55150596875 0.5946153359374999 0.6214477375 0.6315380703125 0.6247657328125
34 0.6691362921875 0.62771090625 0.67813116875 0.5592754953125 0.64197376875 0.5563022296875 0.6339823546875001 0.6251092546875 0.6691362921875 0.62771090625
33 0.698179421875 0.629453740625 0.7079451546875 0.564401146875 0.68379871875 0.5580896046875 0.672127225 0.6285990484374999 0.698179421875 0.629453740625
35 0.724584853125 0.63222923125 0.7333218546875 0.565628696875 0.7074856859375 0.5614185921875 0.69988374375 0.6306288359375001 0.724584853125 0.63222923125
37 0.7493504343749999 0.6333708953125 0.7576052546875001 0.565767025 0.7336260203125 0.5639235953124999 0.7253893812500001 0.630938940625 0.7493504343749999 0.6333708953125
39 0.77575586875 0.6361463703125 0.781630778125 0.5677402484375 0.7582381640625 0.5662138234375 0.7510547578125 0.6345459734375 0.77575586875 0.6361463703125
41 0.82345376875 0.6381720484375 0.8294885140625 0.5730628546875 0.8082265468750001 0.57090166875 0.8007793265625001 0.6354531390625 0.82345376875 0.6381720484375
18 0.8001065046875 0.6269385359374999 0.8065561953125 0.5721788375 0.7849815140625 0.56997235625 0.7772386578125 0.6255957703125 0.8001065046875 0.6269385359374999
18 0.845231184375 0.62953810625 0.8527740749999999 0.57586765 0.8328386906249999 0.5731918984375 0.8255476765624999 0.6277073375 0.845231184375 0.62953810625