21 0.4390625 0.328125 0.1328125 0.1640625
14 0.3375 0.30234375 0.1328125 0.1671875
13 0.23671875 0.284375 0.1203125 0.15
9 0.12890625 0.25703125 0.1453125 0.165625
5 0.1375 0.5578125 0.13125 0.0890625
29 0.25234375 0.58125 0.1203125 0.0875
7 0.3609375 0.60625 0.121875 0.0875
31 0.34296875 0.725 0.115625 0.08125
24 0.259375 0.70234375 0.0828125 0.0890625
23 0.1859375 0.68046875 0.103125 0.109375
15 0.10078125 0.659375 0.1 0.1140625
25 0.0828125 0.78828125 0.125 0.0828125
25 0.0734375 0.84375 0.1234375 0.078125
25 0.18828125 0.8671875 0.121875 0.071875
25 0.2 0.81484375 0.121875 0.078125
27 0.30390625 0.875 0.1109375 0.0734375
27 0.31796875 0.8265625 0.115625 0.0765625
39 0.43515625 0.47890625 0.05625 0.096875
38 0.396875 0.47109375 0.05625 0.0953125
40 0.35390625 0.4609375 0.0578125 0.096875
41 0.3125 0.45234375 0.05625 0.1
42 0.2826817484375 0.491115215625 0.2961381609375 0.399871128125 0.25856728125 0.391885190625 0.24563922656249998 0.48379841562500003 0.2826817484375 0.491115215625
35 0.2424587875 0.4847928828125 0.2582722171875 0.392936134375 0.2202085515625 0.3837317921875 0.2030285171875 0.4747412296875 0.2424587875 0.4847928828125
33 0.2017214015625 0.4739065625 0.21682465468749998 0.3818988609375 0.1782980875 0.374823446875 0.1618381640625 0.46598595 0.2017214015625 0.4739065625
37 0.15851375625 0.46416566406250004 0.173164040625 0.374289003125 0.132238784375 0.3644764109375 0.11911421250000001 0.457461521875 0.15851375625 0.46416566406250004
32 0.1157898046875 0.45564123749999996 0.12805234375000002 0.3630297234375 0.0883105234375 0.3545823390625 0.07755340625 0.44695701093749995 0.1157898046875 0.45564123749999996