19 0.8296875 0.21015625 0.125 0.15625
19 0.7265625 0.20078125 0.1203125 0.1453125
20 0.63046875 0.1859375 0.1140625 0.1453125
20 0.53125 0.17109375 0.1203125 0.1546875
8 0.4328125 0.16015625 0.1140625 0.1515625
9 0.33671875 0.1453125 0.115625 0.1515625
10 0.23984375 0.13125 0.10625 0.146875
11 0.125 0.109375 0.1171875 0.159375
13 0.80625 0.371875 0.115625 0.14375
13 0.7140625 0.35703125 0.1125 0.1390625
13 0.61796875 0.34375 0.1171875 0.1375
14 0.49453125 0.328125 0.1109375 0.13125
14 0.396875 0.31171875 0.1109375 0.1421875
14 0.30546875 0.30234375 0.1 0.1296875