11 0.1609375 0.2890625 0.1171875 0.146875
11 0.2515625 0.28203125 0.1078125 0.1453125
9 0.3390625 0.27890625 0.1 0.140625
20 0.5015625 0.26875 0.1 0.134375
13 0.7148172859375 0.4326469484375 0.791362515625 0.42351569375000003 0.7919876984374999 0.315446171875 0.71352589375 0.32347621875 0.7148172859375 0.4326469484375
13 0.6398652593749999 0.44024604843750004 0.7193794328124999 0.431632778125 0.7170356703125 0.323045271875 0.6402364578124999 0.3330096515625 0.6398652593749999 0.44024604843750004
13 0.5693125625000001 0.448856096875 0.6415692328125 0.43998409374999997 0.6404487046875 0.3260335578125 0.5555123546875 0.3364624296875 0.5693125625000001 0.448856096875
14 0.52578125 0.40078125 0.09375 0.11875
14 0.44765625 0.4078125 0.09375 0.1234375
14 0.36640625 0.4171875 0.096875 0.121875
3 0.2921875 0.43671875 0.078125 0.09375
3 0.22734375 0.4421875 0.075 0.0984375
2 0.1671875 0.4484375 0.0703125 0.096875
0 0.3609375 0.53125 0.075 0.078125
1 0.4390625 0.5265625 0.0984375 0.071875
28 0.51328125 0.51171875 0.0671875 0.0796875
29 0.58828125 0.5078125 0.0953125 0.06875
4 0.6609375 0.490625 0.0671875 0.0796875
5 0.7015968781249999 0.5223910875 0.7854063484375 0.5123159703125 0.7835392140625 0.45566035312500003 0.69853818125 0.4655625578125 0.7015968781249999 0.5223910875
15 0.3703125 0.6265625 0.096875 0.09375
23 0.45 0.6140625 0.0859375 0.0890625
24 0.36640625 0.7203125 0.0734375 0.084375
24 0.42734375 0.71171875 0.065625 0.08125
24 0.4875 0.70546875 0.0734375 0.0765625
30 0.578125 0.68984375 0.0703125 0.078125
12 0.63671875 0.68046875 0.0625 0.071875
16 0.69140625 0.6703125 0.0609375 0.0734375
6 0.7484375 0.66171875 0.06875 0.078125
7 0.7158529625 0.7809427609374999 0.7959329765625001 0.7681655015625 0.8008176499999999 0.72162890625 0.7179950359375 0.7344484453125 0.7158529625 0.7809427609374999
7 0.726029746875 0.8350529874999999 0.8069544093750001 0.8227609484375 0.808180575 0.775201221875 0.7246914062500001 0.78898600625 0.726029746875 0.8350529874999999
7 0.7268997671874999 0.882114178125 0.809236684375 0.8669244984375 0.8106053265625001 0.8205251546874999 0.7256761515625 0.8353701499999999 0.7268997671874999 0.882114178125
17 0.644017203125 0.89362328125 0.7266617234375 0.8793532828125 0.7249773796875 0.8368623859375001 0.641768059375 0.849729409375 0.644017203125 0.89362328125
17 0.64571151875 0.853073290625 0.7268672125 0.8374685203125001 0.7256794484375 0.7914282890625 0.644088228125 0.8046855640624999 0.64571151875 0.853073290625
17 0.6386477296875 0.794754125 0.7165512125 0.7822192593749999 0.71865638125 0.7366377281250001 0.6370651609375 0.7498950078125 0.6386477296875 0.794754125
31 0.5594366578125001 0.9128305859375001 0.64374435 0.8964638453125 0.640142396875 0.850800528125 0.5566532296875 0.8645853125 0.5594366578125001 0.9128305859375001
31 0.5576403546875001 0.866230909375 0.6405097796875 0.850941828125 0.640523896875 0.8027555859375 0.554571975 0.815664890625 0.5576403546875001 0.866230909375
31 0.5535250140625 0.8135321234375 0.64019420625 0.8004253312499999 0.6381640265625 0.74836891875 0.5535147203124999 0.76229615 0.5535250140625 0.8135321234375
25 0.4745698796875 0.92891575625 0.5601607390625001 0.91334958125 0.556471378125 0.8670333421875001 0.46911507031250005 0.88129295 0.4745698796875 0.92891575625
25 0.469150690625 0.8815830453125001 0.5557662390625 0.8679699828125 0.5541153765625 0.822269190625 0.46415384375 0.834492946875 0.469150690625 0.8815830453125001
25 0.45977655625 0.828419 0.5487239125000001 0.8154094796875 0.5463186140625 0.7659668 0.45600598281250004 0.7785281312500001 0.45977655625 0.828419
25 0.38588810156250003 0.9498119640624999 0.474917346875 0.93110140625 0.470033534375 0.8838259624999999 0.379547921875 0.898175340625 0.38588810156250003 0.9498119640624999
25 0.3769834078125 0.8996680859374999 0.46709271093750004 0.8841560906250001 0.46253831874999995 0.83557029375 0.3714522671875 0.8482265874999999 0.3769834078125 0.8996680859374999
25 0.3629259890625 0.839509546875 0.45357938750000004 0.8244425765625 0.4498852765625 0.774061446875 0.3580257953125 0.7868127078125 0.3629259890625 0.839509546875
25 0.2858530140625 0.9685621421875 0.3795245890625 0.95009941875 0.3741098109375 0.9008934515625 0.28081544375 0.9179434343749999 0.2858530140625 0.9685621421875
27 0.19289740625000001 0.98262585625 0.2850247203125 0.96678014375 0.27946997812499996 0.9172252359374999 0.1856108015625 0.9328722265625 0.19289740625000001 0.98262585625
27 0.18076163125 0.93493996875 0.2781730828125 0.9181700015625 0.271231846875 0.8661161109375 0.1740296421875 0.8801123109375 0.18076163125 0.93493996875
22 0.584375 0.2578125 0.09375 0.1328125
21 0.7453125 0.24296875 0.1171875 0.1390625
21 0.66796875 0.25 0.1125 0.1375
25 0.321875 0.88125 0.1046875 0.065625
45 0.775 0.575 0.040625 0.0765625
44 0.74453125 0.578125 0.0390625 0.075
40 0.715625 0.58203125 0.0390625 0.075
41 0.68515625 0.5859375 0.040625 0.075
37 0.6546875 0.58984375 0.040625 0.0765625
35 0.62421875 0.59375 0.0421875 0.0765625
33 0.59375 0.596875 0.04375 0.078125
34 0.55546875 0.6015625 0.053125 0.0796875
36 0.51015625 0.6078125 0.05625 0.08125