19 0.80546875 0.06953125 0.1265625 0.1390625
19 0.7078125 0.078125 0.11875 0.14375
20 0.6171875 0.0828125 0.1140625 0.1484375
20 0.525 0.09296875 0.1078125 0.14375
8 0.4265625 0.10390625 0.121875 0.14375
9 0.31484375 0.10234375 0.13125 0.1671875
10 0.2125 0.1171875 0.1078125 0.1421875
11 0.128125 0.128125 0.109375 0.1421875
2 0.12578125 0.30078125 0.0796875 0.0921875
2 0.18984375 0.29609375 0.06875 0.090625
3 0.24921875 0.2890625 0.078125 0.09375
14 0.3296875 0.26484375 0.1125 0.1328125
14 0.4234375 0.25859375 0.1 0.1265625
14 0.51328125 0.24921875 0.10625 0.128125
13 0.609375 0.23828125 0.1140625 0.128125
13 0.70078125 0.23125 0.0984375 0.121875
13 0.762485878125 0.1635834765625 0.7571240921875 0.28672854062500003 0.8662546093750001 0.2746090671875 0.8678687078125 0.1530510609375 0.762485878125 0.1635834765625
5 0.79921875 0.375 0.11875 0.08125
4 0.70546875 0.378125 0.0796875 0.0875
29 0.6171875 0.390625 0.1140625 0.08125
28 0.52890625 0.40078125 0.071875 0.0796875
1 0.43515625 0.4125 0.1125 0.078125
0 0.34375 0.4125 0.084375 0.09375
15 0.353125 0.5265625 0.096875 0.096875
23 0.43671875 0.51875 0.0875 0.09375
36 0.5 0.51171875 0.0578125 0.090625
33 0.60390625 0.50234375 0.046875 0.0890625
18 0.6609375 0.49453125 0.08125 0.090625
41 0.71875 0.48828125 0.0484375 0.090625
40 0.75703125 0.4859375 0.0484375 0.0921875
45 0.83359375 0.478125 0.05 0.0921875
24 0.3578125 0.63671875 0.0765625 0.09375
24 0.4265625 0.6296875 0.0765625 0.0875
24 0.49609375 0.62265625 0.078125 0.0875
26 0.553125 0.625 0.059375 0.071875
30 0.61640625 0.61328125 0.084375 0.0921875
12 0.68515625 0.60859375 0.08125 0.0921875
16 0.75390625 0.59921875 0.0796875 0.0921875
6 0.825 0.590625 0.0796875 0.0875
7 0.8359375 0.71328125 0.115625 0.071875
7 0.84453125 0.778125 0.11875 0.0796875
7 0.84609375 0.840625 0.1140625 0.0703125
17 0.74296875 0.8515625 0.1078125 0.065625
17 0.7375 0.7890625 0.1140625 0.06875
17 0.7328125 0.72421875 0.115625 0.06875
31 0.64140625 0.8578125 0.1078125 0.06875
31 0.6375 0.79765625 0.1140625 0.0703125
31 0.6296875 0.7328125 0.115625 0.08125
25 0.5375 0.8671875 0.11875 0.08125
25 0.53359375 0.80546875 0.109375 0.075
25 0.52890625 0.7421875 0.109375 0.075
25 0.42421875 0.74609375 0.1078125 0.0765625
25 0.4265625 0.81484375 0.115625 0.078125
25 0.43359375 0.87734375 0.11875 0.0765625
25 0.328125 0.8875 0.115625 0.078125
25 0.3171875 0.82265625 0.1125 0.0796875
27 0.19765625 0.83984375 0.1265625 0.0796875
27 0.20703125 0.9 0.1125 0.06875