11 0.87734375 0.228125 0.1203125 0.15625
10 0.77265625 0.24921875 0.125 0.146875
9 0.66328125 0.25234375 0.11875 0.1578125
8 0.56875 0.2640625 0.109375 0.146875
20 0.38515625 0.28046875 0.10625 0.1484375
19 0.233741584375 0.21724569218749998 0.1303973703125 0.2263147390625 0.1521564046875 0.371510409375 0.257892059375 0.36357202499999997 0.233741584375 0.21724569218749998
13 0.25379098906249997 0.3738637109375 0.154906690625 0.38270048125 0.1785298796875 0.5058436421875 0.27708994374999996 0.49941395 0.25379098906249997 0.3738637109375
13 0.3393883078125 0.3704409703125 0.25220255625 0.37557653750000003 0.2699380046875 0.49873124999999996 0.3619502109375 0.491557834375 0.3393883078125 0.3704409703125
13 0.4308251671875 0.3589214640625 0.339568059375 0.366904540625 0.3561638484375 0.4907803828125 0.4473023171875 0.48462837968750005 0.4308251671875 0.3589214640625
14 0.48203125 0.415625 0.0953125 0.13125
14 0.5703125 0.409375 0.103125 0.1296875
14 0.66171875 0.40234375 0.1078125 0.1296875
3 0.74453125 0.41015625 0.08125 0.0984375
3 0.81640625 0.40078125 0.0828125 0.0984375
2 0.8859375 0.3953125 0.0828125 0.0984375
0 0.6953125 0.521875 0.0859375 0.0859375
18 0.615625 0.525 0.0734375 0.0796875
28 0.547779903125 0.4943252578125 0.4739929703125 0.49948494375 0.4825650375 0.5777256953125 0.5539492109374999 0.57052650625 0.547779903125 0.4943252578125
29 0.47302979375 0.5146896078125 0.3701596734375 0.52251370625 0.38219949999999997 0.584298659375 0.48248284999999996 0.5777314421875 0.47302979375 0.5146896078125
4 0.367873215625 0.5078516421875 0.30437186562499996 0.513553534375 0.3179721390625 0.589972021875 0.382937590625 0.5850076796875 0.367873215625 0.5078516421875
5 0.296793490625 0.5314282953125 0.1923377390625 0.54062471875 0.2096932796875 0.601326490625 0.312499846875 0.5937174953125 0.296793490625 0.5314282953125
23 0.61328125 0.62578125 0.0890625 0.0953125
15 0.6953125 0.6203125 0.0890625 0.0921875
24 0.71796875 0.715625 0.071875 0.078125
24 0.65234375 0.7203125 0.06875 0.0796875
24 0.59140625 0.7234375 0.0640625 0.0765625
26 0.5421875 0.73046875 0.0484375 0.06875
30 0.5165802562499999 0.6901036515625 0.449487590625 0.6963491312500001 0.46142705937499995 0.7663723765625 0.5253296328125 0.761903871875 0.5165802562499999 0.6901036515625
12 0.4470373875 0.69962828125 0.383568709375 0.7043772265625 0.392306153125 0.7723241078124999 0.45965000937499995 0.767428984375 0.4470373875 0.69962828125
16 0.3784658484375 0.7022477984375 0.3097024640625 0.70829933125 0.32622908906250003 0.7781096468750001 0.39378999062500003 0.7732775000000001 0.3784658484375 0.7022477984375
6 0.31219773906250003 0.7084356281249999 0.2557726078125 0.7123812578125001 0.2642577828125 0.7798975203125 0.32702359687500004 0.77550850625 0.31219773906250003 0.7084356281249999
7 0.321200834375 0.803759434375 0.2318487765625 0.8117692375000001 0.24533367187500002 0.8623799046875 0.3328561765625 0.8552919984375 0.321200834375 0.803759434375
7 0.33048249687500003 0.86091346875 0.24099033281249999 0.866919696875 0.253384090625 0.9163456968749999 0.34022335 0.9090565125 0.33048249687500003 0.86091346875
7 0.342959078125 0.9121790203125 0.253853309375 0.9189132484375 0.2658611609375 0.9658910765625001 0.35456299062499996 0.9581784140625 0.342959078125 0.9121790203125
17 0.4348933375 0.90751205 0.3444696453125 0.914590103125 0.3537349421875 0.96272513125 0.44503810625 0.9566335359375 0.4348933375 0.90751205
17 0.4230843734375 0.8585803796875 0.33100889218749996 0.8660256078125 0.33991156562499997 0.9161442093750001 0.43127851406250006 0.9085932781249999 0.4230843734375 0.8585803796875
17 0.412994628125 0.805448053125 0.319548690625 0.8124857703125 0.333073509375 0.861527596875 0.42115375312500003 0.8549600578125001 0.412994628125 0.805448053125
31 0.535871996875 0.904169103125 0.44100304375 0.9100479734375 0.44874895 0.9579679125 0.5417652640624999 0.9500644906250001 0.535871996875 0.904169103125
31 0.5193302265625 0.859521684375 0.42518153906249995 0.8661052015624999 0.4338716546875 0.9107059640624999 0.5248721109375001 0.9051899625000001 0.5193302265625 0.859521684375
31 0.51405446875 0.8080637749999999 0.4155831109375 0.8152012328125 0.42394795625 0.865927840625 0.52026296875 0.8584671890625 0.51405446875 0.8080637749999999
25 0.62255876875 0.84024044375 0.5284100734375 0.8468239625 0.5347908046875001 0.896856503125 0.6271329875 0.8912614874999999 0.62255876875 0.84024044375
18 0.5734375 0.8140625 0.0953125 0.0578125
25 0.675 0.9140625 0.0953125 0.053125
25 0.67421875 0.8671875 0.1 0.053125
25 0.66875 0.81015625 0.1015625 0.0546875
25 0.8184797625 0.8334451578125 0.720773021875 0.8402774781250001 0.7240809015624999 0.8875823453124999 0.81954025 0.88219519375 0.8184797625 0.8334451578125
25 0.818942575 0.883243665625 0.721486728125 0.8900584421875 0.7246488484375 0.9352788578125001 0.820196815625 0.9299667796875 0.818942575 0.883243665625
27 0.91623236875 0.8245962625000001 0.81576598125 0.83162155625 0.8192270921875 0.8811177578124999 0.9173223343749999 0.8751059296875001 0.91623236875 0.8245962625000001
27 0.9189215828125 0.8739874140625 0.8221895703125 0.882009934375 0.8227861140625 0.92841643125 0.91926180625 0.9220328 0.9189215828125 0.8739874140625
36 0.54765625 0.63359375 0.053125 0.08125
34 0.496875 0.6375 0.0515625 0.0796875
33 0.46761120624999997 0.6015696203124999 0.43218465781250004 0.6048657078125 0.4416241890625 0.68072259375 0.47552728593750004 0.6783518578125001 0.46761120624999997 0.6015696203124999
35 0.4311174203125 0.6052132796875 0.39708217968750004 0.60759325625 0.40691380781250003 0.6837636609375 0.4408563640625 0.6820475421875 0.4311174203125 0.6052132796875
37 0.3960149421875 0.607940825 0.3620176859375 0.6108640265624999 0.37356097187500004 0.6867098 0.4068401171875 0.684699140625 0.3960149421875 0.607940825
41 0.3617126109375 0.611704184375 0.3244756578125 0.61512686875 0.33870723593749996 0.6916025375 0.373624015625 0.6883865328125001 0.3617126109375 0.611704184375
40 0.3251998 0.61507623125 0.289773253125 0.6183723203125 0.3042968453125 0.6950318828125 0.3404648625 0.6928887796875001 0.3251998 0.61507623125
44 0.290802503125 0.617481525 0.2571673359375 0.62037940625 0.270301315625 0.6965905718750001 0.304162228125 0.6940625984375 0.290802503125 0.617481525
45 0.2563535265625 0.621528078125 0.22449077968750003 0.6237561390625 0.23716302812499998 0.6987032 0.26990440000000004 0.6956393140625 0.2563535265625 0.621528078125
21 0.29296875 0.28984375 0.1015625 0.1484375