11 0.8265625 0.11796875 0.1 0.1265625
10 0.73125 0.12109375 0.090625 0.1203125
9 0.640625 0.12109375 0.0921875 0.1203125
8 0.54765625 0.11328125 0.0953125 0.134375
20 0.4546875 0.12421875 0.0890625 0.1125
20 0.36640625 0.12109375 0.0890625 0.1171875
21 0.27421875 0.12109375 0.0921875 0.11875
21 0.18046875 0.1171875 0.090625 0.121875
13 0.17109375 0.2515625 0.096875 0.103125
13 0.2640625 0.253125 0.0890625 0.1046875
13 0.353125 0.253125 0.090625 0.1015625
14 0.45 0.25625 0.0921875 0.103125
14 0.5390625 0.25390625 0.0875 0.1
14 0.6265625 0.2546875 0.0921875 0.1015625
3 0.703125 0.26640625 0.0671875 0.08125
2 0.7671875 0.2640625 0.065625 0.0828125
2 0.8296875 0.26796875 0.06875 0.08125
0 0.6546875 0.39140625 0.075 0.084375
1 0.5640625 0.39765625 0.10625 0.071875
28 0.47578125 0.3890625 0.071875 0.0875
29 0.38671875 0.3953125 0.109375 0.0703125
4 0.290625 0.3859375 0.0765625 0.084375
5 0.19140625 0.38984375 0.1125 0.075
23 0.5609375 0.49609375 0.0859375 0.08125
15 0.64296875 0.4984375 0.08125 0.0796875
24 0.64921875 0.62109375 0.071875 0.0890625
24 0.578125 0.6171875 0.071875 0.090625
24 0.509375 0.615625 0.06875 0.090625
26 0.45390625 0.621875 0.0453125 0.075
30 0.39609375 0.6171875 0.0703125 0.08125
12 0.3203125 0.61640625 0.078125 0.0875
16 0.25078125 0.6125 0.065625 0.084375
6 0.18203125 0.60859375 0.071875 0.0859375
27 0.84140625 0.9 0.1171875 0.078125
27 0.83828125 0.828125 0.11875 0.0765625
25 0.715625 0.82265625 0.115625 0.078125
25 0.71640625 0.8953125 0.115625 0.0734375
25 0.6015625 0.81953125 0.1140625 0.075
25 0.60234375 0.8921875 0.1140625 0.0765625
25 0.4890625 0.8875 0.115625 0.0796875
25 0.4890625 0.81328125 0.1140625 0.075
31 0.3765625 0.88515625 0.1140625 0.078125
31 0.3734375 0.81328125 0.1140625 0.0796875
31 0.371875 0.73984375 0.1109375 0.075
17 0.2640625 0.884375 0.1125 0.0765625
17 0.26328125 0.81171875 0.1140625 0.0765625
17 0.2609375 0.74140625 0.1109375 0.0734375
7 0.15078125 0.88125 0.1171875 0.075
7 0.15078125 0.8109375 0.1171875 0.075
7 0.153125 0.73828125 0.1125 0.075
36 0.49375 0.49375 0.05 0.078125
34 0.4390625 0.4921875 0.0515625 0.0796875
33 0.3890625 0.49140625 0.0375 0.0796875
35 0.34921875 0.49140625 0.0390625 0.0796875
37 0.309375 0.490625 0.0390625 0.0796875
39 0.26953125 0.48984375 0.0375 0.0796875
38 0.23203125 0.490625 0.0390625 0.08125
42 0.16972450156250002 0.5273078499999999 0.172349659375 0.4490041890625 0.1377755359375 0.449222203125 0.13456681406249998 0.5275054859375 0.16972450156250002 0.5273078499999999
41 0.2071922078125 0.52897259375 0.2065541546875 0.4491296078125 0.17290836874999999 0.44973638281249995 0.173482671875 0.528508115625 0.2071922078125 0.52897259375