11 0.9203125 0.1453125 0.134375 0.1640625
9 0.69765625 0.146875 0.1046875 0.1390625
8 0.603125 0.13515625 0.0984375 0.153125
20 0.5015625 0.13046875 0.1078125 0.14375
20 0.4109375 0.13125 0.0921875 0.1328125
19 0.3109375 0.12109375 0.1171875 0.1421875
19 0.20625 0.1171875 0.1 0.1421875
13 0.22109375 0.28671875 0.10625 0.140625
13 0.31875 0.2953125 0.0984375 0.1375
13 0.41171875 0.29921875 0.09375 0.1390625
14 0.5015625 0.30703125 0.0984375 0.1375
14 0.5953125 0.31171875 0.0953125 0.134375
14 0.6828125 0.31875 0.0984375 0.1265625
3 0.76171875 0.3390625 0.0703125 0.090625
3 0.83046875 0.34296875 0.071875 0.0859375
0 0.68515625 0.4546875 0.0765625 0.08125
1 0.59453125 0.45625 0.109375 0.06875
28 0.5015625 0.44375 0.071875 0.0828125
29 0.41328125 0.44765625 0.109375 0.065625
4 0.321875 0.43359375 0.078125 0.084375
4 0.22265625 0.43125 0.115625 0.075
15 0.6828125 0.559375 0.08125 0.090625
23 0.6 0.5578125 0.084375 0.09375
36 0.53359375 0.55625 0.053125 0.0859375
34 0.48359375 0.553125 0.0515625 0.084375
33 0.43984375 0.553125 0.0390625 0.078125
35 0.40234375 0.55078125 0.0390625 0.08125
37 0.365625 0.546875 0.0390625 0.0828125
39 0.32890625 0.5453125 0.040625 0.084375
38 0.28984375 0.54375 0.0390625 0.0859375
42 0.21796875 0.53828125 0.0421875 0.0875
24 0.68203125 0.68515625 0.0671875 0.075
24 0.61640625 0.6796875 0.0671875 0.0765625
24 0.54921875 0.67578125 0.071875 0.075
26 0.49140625 0.67734375 0.0484375 0.06875
30 0.43515625 0.66953125 0.0671875 0.0765625
16 0.36796875 0.66640625 0.06875 0.0765625
12 0.29921875 0.6609375 0.071875 0.08125
6 0.225 0.6625 0.071875 0.084375
25 0.72109375 0.91484375 0.1078125 0.0640625
25 0.7203125 0.85703125 0.109375 0.0640625
25 0.60546875 0.9078125 0.1046875 0.0609375
25 0.615625 0.8546875 0.1078125 0.059375
25 0.50703125 0.84453125 0.10625 0.0671875
25 0.503125 0.903125 0.1015625 0.0640625
25 0.509375 0.7765625 0.1046875 0.0671875
25 0.61328125 0.7796875 0.103125 0.0640625
31 0.40234375 0.8984375 0.103125 0.0640625
31 0.4078125 0.83203125 0.1 0.0625
17 0.29921875 0.89609375 0.1046875 0.065625
17 0.30234375 0.83515625 0.1046875 0.065625
17 0.30625 0.7640625 0.1015625 0.0640625
7 0.1953125 0.890625 0.10625 0.0671875
7 0.2 0.82734375 0.10625 0.0671875
7 0.2046875 0.76015625 0.109375 0.0671875
18 0.80078125 0.14921875 0.1109375 0.140625
18 0.25390625 0.534375 0.034375 0.0703125
27 0.82421875 0.91875 0.10625 0.0625
27 0.825 0.8578125 0.1078125 0.0625