11 0.14609375 0.2296875 0.1 0.1234375
10 0.23515625 0.21953125 0.1015625 0.128125
9 0.32265625 0.2171875 0.096875 0.125
8 0.40703125 0.2078125 0.0921875 0.134375
22 0.49609375 0.1953125 0.0890625 0.1375
22 0.5734375 0.19453125 0.0921875 0.1265625
19 0.65546875 0.18984375 0.0875 0.1234375
19 0.74296875 0.18046875 0.09375 0.1234375
3 0.278125 0.36640625 0.0640625 0.0796875
3 0.221875 0.3734375 0.059375 0.0765625
2 0.16484375 0.375 0.0671875 0.08125
14 0.3390625 0.35078125 0.075 0.1125
14 0.41640625 0.34453125 0.0828125 0.1140625
14 0.4921875 0.33828125 0.0828125 0.1140625
13 0.56796875 0.33046875 0.0875 0.115625
13 0.6484375 0.3234375 0.0796875 0.115625
13 0.7296875 0.31796875 0.0890625 0.115625
0 0.3515625 0.4578125 0.065625 0.071875
1 0.43125 0.45703125 0.096875 0.065625
28 0.5046875 0.4453125 0.0625 0.0734375
29 0.57890625 0.44453125 0.0921875 0.0640625
6 0.65703125 0.4296875 0.0671875 0.0765625
15 0.36328125 0.55390625 0.078125 0.0828125
23 0.43203125 0.54453125 0.0734375 0.0828125
24 0.36015625 0.64140625 0.0640625 0.06875
24 0.41640625 0.6375 0.0578125 0.0640625
24 0.47265625 0.634375 0.059375 0.065625
26 0.51640625 0.634375 0.0375 0.059375
30 0.56171875 0.62578125 0.0609375 0.0734375
12 0.6265625 0.62109375 0.0609375 0.065625
16 0.684375 0.6125 0.0578125 0.06875
6 0.74765625 0.60859375 0.065625 0.071875
27 0.2359375 0.80703125 0.0921875 0.0578125
27 0.24140625 0.86171875 0.0953125 0.0578125
25 0.3234375 0.8015625 0.0921875 0.0578125
25 0.32890625 0.853125 0.0921875 0.0578125
25 0.41796875 0.8453125 0.090625 0.0546875
25 0.41328125 0.7953125 0.09375 0.05625
25 0.503125 0.7875 0.090625 0.05625
25 0.509375 0.83515625 0.090625 0.053125
31 0.596875 0.77890625 0.0890625 0.0546875
31 0.60078125 0.82890625 0.0890625 0.0546875
17 0.6859375 0.81953125 0.0890625 0.0546875
17 0.6859375 0.77109375 0.0921875 0.053125
7 0.775 0.76328125 0.0953125 0.0578125
7 0.77265625 0.81484375 0.090625 0.0578125
42 0.7671875 0.52265625 0.0359375 0.071875
41 0.73203125 0.525 0.0328125 0.075
38 0.70078125 0.528125 0.034375 0.071875
39 0.66875 0.53125 0.0328125 0.071875
37 0.6375 0.53359375 0.0359375 0.0734375
33 0.57265625 0.540625 0.0390625 0.071875
36 0.48828125 0.546875 0.05 0.071875
18 0.5328125 0.53671875 0.046875 0.0609375
18 0.603125 0.53203125 0.0359375 0.0625
18 0.7359375 0.421875 0.096875 0.078125