13 0.8957517375 0.212455925 0.8758440468750001 0.038891171875000005 0.7558072859375 0.0661350140625 0.772506540625 0.2316933625 0.8957517375 0.212455925
13 0.77389489375 0.23236731718749998 0.749546753125 0.07476646875000001 0.6543429328125 0.094111178125 0.6731637921875 0.2510036375 0.77389489375 0.23236731718749998
13 0.6762938593750001 0.254170428125 0.650910928125 0.0977145453125 0.5652182765625 0.12086781875 0.5909587125 0.2679265078125 0.6762938593750001 0.254170428125
14 0.5926568140625 0.267901234375 0.575378809375 0.1376175765625 0.5151141578125 0.15484875781250002 0.532283715625 0.27812643125 0.5926568140625 0.267901234375
14 0.5335356796874999 0.2793932171875 0.513632896875 0.1511298515625 0.4467433890625 0.17191171249999998 0.4656919015625 0.2925807125 0.5335356796874999 0.2793932171875
14 0.46859945 0.29201554218750003 0.44540631093750005 0.1726971859375 0.3932685953125 0.187965696875 0.4159798921875 0.3007336046875 0.46859945 0.29201554218750003
11 0.3030133640625 0.18527476874999999 0.28143430468749997 0.0535621109375 0.2167972265625 0.069460753125 0.24046053125000003 0.2049842078125 0.3030133640625 0.18527476874999999
10 0.3562985609375 0.16963191718749998 0.3341745015625 0.04029028125 0.2825923875 0.05855798125 0.3006507359375 0.183468903125 0.3562985609375 0.16963191718749998
9 0.4088765703125 0.1503513015625 0.3825929375 0.020308132812499997 0.33813760312499996 0.040215034375 0.354077278125 0.16855360625 0.4088765703125 0.1503513015625
3 0.39561819374999996 0.304645828125 0.3825451875 0.2218674375 0.3367875296875 0.23384498437499998 0.347441140625 0.3155205828125 0.39561819374999996 0.304645828125
3 0.3475825609375 0.3162481234375 0.3360651953125 0.24147280468750001 0.296996825 0.2491255640625 0.31032881875 0.321224403125 0.3475825609375 0.3162481234375
5 0.8794378093749999 0.3668484953125 0.8808819203124999 0.27596291875 0.7488450140625 0.2961808078125 0.7547732171875 0.3774900625 0.8794378093749999 0.3668484953125
4 0.7550560625 0.3789451703125 0.746845859375 0.26426488593749997 0.6661359328125 0.27830060156249997 0.680527734375 0.3836164640625 0.7550560625 0.3789451703125
29 0.6821832609375 0.38178460625 0.6750876156250001 0.30388465 0.57688428125 0.317344259375 0.5884123984375 0.390951328125 0.6821832609375 0.38178460625
28 0.5856461953125 0.3922440515625 0.5639503546875 0.30132625625 0.5041214765625 0.318282328125 0.5209720390625 0.401040234375 0.5856461953125 0.3922440515625
1 0.517640225 0.399422759375 0.507678421875 0.3326505 0.42953944687499995 0.34221216718749997 0.44034570000000006 0.40538680468750005 0.517640225 0.399422759375
0 0.44006285624999997 0.40393169999999995 0.42686919999999995 0.32570701875 0.3948502765625 0.33197644843749996 0.401415596875 0.40691373750000004 0.44006285624999997 0.40393169999999995
23 0.5321756109375 0.51148070625 0.518536246875 0.41975190468749995 0.45291397499999997 0.42834698125 0.47040492343749996 0.5127913046875 0.5321756109375 0.51148070625
24 0.4904638828125 0.594425365625 0.4783079 0.5275762390625001 0.43668640937500003 0.5281850625 0.44715166249999994 0.5915188109375 0.4904638828125 0.594425365625
24 0.5311346921875 0.60099138125 0.523942596875 0.5338065640625 0.47769220625 0.5288608578125 0.49000978906250003 0.59640125 0.5311346921875 0.60099138125
24 0.572259659375 0.6055814984375 0.5697783828125 0.5324473953125 0.5253463468749999 0.5313885328125 0.5283581796875 0.5996434625 0.572259659375 0.6055814984375
26 0.6168336328125 0.606355196875 0.6147232171875 0.53944100625 0.574472778125 0.54149049375 0.5810261078125001 0.603248259375 0.6168336328125 0.606355196875
30 0.6744654515625 0.609624303125 0.6737000265625 0.5323814812500001 0.6173097546874999 0.5300196421875001 0.6175234921875 0.6055918874999999 0.6744654515625 0.609624303125
12 0.7344370484375 0.6206182 0.7390549421875 0.532261775 0.6737792781249999 0.534764015625 0.6733387937499999 0.6167644953125 0.7344370484375 0.6206182
16 0.8058163921875 0.6256194640625 0.8059246765625 0.5356228078124999 0.7430624 0.5299432562499999 0.7389294125 0.6178573765625 0.8058163921875 0.6256194640625
6 0.895570971875 0.634599396875 0.8823683921875001 0.53649365625 0.8077790874999999 0.5393729171875 0.8209436421874999 0.6258250249999999 0.895570971875 0.634599396875
7 0.910159346875 0.76570711875 0.9048009562500001 0.695019890625 0.7894028515625 0.682075184375 0.7963414375 0.7450455265625 0.910159346875 0.76570711875
7 0.9325615968750001 0.8421476765625 0.929743946875 0.7715957421875 0.8058304203125 0.75041225 0.8121297453125 0.8133336296874999 0.9325615968750001 0.8421476765625
7 0.9285570890624999 0.9121000078125 0.9208935234375 0.842490025 0.808666840625 0.8135306999999999 0.8134081906249999 0.875967059375 0.9285570890624999 0.9121000078125
17 0.7909889765625 0.752006184375 0.779051384375 0.6819685953125 0.682081546875 0.6691363203125 0.6902287203124999 0.733839990625 0.7909889765625 0.752006184375
17 0.8102787390625 0.8124350484375 0.803339653125 0.7508638609375 0.701959815625 0.73365845 0.7113522453125001 0.7907664046875 0.8102787390625 0.8124350484375
17 0.8129367890625 0.8735419046875 0.810625159375 0.8142172328124999 0.7109821937499999 0.7908581906250001 0.7214976890625 0.847271859375 0.8129367890625 0.8735419046875
31 0.6867867828125 0.737693109375 0.6752027468749999 0.6694744046875 0.5876152421875 0.6576289281250001 0.6020793390625 0.7201817546875 0.6867867828125 0.737693109375
31 0.7097369421875 0.7910803890625 0.7037579093749999 0.7387605875000001 0.613700165625 0.7217306546875 0.6238856 0.7763081953125 0.7097369421875 0.7910803890625
31 0.719920375 0.8434696109375001 0.7160280515624999 0.793260990625 0.6276248375 0.7771914375 0.6365925375 0.8244317062500001 0.719920375 0.8434696109375001
25 0.6012996296875001 0.7118581609375 0.5909113515625 0.6541034296875 0.5178283328125 0.643682490625 0.532090171875 0.700772303125 0.6012996296875001 0.7118581609375
25 0.6207798453125 0.7775791578125 0.6030049078124999 0.7206310578124999 0.52312625 0.708680615625 0.5411540828125 0.7603384281250001 0.6207798453125 0.7775791578125
25 0.6342391390625 0.8252608671875 0.6227243265625 0.774646303125 0.5455511468750001 0.759344934375 0.5574904968750001 0.8055732875 0.6342391390625 0.8252608671875
25 0.556118025 0.8071365484375 0.546689925 0.7586331796875 0.47704789999999997 0.7412187421875001 0.4859485140625 0.78679930625 0.556118025 0.8071365484375
25 0.5390500703125001 0.7538262171875 0.5297225109375 0.7015280875000001 0.4651637359375 0.6908636515625 0.4771096703125 0.741327396875 0.5390500703125001 0.7538262171875
27 0.4039071390625 0.726946965625 0.3937719328125 0.674805853125 0.34277899375 0.6651318859375001 0.35211285625 0.710588346875 0.4039071390625 0.726946965625
27 0.414025040625 0.7746870609375 0.40540465625 0.7260266875 0.3510445265625 0.7130461796875001 0.3631562609375 0.7587777328125 0.414025040625 0.7746870609375
42 0.8921802421875 0.508878115625 0.88997660625 0.4014436078125 0.84771201875 0.401553678125 0.851002803125 0.5077138703124999 0.8921802421875 0.508878115625
41 0.8465935671875 0.5072063359375 0.845890271875 0.4037946828125 0.8070095515625001 0.40474915468750006 0.8105651390625 0.50665914375 0.8465935671875 0.5072063359375
38 0.767026371875 0.408337984375 0.7657390296875 0.5089007 0.8068154562500001 0.509545275 0.7990926640625 0.4056142875 0.767026371875 0.408337984375
37 0.6854943921875 0.41393921406249995 0.694763684375 0.5059781953125 0.7274317015625 0.5077178703125 0.7202846265625 0.4115004578125 0.6854943921875 0.41393921406249995
33 0.653634496875 0.4163569671875 0.6593265703125 0.5047767578125 0.692484771875 0.505342496875 0.6849021515625 0.41433558593750003 0.653634496875 0.4163569671875
35 0.61485175625 0.4201203640625 0.6284471515625001 0.504846615625 0.659427575 0.5052963874999999 0.6423422234375 0.41721836406249996 0.61485175625 0.4201203640625
34 0.626269259375 0.5047306296875 0.6099047703125 0.42054263281250004 0.571703465625 0.42353784843750003 0.5875727609375 0.5052414265625 0.626269259375 0.5047306296875
36 0.5840103203125 0.5053945453125 0.5709200015625 0.42326668749999996 0.535202965625 0.42524279062500003 0.54679926875 0.506155865625 0.5840103203125 0.5053945453125
8 0.461025784375 0 0.38503673125 0.0173901125 0.408245196875 0.1509971421875 0.4883600796875 0.12619613125 0.467147334375 0 0.461025784375 0