11 0.440625 0.23046875 0.084375 0.13125
11 0.5046875 0.2265625 0.071875 0.1265625
9 0.5546875 0.2390625 0.0578125 0.1
8 0.60859375 0.23359375 0.065625 0.10625
8 0.65703125 0.2359375 0.0546875 0.0953125
8 0.70703125 0.2296875 0.065625 0.1015625
19 0.74765625 0.23203125 0.0453125 0.0890625
20 0.784375 0.2359375 0.0546875 0.0796875
13 0.7890625 0.33046875 0.0390625 0.0765625
13 0.75703125 0.33203125 0.040625 0.08125
13 0.71875 0.3375 0.053125 0.090625
14 0.6765625 0.3421875 0.05 0.0875
14 0.63203125 0.34765625 0.0546875 0.090625
14 0.5828125 0.35234375 0.0546875 0.0953125
3 0.5421875 0.36796875 0.046875 0.0765625
3 0.496875 0.37421875 0.0515625 0.08125
2 0.446875 0.38203125 0.053125 0.08125
0 0.58046875 0.453125 0.0484375 0.071875
1 0.63125 0.44921875 0.0640625 0.0625
28 0.68203125 0.43359375 0.05 0.0671875
29 0.7203125 0.43125 0.0453125 0.053125
4 0.7578125 0.4203125 0.04375 0.0625
5 0.79453125 0.4171875 0.046875 0.053125
6 0.8046875 0.553125 0.0359375 0.05625
16 0.77578125 0.56171875 0.0359375 0.05625
12 0.74609375 0.5703125 0.0359375 0.059375
30 0.7171875 0.5796875 0.0375 0.0625
24 0.65546875 0.59765625 0.0375 0.0609375
24 0.62265625 0.6078125 0.0390625 0.0609375
24 0.58828125 0.62109375 0.0421875 0.06875
23 0.61953125 0.53046875 0.05625 0.0703125
27 0.5787511640624999 0.7647463484375 0.513886034375 0.79488394375 0.5206333890625 0.8472738703125 0.585332634375 0.8134583984375 0.5787511640624999 0.7647463484375
27 0.5832465046875 0.8148984171875 0.520121303125 0.8483055828125 0.5261908625 0.8942457984375001 0.5888068625 0.8583203421875 0.5832465046875 0.8148984171875
25 0.637963728125 0.7375747671874999 0.57959110625 0.764735309375 0.5866616796875 0.8142965640625001 0.6436248328125 0.783623078125 0.637963728125 0.7375747671874999
25 0.6392080828125 0.78632285625 0.5812352062499999 0.815798475 0.589517353125 0.85917723125 0.6450110078125 0.8263292890624999 0.6392080828125 0.78632285625
25 0.681128796875 0.66844799375 0.6324711921875 0.6893101578125 0.6394933453125 0.7384107281250001 0.69033525625 0.7144357671875 0.681128796875 0.66844799375
25 0.6856241359374999 0.7186000640625 0.6359079140625 0.7397191296875001 0.6424942812500001 0.7846734703125 0.692431925 0.75799886875 0.6856241359374999 0.7186000640625
25 0.6892121109375 0.76011913125 0.63834361875 0.7865070640625 0.6455763328125 0.825804096875 0.6948518124999999 0.7987333 0.6892121109375 0.76011913125
25 0.7302029796875 0.648160915625 0.682327815625 0.6677676640625 0.6895762515625 0.7131181921875 0.737349634375 0.6894657453125 0.7302029796875 0.648160915625
25 0.7324981625 0.692143425 0.6850055328125 0.7168590859374999 0.68992871875 0.7577961734375 0.7381220703125 0.7322364718750001 0.7324981625 0.692143425
25 0.7361466265625001 0.734238025 0.6871022921875001 0.7604221515625 0.6936728390625 0.7993229890625 0.73828085 0.7750716718749999 0.7361466265625001 0.734238025
31 0.7740300765625 0.6311140421875 0.7293579203125 0.6488511531250001 0.736735890625 0.6895302531249999 0.7782911 0.6716549625 0.7740300765625 0.6311140421875
31 0.7784423421875 0.6716034296875 0.7332473015625001 0.6917600515625 0.7358609640625 0.7343372390625 0.7805173046875 0.710546625 0.7784423421875 0.6716034296875
31 0.7802535953125 0.710981671875 0.735101959375 0.7330196734375 0.73828085 0.7750716718749999 0.7838741546875 0.748387903125 0.7802535953125 0.710981671875
17 0.8151174937500001 0.6514557578125 0.7762078609375 0.6695450109375 0.7787245890625 0.7112008296875 0.8192787828125001 0.6897045015625001 0.8151174937500001 0.6514557578125
17 0.817231203125 0.69371166875 0.7788698515625 0.7125829125 0.78085404375 0.7491711046875 0.8208428703124999 0.7281999796874999 0.817231203125 0.69371166875
7 0.8499399046875 0.5989169000000001 0.8081555312500001 0.6133914453125 0.81548508125 0.6536098484374999 0.8532612234375 0.6352001953124999 0.8499399046875 0.5989169000000001
7 0.8538718203125001 0.636326578125 0.81563034375 0.654991921875 0.819552421875 0.6923080078125 0.8540663515625001 0.6723780953125 0.8538718203125001 0.636326578125
7 0.8539668453125 0.6741395296875 0.8153048734375 0.69322021875 0.820067025 0.72672174375 0.8559536078125 0.7080449 0.8539668453125 0.6741395296875
34 0.676805446875 0.54723095625 0.6720563875 0.486244159375 0.6469254171875 0.49014718593750006 0.6529275218749999 0.55235908125 0.676805446875 0.54723095625
34 0.694971228125 0.48081616718750003 0.671229453125 0.48396717968749997 0.6793546171875 0.5459559328125 0.7039031203125 0.539548815625 0.694971228125 0.48081616718750003
33 0.7158247765625 0.4781211140625 0.6982779125 0.48092285468749996 0.7045527171875 0.5380706125 0.72048999375 0.533978515625 0.7158247765625 0.4781211140625
42 0.8061829421875 0.4567975390625 0.7930705109375 0.45867319375 0.7953786171874999 0.5138208296875 0.8102124875 0.5094418734375 0.8061829421875 0.4567975390625
38 0.7751029140625 0.46434187031249996 0.7598480249999999 0.4667976546875 0.7671984796875 0.5214153265625 0.7804819328125 0.5176021578125 0.7751029140625 0.46434187031249996
39 0.7596634234375 0.46747439843749994 0.7480522125 0.46944737812500004 0.753691540625 0.5256548328124999 0.7677711390625 0.52175796875 0.7596634234375 0.46747439843749994
37 0.7518547828125001 0.5260493 0.7466252843750001 0.47110941874999995 0.7313396875 0.47382238125000004 0.738571328125 0.52986246875 0.7518547828125001 0.5260493