11 0.8640625 0.2234375 0.1078125 0.1421875
10 0.78515625 0.2046875 0.103125 0.1421875
9 0.71171875 0.19375 0.0921875 0.1328125
8 0.6390625 0.16875 0.115625 0.1578125
20 0.5799628140624999 0.22825949531249998 0.5999444953124999 0.09106137656249999 0.5324036328124999 0.0761993265625 0.5173758875 0.21234819218749998 0.5799628140624999 0.22825949531249998
22 0.5110603499999999 0.2101591484375 0.525367378125 0.06799600781250001 0.443964621875 0.0455477703125 0.4293665890625 0.1883747171875 0.5110603499999999 0.2101591484375
19 0.4209166125 0.1827689546875 0.4280345546875 0.0506418546875 0.34294368125 0.022956234375000002 0.33488153125000003 0.1629061921875 0.4209166125 0.1827689546875
21 0.242863103125 0 0.23541426875 0.1421353234375 0.3331553140625 0.16616259375 0.3387281453125 0.0154041296875 0.2815081765625 0 0.242863103125 0
13 0.311054534375 0.31676020781249997 0.3169631453125 0.18142996875 0.22217234531250002 0.1661246609375 0.21806303124999998 0.297484384375 0.311054534375 0.31676020781249997
13 0.4025162640625 0.33422088437499997 0.41671463124999997 0.2051903984375 0.3272510421875 0.18380511718749998 0.31676540625 0.3173476796875 0.4025162640625 0.33422088437499997
13 0.4859362421875 0.3527489171875 0.5068945890625 0.2282030390625 0.42485511249999997 0.2085317484375 0.404971146875 0.336249609375 0.4859362421875 0.3527489171875
14 0.56227579375 0.368180334375 0.582557034375 0.25078799375 0.5105541437500001 0.2341648171875 0.487786459375 0.353176071875 0.56227579375 0.368180334375
14 0.6469413234375 0.38553395468749996 0.671563884375 0.2662199421875 0.5938696375 0.2490137984375 0.5716508796875 0.373999671875 0.6469413234375 0.38553395468749996
14 0.7143502359375 0.39744159843750004 0.741231234375 0.28522786093749997 0.6748178109375 0.2698951140625 0.64850731875 0.38297155 0.7143502359375 0.39744159843750004
3 0.7647745296874999 0.4002589203125 0.7787789734375 0.32000307656250004 0.7338611296875001 0.31166929374999996 0.714768425 0.393465509375 0.7647745296874999 0.4002589203125
3 0.8146318593749999 0.40769675625 0.82344849375 0.3303158484375 0.77768200625 0.3217861390625 0.7696647859375 0.398672834375 0.8146318593749999 0.40769675625
2 0.860606740625 0.4162745765625 0.869720928125 0.3376048171875 0.824378134375 0.3312092453125 0.8154908875 0.407895078125 0.860606740625 0.4162745765625
5 0.3221908640625 0.4243321265625 0.32332411250000004 0.3567165015625 0.2149865640625 0.336456215625 0.2156039734375 0.40786987343750003 0.3221908640625 0.4243321265625
4 0.3842233796875 0.433902053125 0.3899014515625 0.3544390046875 0.3281261203125 0.34424968125 0.32032402968749996 0.42457990624999997 0.3842233796875 0.433902053125
29 0.48177364687499996 0.45031435468750003 0.49116599843750003 0.390035671875 0.3933275296875 0.37152051875000003 0.3856438828125 0.435587546875 0.48177364687499996 0.45031435468750003
28 0.5413778515625001 0.45864488750000004 0.5525555296875 0.39063311093749997 0.49769255 0.38203963124999996 0.48606879375 0.45130596718750005 0.5413778515625001 0.45864488750000004
1 0.6323198062500001 0.4762466296875 0.6422736328124999 0.41745512187499995 0.5557894 0.400882525 0.5452266671875 0.46156977499999996 0.6323198062500001 0.4762466296875
0 0.6877776421874999 0.4829411265625 0.6996655703125 0.41577209843749996 0.6551812296875 0.40550207968749996 0.6413564296875001 0.47629658125 0.6877776421874999 0.4829411265625
23 0.6090290609375 0.5692915578125 0.616425190625 0.4902251546875 0.5534023328125001 0.48178413437499995 0.5419575125 0.5619521421875 0.6090290609375 0.5692915578125
15 0.6771084125 0.576184871875 0.6813323484375 0.49910119999999997 0.61731655 0.4911097125 0.607459778125 0.5682504890625 0.6771084125 0.576184871875
6 0.2650001203125 0.6268934296875 0.2689858515625 0.5547607109375 0.19608679843750002 0.5450577515624999 0.19350502812499998 0.6210781546875 0.2650001203125 0.6268934296875
16 0.32973035781250004 0.6311469140625 0.331923 0.5633516375000001 0.2699254484375 0.5579472640625001 0.2651303 0.6263295578125 0.32973035781250004 0.6311469140625
12 0.385961509375 0.6310625265625001 0.39429753437500004 0.564091634375 0.3375768609375 0.5599055265625 0.3271142953125 0.6287611703125 0.385961509375 0.6310625265625001
30 0.44713499375000004 0.6404341296875 0.45484954999999994 0.5727258359375 0.3951648890625 0.5642918796874999 0.3866837296875 0.6347928203125 0.44713499375000004 0.6404341296875
26 0.487001903125 0.6460745765625 0.49142006718750003 0.5823566578125 0.4553111890625 0.578177746875 0.44651352343750006 0.6396967265625 0.487001903125 0.6460745765625
24 0.5436949156249999 0.6508482265625 0.5519007609375 0.5844412046875 0.4971108125 0.5789190609375 0.48775355468750003 0.6462481078125 0.5436949156249999 0.6508482265625
24 0.5963693140624999 0.65588195625 0.6077119421875 0.58960519375 0.5554506703125 0.5834789890625001 0.5436949156249999 0.6508482265625 0.5963693140624999 0.65588195625
24 0.6490437124999999 0.6609156875 0.66209114375 0.6009717703125 0.609741771875 0.59185559375 0.5948660140625 0.6555348921874999 0.6490437124999999 0.6609156875
7 0.27460985937500004 0.8458949984374999 0.2806739671875 0.795623446875 0.17828005625 0.7868320984375 0.17449318593750002 0.840599021875 0.27460985937500004 0.8458949984374999
7 0.28668717187500004 0.7970117046875 0.2911766578125 0.7398434375 0.189895328125 0.7330907265625 0.18545773593749998 0.78967705 0.28668717187500004 0.7970117046875
7 0.2885311640625 0.7410144546875 0.29289046875 0.684410059375 0.18872951093749998 0.676398609375 0.18403476875 0.7341134140625 0.2885311640625 0.7410144546875
17 0.373613771875 0.8491522953124999 0.3813407890625 0.7951071734374999 0.285706715625 0.791440015625 0.2802619546875 0.845418109375 0.373613771875 0.8491522953124999
17 0.3790145171875 0.7880369265625 0.3869430375 0.7399775859375 0.292319546875 0.7353558859375 0.2893202015625 0.7821775109375 0.3790145171875 0.7880369265625
17 0.386191384375 0.7398040531250001 0.39189438125 0.68766735625 0.2980503671875 0.6796620546875001 0.2920879171875 0.7358963359375 0.386191384375 0.7398040531250001
31 0.47116528750000003 0.8004027171875 0.4795137734375 0.7470950015625 0.3925599546875 0.7436500578125 0.381441540625 0.7981000640625 0.47116528750000003 0.8004027171875
31 0.46359787968750005 0.85032720625 0.47279876718749997 0.8001859109374999 0.38231816093750004 0.7983024484375 0.37426467343750003 0.8463329375 0.46359787968750005 0.85032720625
25 0.566692778125 0.7535615625000001 0.574419796875 0.6995164421875 0.4886272328125 0.69455781875 0.47798104375 0.7503046984374999 0.566692778125 0.7535615625000001
25 0.5557576578125001 0.800926775 0.564437825 0.753040965625 0.4816531140625 0.748776759375 0.47181618593749997 0.7975833609375 0.5557576578125001 0.800926775
25 0.5478291390625001 0.8489861140625001 0.5557576578125001 0.800926775 0.47346494687499996 0.79796400625 0.4626447265625 0.8441678921875001 0.5478291390625001 0.8489861140625001
25 0.6307585984374999 0.8532837375 0.639829309375 0.803706315625 0.55994133125 0.8007047984375 0.5494626203124999 0.84876930625 0.6307585984374999 0.8532837375
25 0.637313996875 0.8043134625 0.6472665359375 0.7543457 0.5685200359375 0.7498259359375 0.557391140625 0.8007099671875 0.637313996875 0.8043134625
25 0.7078050359375 0.855629234375 0.7192314468750001 0.8095652984375 0.6403738328124999 0.8056138078125 0.631018959375 0.8521559968749999 0.7078050359375 0.855629234375
25 0.7188409078125 0.8112569140625 0.730426928125 0.7610723453125 0.6527116828125 0.7556028109375 0.6397998796875 0.8072630765625 0.7188409078125 0.8112569140625
27 0.78837879375 0.8564133734375 0.7993139140625 0.8090481625000001 0.7266191078124999 0.8059255406249999 0.7158716921875 0.8515523093749999 0.78837879375 0.8564133734375
27 0.791045759375 0.8071393078125 0.8009688687500001 0.76072830625 0.731178309375 0.7553065546875 0.7203023171875 0.8014975640625 0.791045759375 0.8071393078125
36 0.5391423859375 0.5605519953125 0.5469438609374999 0.4863305828125 0.505562215625 0.481278209375 0.49849796875 0.55466953125 0.5391423859375 0.5605519953125
33 0.4252178 0.4702087296875 0.418941203125 0.544782190625 0.4500272625 0.5497992421875 0.45722284062499996 0.47414210625 0.4252178 0.4702087296875
35 0.3929437546875 0.46534935624999996 0.385100465625 0.5417208484375 0.41647055625 0.545507634375 0.4240157875 0.470795115625 0.3929437546875 0.46534935624999996
37 0.3834605015625 0.5413422328124999 0.3912091125 0.465380828125 0.3580016640625 0.45987401562499997 0.3520904125 0.5375554453125 0.3834605015625 0.5413422328124999
39 0.3485264515625 0.5380284796875 0.35593916718749996 0.45853395937499997 0.32462653124999996 0.4547604359375 0.31551640000000003 0.5338630765625 0.3485264515625 0.5380284796875
38 0.2848098125 0.44988748437500004 0.28013037343749997 0.53001303125 0.3130457515625 0.5345885234375001 0.3208724421875 0.45605346718749995 0.2848098125 0.44988748437500004
41 0.248898534375 0.44332449687500003 0.24374571406249998 0.5255004875 0.2782063796875 0.53086468125 0.28257625000000003 0.449803771875 0.248898534375 0.44332449687500003
42 0.2407284109375 0.526099725 0.24469324375 0.4440814140625 0.2085284375 0.43875573437500004 0.2061730671875 0.5211456203125 0.2407284109375 0.526099725
18 0.49504526249999997 0.5430162515625 0.5018436265624999 0.47806606875 0.4606573921875 0.473029390625 0.4539585875 0.5402385171875 0.49504526249999997 0.5430162515625