9 0.253125 0.103125 0.1234375 0.1703125
22 0.4640625 0.09140625 0.128125 0.178125
22 0.58125 0.09609375 0.109375 0.1671875
21 0.7046875 0.08671875 0.1125 0.1734375
19 0.83515625 0.08515625 0.1234375 0.1703125
10 0.128125 0.10625 0.1296875 0.165625
8 0.359375 0.1015625 0.103125 0.165625
13 0.58671875 0.2828125 0.103125 0.1421875
13 0.67890625 0.28359375 0.0921875 0.1375
13 0.77578125 0.2765625 0.1046875 0.1421875
14 0.4828125 0.2875 0.1046875 0.1453125
14 0.37578125 0.28828125 0.1078125 0.146875
14 0.271875 0.29453125 0.1046875 0.1390625
3 0.1859375 0.309375 0.0859375 0.1109375
3 0.1140625 0.31328125 0.078125 0.10625
2 0.0359375 0.321875 0.071875 0.096875
0 0.2796875 0.44375 0.0859375 0.0890625
1 0.3828125 0.44453125 0.1265625 0.0796875
28 0.4828125 0.434375 0.071875 0.0875
29 0.57890625 0.43515625 0.1203125 0.0828125
4 0.67890625 0.428125 0.075 0.09375
5 0.7875 0.4359375 0.1296875 0.0828125
15 0.27890625 0.5640625 0.096875 0.096875
23 0.37109375 0.56015625 0.096875 0.1015625
24 0.2859375 0.67265625 0.08125 0.0875
24 0.359375 0.66796875 0.0640625 0.0890625
24 0.428125 0.671875 0.078125 0.0796875
26 0.49375 0.67578125 0.053125 0.075
30 0.55625 0.66171875 0.0734375 0.0828125
12 0.6296875 0.66015625 0.0671875 0.08125
16 0.703125 0.66484375 0.0734375 0.0765625
6 0.78203125 0.66171875 0.0765625 0.084375
27 0.11484375 0.87109375 0.1171875 0.06875
27 0.12265625 0.9296875 0.109375 0.0578125
25 0.23125 0.9265625 0.1125 0.065625
25 0.228125 0.86640625 0.1125 0.0640625
25 0.3328125 0.8046875 0.115625 0.06875
25 0.33984375 0.86328125 0.1125 0.0625
25 0.3421875 0.9203125 0.109375 0.059375
25 0.45 0.91640625 0.109375 0.0609375
25 0.4484375 0.85859375 0.1109375 0.0640625
25 0.44609375 0.79765625 0.1140625 0.06875
31 0.5609375 0.8046875 0.1140625 0.06875
31 0.56015625 0.86328125 0.1125 0.059375
31 0.56015625 0.91875 0.109375 0.0609375
17 0.67265625 0.7953125 0.1109375 0.06875
17 0.6734375 0.8546875 0.109375 0.0578125
17 0.66875 0.909375 0.1078125 0.059375
7 0.778125 0.90546875 0.1125 0.0609375
7 0.7828125 0.84921875 0.1140625 0.0578125
7 0.78671875 0.7875 0.1140625 0.0703125
36 0.45234375 0.55703125 0.0546875 0.090625
34 0.509375 0.55625 0.0546875 0.090625
33 0.55859375 0.55390625 0.040625 0.0921875
35 0.6015625 0.5546875 0.040625 0.0921875
37 0.64140625 0.5515625 0.0390625 0.090625
39 0.6828125 0.5515625 0.040625 0.0875
18 0.721875 0.54296875 0.0375 0.0765625
41 0.7825362359375 0.5905034015624999 0.7848768890625 0.5003462171875 0.74740445625 0.502684215625 0.7455664390625001 0.5928238484375 0.7825362359375 0.5905034015624999
42 0.8223190062500001 0.590143590625 0.8287534531249999 0.4993287296875 0.790588009375 0.5011762125 0.784628015625 0.5914597890625 0.8223190062500001 0.590143590625