43 0.20984411875000003 0.10469157031250001 0.22035285624999998 0.32546849375 0.27427005625 0.324522459375 0.26385993281250003 0.103993225 0.20984411875000003 0.10469157031250001
45 0.3240481109375 0.11359830156249999 0.3258578359375 0.334423840625 0.3775695171875 0.3389480265625 0.38039136562500003 0.114188403125 0.3240481109375 0.11359830156249999
41 0.38030526875000004 0.11852016406250002 0.3773784203125 0.341014490625 0.430764859375 0.34292850937499997 0.43642874843749996 0.12162229531249999 0.38030526875000004 0.11852016406250002
40 0.43055062812499995 0.3438489546875 0.4842283046875 0.3482794609375 0.492561196875 0.1247252078125 0.43685027343750005 0.12310560468750001 0.43055062812499995 0.3438489546875
2 0.80703125 0.175 0.1265625 0.240625
3 0.8596102296874999 0.19295030156249998 0.854767425 0.21450087812500002 0.8454308421875 0.2970735625 0.943852359375 0.303430559375 0.94442811875 0.305171259375 0.9665749484375 0.0665187953125 0.8687865703125001 0.05909030625 0.8610922703125 0.127720603125 0.8596102296874999 0.19295030156249998
24 1 0.06905439062499999 0.970036215625 0.06569473125 0.94238991875 0.304429496875 1 0.312563275 1 0.06905439062499999
27 0.6848968796875 0.6785654812499999 0.5323305375 0.6646542125 0.5213093343749999 0.8051141171875 0.6677857609375 0.8168022562499999 0.6848968796875 0.6785654812499999
27 0.83403910625 0.6978116046875 0.6835691296874999 0.6840837453125 0.6665244484375 0.8161284640625001 0.813172128125 0.8279884515625 0.83403910625 0.6978116046875
25 0.835770471875 0.6885807125000001 0.9836901734374999 0.7030161781250001 0.9886605734374999 0.651440703125 0.9974784296875001 0.5506521453125 0.8598369937499999 0.5390381375 0.835770471875 0.6885807125000001
25 0.8121838468749999 0.825252515625 0.9618802890625 0.84222660625 0.9832994171875 0.7127190125 0.9843107156249999 0.701159815625 0.8354488531250001 0.6885643546875 0.8121838468749999 0.825252515625
26 0.31796875 0.63984375 0.090625 0.175
26 0.25625 0.634375 0.0859375 0.1796875
27 0.6997197625 0.5091391578125 0.5448613765625 0.49728113125 0.5291021078125 0.66775241875 0.6818192 0.6805499890625 0.6997197625 0.5091391578125
27 0.8333085453125 0.6985656140625001 0.8582161156250001 0.542872246875 0.698748253125 0.52990154375 0.6783910953125 0.6853210546875 0.8333085453125 0.6985656140625001
25 1 0.43614847812499996 0.85547936875 0.42320255781249994 0.8690980453125 0.499331925 1 0.5096666109375 1 0.43614847812499996
18 0.8320833437499999 0.410746659375 0.694930290625 0.398747321875 0.696724784375 0.48483933281249997 0.8434227859375 0.49833606250000007 0.8320833437499999 0.410746659375
44 0.2741786046875 0.330575996875 0.32615021718750004 0.3310818984375 0.3243981875 0.10867221093749999 0.26629555312500003 0.10897692187500001 0.2741786046875 0.330575996875