11 0.2375 0.08046875 0.1359375 0.1609375
10 0.325 0.1109375 0.115625 0.14375
9 0.4046875 0.1390625 0.103125 0.1375
8 0.48125 0.16640625 0.1109375 0.13125
20 0.5609375 0.1890625 0.109375 0.1375
20 0.6453125 0.2078125 0.115625 0.146875
19 0.73046875 0.2390625 0.109375 0.1359375
19 0.81015625 0.26328125 0.10625 0.1328125
14 0.38828125 0.27421875 0.10625 0.128125
14 0.47109375 0.29921875 0.11875 0.1375
14 0.55625 0.32421875 0.1046875 0.1265625
13 0.6359375 0.3484375 0.10625 0.128125
13 0.71328125 0.3703125 0.109375 0.13125
13 0.79140625 0.39296875 0.1015625 0.1265625
3 0.31484375 0.271875 0.071875 0.0875
3 0.25859375 0.25234375 0.075 0.0921875
2 0.1984375 0.234375 0.0828125 0.0921875
0 0.3375 0.38046875 0.08125 0.090625
1 0.41328125 0.40859375 0.109375 0.0875
28 0.50546875 0.4296875 0.0828125 0.0890625
29 0.584375 0.4578125 0.109375 0.0875
4 0.66640625 0.4734375 0.08125 0.09375
5 0.73984375 0.50234375 0.1109375 0.0875
24 0.275 0.57421875 0.0765625 0.084375
24 0.3359375 0.59140625 0.0765625 0.0828125
24 0.3953125 0.60546875 0.0734375 0.0828125
26 0.446875 0.62578125 0.0546875 0.0703125
30 0.50703125 0.6375 0.078125 0.084375
12 0.5671875 0.65625 0.078125 0.08125
16 0.62734375 0.66875 0.071875 0.08125
6 0.6921875 0.68828125 0.0796875 0.08125
27 0.06796875 0.696875 0.1140625 0.0828125
27 0.053125 0.753125 0.10625 0.078125
25 0.15 0.77578125 0.1109375 0.0796875
25 0.1703125 0.7203125 0.1109375 0.0828125
25 0.28671875 0.69140625 0.109375 0.0859375
25 0.26796875 0.7484375 0.10625 0.0796875
25 0.24609375 0.8046875 0.109375 0.084375
25 0.34921875 0.828125 0.1015625 0.0765625
25 0.36484375 0.77421875 0.1046875 0.0796875
25 0.3828125 0.71796875 0.1078125 0.0828125
31 0.48125 0.74296875 0.1078125 0.0875
31 0.46484375 0.8 0.1046875 0.078125
31 0.44140625 0.853125 0.1046875 0.0796875
17 0.53828125 0.8765625 0.1015625 0.078125
17 0.55546875 0.8234375 0.103125 0.0796875
17 0.57109375 0.76875 0.103125 0.078125
7 0.628125 0.89921875 0.1 0.075
7 0.64921875 0.85 0.1078125 0.078125
7 0.6609375 0.7921875 0.109375 0.084375
18 0.35078125 0.48984375 0.1609375 0.1203125
36 0.4484375 0.51953125 0.059375 0.0828125
18 0.49140625 0.53203125 0.0640625 0.0859375
33 0.53046875 0.54296875 0.05 0.08125
33 0.5640625 0.5515625 0.0484375 0.08125
37 0.5953125 0.56015625 0.0484375 0.0796875
42 0.72265625 0.59609375 0.0484375 0.08125
38 0.659375 0.578125 0.0484375 0.08125
18 0.6921875 0.58203125 0.0453125 0.0703125
18 0.62890625 0.56328125 0.0453125 0.0703125