19 0.765625 0.18515625 0.096875 0.1375
19 0.6703125 0.19453125 0.0984375 0.1234375
20 0.58046875 0.2015625 0.0875 0.1234375
20 0.4953125 0.20625 0.0953125 0.134375
8 0.41015625 0.21640625 0.090625 0.13125
10 0.33046875 0.2203125 0.0859375 0.128125
9 0.24921875 0.2265625 0.1015625 0.128125
11 0.15546875 0.234375 0.115625 0.1390625
14 0.35859375 0.3578125 0.090625 0.1125
14 0.4359375 0.353125 0.078125 0.10625
14 0.5140625 0.34375 0.0921875 0.1234375
13 0.60390625 0.33515625 0.096875 0.121875
13 0.68984375 0.328125 0.0890625 0.1203125
13 0.77578125 0.321875 0.096875 0.11875
3 0.28828125 0.37265625 0.06875 0.0828125
3 0.23515625 0.378125 0.05625 0.0765625
2 0.18125 0.384375 0.0609375 0.0796875
0 0.34921875 0.47109375 0.0640625 0.0734375
1 0.4265625 0.46953125 0.0953125 0.0640625
28 0.50546875 0.4546875 0.0640625 0.0765625
29 0.58203125 0.4546875 0.103125 0.0671875
4 0.6625 0.43671875 0.0671875 0.078125
5 0.73984375 0.43828125 0.096875 0.0671875
15 0.36796875 0.56015625 0.0734375 0.0796875
23 0.43515625 0.5515625 0.0703125 0.078125
24 0.41328125 0.63984375 0.0578125 0.0703125
24 0.4875 0.6296875 0.0546875 0.0640625
30 0.575 0.6296875 0.0609375 0.0671875
26 0.5296875 0.634375 0.0375 0.059375
12 0.63125 0.621875 0.059375 0.0703125
16 0.68515625 0.6203125 0.0546875 0.0671875
6 0.74453125 0.6140625 0.0703125 0.0734375
25 0.3296875 0.84140625 0.0890625 0.059375
25 0.325 0.7890625 0.0890625 0.0625
25 0.415625 0.834375 0.0875 0.05625
25 0.41171875 0.78515625 0.0921875 0.0609375
25 0.50234375 0.82890625 0.090625 0.059375
25 0.49765625 0.778125 0.0890625 0.05625
25 0.4078125 0.7328125 0.0890625 0.0578125
25 0.49609375 0.728125 0.0921875 0.0625
31 0.590625 0.81953125 0.0890625 0.059375
31 0.5890625 0.771875 0.090625 0.05625
31 0.58671875 0.72265625 0.0890625 0.0640625
7 0.76171875 0.81171875 0.0890625 0.053125
7 0.7640625 0.759375 0.090625 0.065625
17 0.67734375 0.81328125 0.0875 0.059375
17 0.67421875 0.7625 0.090625 0.0640625
34 0.49140625 0.5515625 0.0484375 0.071875
34 0.53671875 0.54765625 0.046875 0.0734375
35 0.57421875 0.54453125 0.0359375 0.071875
33 0.60703125 0.5375 0.034375 0.0734375
37 0.6375 0.534375 0.034375 0.071875
39 0.6875912515625 0.5660777171875 0.6897695859375 0.49656470312499995 0.6595386703125 0.49766045937500003 0.6578091875000001 0.5679087578125 0.6875912515625 0.5660777171875
38 0.7199685640625 0.564406896875 0.7211222484375 0.49498352968750003 0.6914448109375 0.4964181390625 0.6891954765625 0.56671191875 0.7199685640625 0.564406896875
41 0.753849221875 0.562217275 0.7513830109375 0.49272333125 0.721712740625 0.49415731406249996 0.7257050046875 0.5650668515625 0.753849221875 0.562217275
42 0.784622309375 0.55991225625 0.7846504703125 0.4894255296875 0.7535180078125 0.491761990625 0.75589851875 0.5620379859375 0.784622309375 0.55991225625