14 0.1609375 0.1390625 0.19375 0.278125
14 0.2625 0.29296875 0.1828125 0.3109375
19 0.37578125 0.31640625 0.184375 0.3125
13 0.5 0.3140625 0.1765625 0.2984375
20 0.7875 0.38515625 0.1859375 0.3296875
19 0.90078125 0.41875 0.1703125 0.3140625
10 0.6400255015625 0.8656345578125 0.7591054625 0.8909013531250001 0.8147129281250001 0.6048257375 0.6881506359375 0.5802245203124999 0.6400255015625 0.8656345578125
11 0.82734375 0.7515625 0.165625 0.303125
8 0.45078125 0.67265625 0.18125 0.328125
9 0.56484375 0.69296875 0.184375 0.334375
13 0.18828125 0.6375 0.19375 0.3421875
13 0.3140625 0.66953125 0.1890625 0.3296875