9 0.19876165625 0.2040707140625 0.1127582 0.23799020624999997 0.192076959375 0.37029126093750003 0.2743536859375 0.345759784375 0.19876165625 0.2040707140625
13 0.3500366640625 0.3191828171875 0.28985500000000003 0.182006984375 0.21029609843750002 0.229793925 0.27615105624999997 0.343192871875 0.3500366640625 0.3191828171875
14 0.2864327953125 0.1796096453125 0.3495801125 0.32226406875 0.44614722812499996 0.2907181015625 0.3787108015625 0.1415830328125 0.2864327953125 0.1796096453125
32 0.22898875937500002 0.4052195671875 0.26638525625 0.48542084062499996 0.29703986875 0.477145296875 0.2600300828125 0.3952721671875 0.22898875937500002 0.4052195671875
33 0.2908756375 0.3875962671875 0.3275745609375 0.4706049296875 0.36168239375 0.4607151515625 0.3220699234375 0.3785166765625 0.2908756375 0.3875962671875
35 0.32531018437500003 0.3766031359375 0.35730628593749997 0.45999364375 0.393094809375 0.45115075625 0.35997431875 0.3669117421875 0.32531018437500003 0.3766031359375
45 0.360127334375 0.3677795453125 0.391578878125 0.4548452453125 0.426319521875 0.44558774999999995 0.394213153125 0.358190121875 0.360127334375 0.3677795453125
44 0.3907096015625 0.3552286984375 0.425664696875 0.445255821875 0.4591721953125 0.43576835156250004 0.42718508593750004 0.3456653046875 0.3907096015625 0.3552286984375
43 0.42806943906250006 0.34729895625 0.4597842734375 0.4392396203125 0.4957580015625 0.430212090625 0.4625040421875 0.33630581875 0.42806943906250006 0.34729895625
40 0.45918727031250006 0.337785459375 0.4946014234375 0.4304160265625 0.5332370984375 0.41957692968750004 0.5016415203125 0.32493084843750003 0.45918727031250006 0.337785459375
41 0.5006379109375 0.326002615625 0.5315787125 0.420316740625 0.571628153125 0.410948509375 0.5364586203124999 0.3161072640625 0.5006379109375 0.326002615625
5 0.38594328125 0.5141890484375 0.2892482390625 0.533923384375 0.3133796875 0.5896197437499999 0.4056125921875 0.5754125546875 0.38594328125 0.5141890484375
29 0.480563628125 0.48945175937499996 0.387720925 0.510743821875 0.41111210312499996 0.57238688125 0.50510566875 0.551160009375 0.480563628125 0.48945175937499996
7 0.49005488125 0.48240941406250004 0.5108178750000001 0.5494372828125 0.61321935625 0.5282493578125 0.594888828125 0.45810819062499997 0.49005488125 0.48240941406250004
15 0.36875 0.6515625 0.1015625 0.096875
23 0.44765625 0.6390625 0.0953125 0.1
24 0.51796875 0.61953125 0.08125 0.0890625
31 0.5552979734375 0.663048421875 0.65803930625 0.6471693515625 0.638160665625 0.5817751359375001 0.53479826875 0.6008955171875 0.5552979734375 0.663048421875
27 0.5750862703124999 0.761746684375 0.597253290625 0.8164472078125 0.689465996875 0.8051090078125 0.6713470781249999 0.7496946734375001 0.5750862703124999 0.761746684375
25 0.5672871625 0.7716224390625 0.47565271875 0.7828586750000001 0.4978535578125 0.8411324499999999 0.5893423953125 0.8284938515625001 0.5672871625 0.7716224390625
25 0.473263053125 0.782832646875 0.38745430625 0.7899098734375001 0.41097367656249995 0.8421349640625 0.4963201171875 0.8361741890625 0.473263053125 0.782832646875