11 0.578125 0.0703125 0.096875 0.140625
10 0.51640625 0.07109375 0.0859375 0.1421875
9 0.48150339999999997 0.0096168390625 0.4251591921875 0.02056904375 0.44945699687499996 0.1455704171875 0.507722934375 0.13848035 0.48150339999999997 0.0096168390625
8 0.4 0.08125 0.1203125 0.1546875
20 0.31796875 0.09296875 0.1046875 0.14375
20 0.2724603921875 0.034870871875 0.18064579218750001 0.053502782812500004 0.20734775 0.160751059375 0.29513655 0.1515295875 0.2724603921875 0.034870871875
21 0.1453125 0.11640625 0.1328125 0.13125
13 0.0671875 0.29453125 0.134375 0.1984375
13 0.1703125 0.2703125 0.1375 0.18125
13 0.265625 0.25625 0.1265625 0.1671875
14 0.34296875 0.2515625 0.0921875 0.140625
14 0.40703125 0.2421875 0.084375 0.13125
14 0.465625 0.23359375 0.078125 0.128125
3 0.5328125 0.23515625 0.084375 0.1015625
3 0.58203125 0.23203125 0.0515625 0.0828125
0 0.52421875 0.35 0.0515625 0.078125
1 0.475 0.36953125 0.0875 0.084375
28 0.403125 0.38046875 0.0859375 0.10625
29 0.32109375 0.41015625 0.109375 0.0953125
6 0.23984375 0.421875 0.09375 0.1265625
5 0.14453125 0.4609375 0.146875 0.1171875
23 0.496875 0.4703125 0.0796875 0.10625
36 0.42328854531250004 0.537985334375 0.463519759375 0.521698146875 0.445218821875 0.44184578124999996 0.402839246875 0.452585828125 0.42328854531250004 0.537985334375
34 0.3828526203125 0.5530374984375 0.423918709375 0.538153828125 0.40460228593750003 0.45307723125 0.3639857734375 0.46430867343750004 0.3828526203125 0.5530374984375
35 0.35005013906250004 0.566605871875 0.3836258328125 0.5539098640625 0.3656037640625 0.4669135015625 0.33340066562500004 0.4756754390625 0.35005013906250004 0.566605871875
33 0.353040728125 0.5652766484375 0.3272858828125 0.47853222031250003 0.29263907968749997 0.4890203125 0.32216554999999997 0.5808702765625 0.353040728125 0.5652766484375
37 0.262734615625 0.4981695453125 0.2859900765625 0.5920725734375 0.322087440625 0.5804684359375 0.295015853125 0.489809459375 0.262734615625 0.4981695453125
41 0.2491241515625 0.594354228125 0.272945778125 0.5850160265625 0.24460225468750002 0.5021111609375 0.21316909375 0.511974584375 0.2491241515625 0.594354228125
40 0.1849607359375 0.524130521875 0.21632074218750003 0.622932625 0.2567998734375 0.6077557359375 0.21839127656250001 0.5159640765625 0.1849607359375 0.524130521875
44 0.1411417859375 0.5389037875 0.1753073453125 0.637158921875 0.21482207656250002 0.6234222640625 0.18198145937500002 0.525960778125 0.1411417859375 0.5389037875
45 0.101072075 0.5529482765625 0.13580855 0.65703220625 0.1768390484375 0.6424827843750001 0.143217284375 0.54100264375 0.101072075 0.5529482765625
24 0.55703125 0.54453125 0.0609375 0.0828125
24 0.51640625 0.56328125 0.0546875 0.0828125
24 0.47578125 0.584375 0.0625 0.0875
26 0.4328125 0.5984375 0.053125 0.0859375
30 0.39375 0.6203125 0.071875 0.0984375
12 0.3375 0.64765625 0.0890625 0.1046875
16 0.27421875 0.67421875 0.0890625 0.1125
6 0.19921875 0.715625 0.109375 0.121875
7 0.19617411093749998 0.8305992078125 0.2138165078125 0.8984851515625 0.3166518015625 0.8384593484374999 0.3038521953125 0.7754707265625 0.19617411093749998 0.8305992078125
7 0.22024740937499998 0.9744625359375 0.3296437578125 0.9081568125 0.31018257031249996 0.8452119265625001 0.20102061718750003 0.9127232328125 0.22024740937499998 0.9744625359375
7 0.311413128125 1 0.3515486015625 0.9693755546875 0.32949870937500003 0.9102702359375 0.235880415625 0.9776795140625 0.24230060312499999 1 0.311413128125 1
17 0.3087645015625 0.7750063953125 0.322958934375 0.8423114109375 0.40874424062500003 0.78893618125 0.395096584375 0.7244442171875 0.3087645015625 0.7750063953125
17 0.3291081390625 0.9082609265625001 0.4141010921875 0.8479498859374999 0.40163635781249996 0.79240304375 0.3110306515625 0.8467152812500001 0.3291081390625 0.9082609265625001
17 0.3288737953125 0.9070553328125 0.3480336890625 0.96163161875 0.4271795296875 0.903794459375 0.41265050781249996 0.8490659359375 0.3288737953125 0.9070553328125
31 0.40443619062499997 0.7238799265625 0.4158910140625 0.7852094468749999 0.48573671406249996 0.7389382859375 0.47824864375000004 0.6832581906249999 0.40443619062499997 0.7238799265625
31 0.40132389999999996 0.7907955921875 0.4152677296875 0.848497025 0.4872774203125 0.8011960734375 0.479331865625 0.7460219359375 0.40132389999999996 0.7907955921875
31 0.495635290625 0.8522628671874999 0.4843650765625 0.8005110312499999 0.410128715625 0.8503902249999999 0.425338378125 0.9029012 0.495635290625 0.8522628671874999
25 0.49350111406249997 0.8498633640625 0.5614810125 0.8026201828125 0.5542608796875 0.756897178125 0.48352820625000004 0.801924846875 0.49350111406249997 0.8498633640625
25 0.49033398124999994 0.7397128640624999 0.490792315625 0.7992617015625 0.5580100953125 0.7561684046875 0.55733983125 0.7012482890625 0.49033398124999994 0.7397128640624999
25 0.485883328125 0.733454303125 0.5465272546875 0.697094315625 0.5382692437500001 0.64031273125 0.4694334484375 0.6808012031249999 0.485883328125 0.733454303125
25 0.54362973125 0.6937733781250001 0.6002992500000001 0.6620362453124999 0.592353684375 0.6068621203125 0.5289184296875 0.6379598625 0.54362973125 0.6937733781250001
25 0.5566580562500001 0.7522184140625 0.6152745687500001 0.7133416265625 0.603669096875 0.6622153078124999 0.5467615984374999 0.6982999078125001 0.5566580562500001 0.7522184140625
25 0.5613921921875 0.8044580515625 0.6211334296875 0.7634997328125 0.612217178125 0.714770025 0.5524197281250001 0.756003915625 0.5613921921875 0.8044580515625
27 0.670083490625 0.6729457187500001 0.71748416875 0.639278603125 0.707731059375 0.5919627015625 0.66175875625 0.62425351875 0.670083490625 0.6729457187500001
27 0.682267121875 0.72061026875 0.7237112156250001 0.68561170625 0.7176404 0.6400823390625 0.6702175421875001 0.673489209375 0.682267121875 0.72061026875