27 0.4796875 0.915625 0.15 0.1078125
27 0.5173360640625 0.7931719875 0.38501404375 0.8212979015625 0.40981183281250005 0.8916798015625 0.53306565 0.8671738734375 0.5173360640625 0.7931719875
25 0.62109375 0.896875 0.1421875 0.0953125
25 0.59921875 0.8296875 0.146875 0.0984375
31 0.74921875 0.865625 0.153125 0.115625
25 0.7578125 0.6265625 0.1171875 0.125
7 0.4813521265625 0.6617346234375 0.34508665 0.6906987453125 0.36855245625 0.76800093125 0.4980391984375 0.7402411234375 0.4813521265625 0.6617346234375
6 0.55546875 0.671875 0.125 0.1390625
6 0.63125 0.65390625 0.084375 0.109375
23 0.703125 0.4796875 0.14375 0.1390625
23 0.515252159375 0.45768499843750005 0.55023579375 0.57194968125 0.657093978125 0.54619375625 0.629625734375 0.43286705625 0.515252159375 0.45768499843750005
15 0.36640625 0.54921875 0.1484375 0.15
15 0.475 0.5234375 0.146875 0.15
33 0.715905921875 0.23806164375 0.6637945828125 0.2501524234375 0.687638146875 0.3746617109375 0.7397890015625 0.36279920312499997 0.715905921875 0.23806164375
45 0.48427254062499997 0.42066050625000007 0.53613439375 0.40963692968750004 0.506163134375 0.2877147109375 0.45602515 0.299893128125 0.48427254062499997 0.42066050625000007
18 0.650307678125 0.2570758421875 0.5116465984375 0.288070425 0.5393962078125 0.40590109218750003 0.67684693125 0.3751637796875 0.650307678125 0.2570758421875
44 0.40578404062500006 0.3115863765625 0.4355215296875 0.43305119843749995 0.48579015937500003 0.42084501249999995 0.4565687859375 0.29927048749999996 0.40578404062500006 0.3115863765625
40 0.3050675609375 0.337051015625 0.3357694671875 0.45678958437499995 0.3874544734375 0.444789425 0.3560585578125 0.3257054578125 0.3050675609375 0.337051015625
41 0.2953125 0.403125 0.0796875 0.1375
9 0.62578125 0.0875 0.1890625 0.175
14 0.4953125 0.10234375 0.1625 0.2046875
14 0.375 0.12421875 0.175 0.2203125
19 0.24453125 0.153125 0.178125 0.2234375
43 0.406637053125 0.3124192359375 0.3553086703125 0.325357765625 0.38807243593749996 0.444098515625 0.43803296718749996 0.431503203125 0.406637053125 0.3124192359375
18 0.73046875 0.79453125 0.1421875 0.1046875