22 0.2765625 0.22578125 0.11875 0.153125
21 0.37421875 0.24296875 0.1078125 0.1484375
21 0.4640625 0.2609375 0.10625 0.1390625
14 0.55390625 0.26875 0.1109375 0.1484375
14 0.653125 0.28203125 0.1140625 0.153125
13 0.7484375 0.303125 0.1140625 0.146875
13 0.870274 0.3936513234375 0.91967943125 0.2702308953125 0.82588103125 0.24787494687499997 0.7830796734375001 0.376091228125 0.870274 0.3936513234375
23 0.8015625 0.46875 0.103125 0.103125
15 0.709375 0.45390625 0.0953125 0.1
8 0.6234375 0.42890625 0.1 0.128125
9 0.53828125 0.415625 0.0890625 0.121875
10 0.45546875 0.40234375 0.1015625 0.1296875
11 0.36875 0.3859375 0.103125 0.1359375
3 0.3 0.39609375 0.06875 0.090625
2 0.24375 0.3875 0.071875 0.0890625
5 0.7453125 0.56875 0.1 0.0734375
4 0.6625 0.5515625 0.0703125 0.078125
29 0.578125 0.54453125 0.1046875 0.0796875
28 0.49765625 0.52578125 0.0734375 0.084375
1 0.41875 0.521875 0.103125 0.0734375
12 0.7453125 0.6671875 0.0640625 0.0734375
6 0.71640625 0.74609375 0.065625 0.071875
16 0.66328125 0.73359375 0.0625 0.0671875
30 0.60703125 0.72578125 0.0640625 0.0703125
26 0.56015625 0.72265625 0.0484375 0.065625
24 0.51328125 0.71328125 0.065625 0.0734375
24 0.45546875 0.7046875 0.065625 0.075
24 0.39921875 0.69765625 0.0625 0.0671875
25 0.3078125 0.89296875 0.0921875 0.0609375
25 0.4 0.90078125 0.0921875 0.059375
25 0.40859375 0.8546875 0.0921875 0.0640625
25 0.3078125 0.84765625 0.09375 0.05625
27 0.2203125 0.87890625 0.0921875 0.059375
27 0.22109375 0.8328125 0.096875 0.059375
25 0.41484375 0.80625 0.0953125 0.065625
31 0.49453125 0.91796875 0.0921875 0.0578125
31 0.49609375 0.87265625 0.09375 0.059375
31 0.50625 0.825 0.096875 0.065625
17 0.5796875 0.92890625 0.0984375 0.0625
17 0.58984375 0.88359375 0.096875 0.0609375
7 0.671875 0.9421875 0.0953125 0.05625
7 0.68359375 0.90234375 0.0984375 0.0546875
7 0.69765625 0.85859375 0.1015625 0.065625
34 0.3859375 0.6078125 0.053125 0.0796875
36 0.43203125 0.6140625 0.0546875 0.0765625
33 0.46953125 0.6203125 0.040625 0.0734375
35 0.50234375 0.6234375 0.040625 0.075
39 0.534375 0.62890625 0.0421875 0.078125
39 0.5671875 0.634375 0.0421875 0.075
38 0.60078125 0.6390625 0.04375 0.0734375
41 0.64098990625 0.6821688515625 0.6576313984375 0.6121508578125 0.6266148625 0.6072383203125 0.60929384375 0.6771486890625 0.64098990625 0.6821688515625
42 0.6708573515625 0.686899390625 0.686286553125 0.6166893875 0.658310925 0.6122584843750001 0.6404527921875001 0.6816150484375 0.6708573515625 0.686899390625
40 0.703235375 0.6915588328125 0.7215033875 0.6232046546875 0.6930546859375 0.6177613546875 0.6703926578125 0.685888321875 0.703235375 0.6915588328125