9 0.86953125 0.21015625 0.13125 0.1609375
18 0.665625 0.22421875 0.26875 0.1578125
5 0.834375 0.5109375 0.1140625 0.071875
29 0.71875 0.51484375 0.1109375 0.071875
7 0.60625 0.51953125 0.115625 0.0671875
31 0.5984375 0.6546875 0.1015625 0.06875
24 0.68671875 0.646875 0.075 0.084375
23 0.7609375 0.63984375 0.0875 0.0921875
15 0.8453125 0.6375 0.0890625 0.0953125
25 0.8359375 0.7609375 0.1109375 0.0625
25 0.83359375 0.81796875 0.109375 0.0609375
25 0.72578125 0.76171875 0.10625 0.0609375
25 0.72109375 0.82109375 0.1078125 0.0609375
27 0.61171875 0.76640625 0.1046875 0.0609375
27 0.6125 0.82265625 0.103125 0.0609375
39 0.55703125 0.38359375 0.0390625 0.090625
38 0.5953125 0.38203125 0.0390625 0.0921875
40 0.634375 0.3796875 0.0421875 0.09375
41 0.6734375 0.378125 0.040625 0.0921875
42 0.71328125 0.37578125 0.0421875 0.09375
35 0.75078125 0.37421875 0.04375 0.0953125
33 0.79296875 0.371875 0.04375 0.09375
37 0.834375 0.3703125 0.0484375 0.09375
32 0.87890625 0.36953125 0.0484375 0.09375