19 0.39921875 0.29921875 0.10625 0.1703125
14 0.28359375 0.30703125 0.128125 0.16875
13 0.16484375 0.3140625 0.134375 0.1703125
5 0.16796875 0.621875 0.125 0.071875
29 0.2859375 0.61640625 0.11875 0.0703125
7 0.39921875 0.60546875 0.115625 0.0671875
31 0.42578125 0.721875 0.1046875 0.0609375
24 0.3390625 0.7171875 0.075 0.078125
23 0.2640625 0.71484375 0.0859375 0.090625
15 0.1796875 0.7203125 0.090625 0.0984375
27 0.41640625 0.8625 0.096875 0.053125
27 0.409375 0.8171875 0.103125 0.05
25 0.31640625 0.8703125 0.103125 0.0515625
25 0.30859375 0.82265625 0.103125 0.0515625
25 0.2140625 0.8796875 0.1109375 0.0546875
25 0.20703125 0.82421875 0.109375 0.05625
39 0.43984375 0.47109375 0.0453125 0.0921875
38 0.39921875 0.4734375 0.046875 0.0921875
40 0.38169919375 0.52010783125 0.36808588593749997 0.43067715937499995 0.329192378125 0.43374569999999996 0.3412709140625 0.5217114796875 0.38169919375 0.52010783125
41 0.339162765625 0.52079174375 0.32552253593749997 0.4308473734375 0.2844295609375 0.43145563593749997 0.30013094375 0.5228373140625 0.339162765625 0.52079174375
42 0.2980766390625 0.5229449749999999 0.28098564375 0.43266634374999996 0.24064781562499998 0.4347803609375 0.25767528125 0.5250623203125 0.2980766390625 0.5229449749999999
35 0.255594053125 0.5246562859375 0.23850305781249997 0.43437765156249997 0.195415440625 0.436635778125 0.213138390625 0.52688129375 0.255594053125 0.5246562859375
33 0.21453485 0.527323215625 0.1926235515625 0.4367820953125 0.15092184375 0.43948269843750004 0.1714213390625 0.5300978093750001 0.21453485 0.527323215625
37 0.1686822640625 0.5302413578125 0.14811358125000001 0.43911476250000003 0.10500453750000001 0.4413740125 0.128307828125 0.5328724015625 0.1686822640625 0.5302413578125
32 0.12617275781249998 0.5314389687500001 0.098044696875 0.44019343437499997 0.0556895 0.4439585046875 0.0857714 0.5335563140625 0.12617275781249998 0.5314389687500001