11 0.8296875 0.24296875 0.11875 0.1375
10 0.74921875 0.2203125 0.1125 0.1609375
9 0.6625 0.22890625 0.1 0.128125
8 0.58046875 0.2125 0.1140625 0.1390625
19 0.253125 0.17421875 0.0984375 0.128125
19 0.3375 0.18125 0.10625 0.1328125
22 0.4234375 0.1953125 0.0984375 0.1265625
13 0.24296875 0.303125 0.1015625 0.125
13 0.32109375 0.31640625 0.09375 0.121875
13 0.4 0.32578125 0.0984375 0.1203125
14 0.47734375 0.34140625 0.096875 0.1171875
14 0.55625 0.35234375 0.090625 0.1109375
14 0.6296875 0.3609375 0.09375 0.1140625
3 0.69375 0.3765625 0.071875 0.0875
3 0.75390625 0.38359375 0.071875 0.0921875
2 0.8109375 0.39921875 0.065625 0.075
0 0.634375 0.47109375 0.075 0.078125
1 0.55703125 0.46484375 0.1046875 0.075
28 0.48203125 0.44765625 0.0734375 0.0796875
29 0.40703125 0.4453125 0.1015625 0.071875
4 0.3296875 0.43046875 0.0734375 0.0765625
5 0.2484375 0.425 0.103125 0.0734375
15 0.61484375 0.56328125 0.090625 0.09375
23 0.54140625 0.55078125 0.0796875 0.0921875
36 0.484375 0.54921875 0.0578125 0.08125
34 0.4390625 0.5421875 0.0546875 0.0796875
33 0.4 0.5359375 0.04375 0.078125
35 0.36953125 0.53125 0.04375 0.0765625
37 0.3359375 0.52734375 0.0421875 0.0765625
41 0.30390625 0.52265625 0.040625 0.0765625
40 0.27265625 0.51875 0.040625 0.0765625
44 0.24140625 0.51328125 0.040625 0.0765625
18 0.2109375 0.509375 0.040625 0.0765625
24 0.60703125 0.6546875 0.071875 0.0765625
24 0.54609375 0.64609375 0.06875 0.075
24 0.48671875 0.6375 0.0703125 0.0765625
26 0.4375 0.63984375 0.046875 0.0578125
30 0.38828125 0.62421875 0.071875 0.0765625
12 0.33203125 0.61640625 0.0640625 0.0734375
16 0.2418510765625 0.5767684171874999 0.24168997343749998 0.641356390625 0.3032390109375 0.6465743921875 0.3059695390625 0.584161196875 0.2418510765625 0.5767684171874999
6 0.1845030015625 0.570327146875 0.1806673015625 0.63350825 0.24032243125 0.642911165625 0.2435436828125 0.5770062968749999 0.1845030015625 0.570327146875
31 0.39453125 0.72421875 0.096875 0.0625
31 0.38203125 0.7859375 0.1 0.0671875
31 0.37890625 0.83828125 0.0953125 0.0640625
25 0.46640625 0.84921875 0.0984375 0.0640625
25 0.5546875 0.86015625 0.096875 0.0640625
25 0.64453125 0.8796875 0.1015625 0.0625
25 0.65390625 0.8265625 0.103125 0.06875
27 0.7453125 0.84140625 0.103125 0.065625
27 0.7421875 0.89296875 0.1 0.065625
17 0.28828125 0.825 0.0984375 0.0640625
17 0.29375 0.771875 0.096875 0.0671875
7 0.20078125 0.76640625 0.103125 0.06875
7 0.19921875 0.81875 0.1 0.0703125