13 0.90390625 0.403125 0.1546875 0.19375
13 0.7734375 0.3828125 0.15625 0.1953125
14 0.934375 0.1890625 0.13125 0.190625
19 0.8125 0.17265625 0.1671875 0.1984375
13 0.67890625 0.1359375 0.165625 0.1921875
8 0.6390625 0.35 0.1578125 0.2140625
9 0.50859375 0.33125 0.153125 0.20625
10 0.346875 0.325 0.15625 0.1890625
11 0.2203125 0.30703125 0.1546875 0.1828125
1 0.19296875 0.50859375 0.1640625 0.1140625
29 0.43671875 0.540625 0.159375 0.109375
5 0.66953125 0.57265625 0.1625 0.1140625
0 0.31640625 0.51875 0.10625 0.11875
28 0.5546875 0.54609375 0.1046875 0.1234375
4 0.78671875 0.5734375 0.0984375 0.1296875
12 0.86796875 0.58359375 0.0921875 0.115625
16 0.1390625 0.64453125 0.1078125 0.1359375
6 0.23203125 0.65546875 0.10625 0.1296875
6 0.3234375 0.66875 0.109375 0.125
30 0.4140625 0.6828125 0.1109375 0.128125
24 0.50703125 0.6953125 0.103125 0.121875
24 0.5953125 0.70859375 0.10625 0.125
24 0.684375 0.715625 0.0984375 0.128125
3 0.7640625 0.7203125 0.096875 0.1234375
2 0.84453125 0.73046875 0.090625 0.121875
17 0.125 0.8765625 0.171875 0.109375
17 0.22734120937500002 0.777404603125 0.0933988078125 0.760744540625 0.0530579890625 0.8032143250000001 0.19911820625 0.82429951875 0.22734120937500002 0.777404603125
7 0.27734375 0.89375 0.165625 0.115625
7 0.27421875 0.95390625 0.1609375 0.059375
7 0.36401731875 0.7917225109375 0.23471583906250001 0.7762546015625 0.2106969109375 0.8291511484375 0.35579997812499997 0.847374059375 0.36401731875 0.7917225109375
31 0.425 0.91171875 0.1609375 0.109375
31 0.502042675 0.8084141515625 0.370779578125 0.7932127984374999 0.354950328125 0.8391441484375 0.5014716015625 0.8586542109374999 0.502042675 0.8084141515625
31 0.41796875 0.96875 0.1515625 0.0625
25 0.5059024453125 0.8076321500000001 0.508785553125 0.8597891875 0.653129459375 0.8795128812499999 0.6344117828125 0.8240054000000001 0.5059024453125 0.8076321500000001
25 0.55859375 0.9765625 0.1515625 0.046875
25 0.69921875 0.98203125 0.1515625 0.0359375
25 0.71015625 0.94140625 0.1640625 0.10625
25 0.7641214453125 0.842000446875 0.63166579375 0.825004375 0.65215893125 0.879286975 0.7884484234375 0.8946575453125 0.7641214453125 0.842000446875
27 0.8484375 0.946875 0.15625 0.10625
25 0.56796875 0.92421875 0.1578125 0.10625
19 0.22578125 0.08828125 0.1671875 0.1765625
20 0.3671875 0.09765625 0.178125 0.1953125