11 0.84453125 0.1546875 0.115625 0.1421875
10 0.7484375 0.1484375 0.103125 0.1453125
9 0.65703125 0.14140625 0.1046875 0.15
8 0.553125 0.13046875 0.1203125 0.159375
19 0.253125 0.1078125 0.115625 0.15
19 0.15546875 0.10703125 0.1015625 0.140625
18 0.4 0.11640625 0.20625 0.1640625
13 0.15 0.26015625 0.1078125 0.1390625
13 0.2484375 0.27109375 0.1046875 0.1359375
13 0.33984375 0.275 0.0984375 0.1421875
14 0.4296875 0.2875 0.0984375 0.1296875
14 0.525 0.29609375 0.103125 0.128125
14 0.615625 0.303125 0.096875 0.1265625
3 0.69453125 0.32109375 0.0734375 0.1015625
0 0.62734375 0.4375 0.0796875 0.0875
1 0.5328125 0.4359375 0.115625 0.08125
28 0.4390625 0.42265625 0.0765625 0.0921875
29 0.34453125 0.42109375 0.11875 0.0828125
4 0.24609375 0.40625 0.0765625 0.0953125
5 0.15390625 0.40546875 0.1203125 0.084375
23 0.528125 0.54296875 0.09375 0.10625
18 0.6140625 0.55 0.0875 0.1078125
24 0.61953125 0.66953125 0.078125 0.0890625
24 0.54921875 0.6625 0.071875 0.090625
24 0.48203125 0.65625 0.0765625 0.090625
26 0.42265625 0.65859375 0.053125 0.0765625
30 0.3640625 0.64609375 0.0765625 0.090625
12 0.29609375 0.6390625 0.075 0.0875
16 0.22421875 0.63515625 0.078125 0.0890625
6 0.14140625 0.628125 0.08125 0.0875
7 0.11953125 0.8078125 0.1109375 0.075
7 0.12109375 0.8734375 0.1140625 0.0734375
27 0.7875 0.93203125 0.125 0.08125
25 0.67109375 0.91953125 0.1171875 0.0765625
25 0.559375 0.9078125 0.1140625 0.075
25 0.44921875 0.90625 0.115625 0.078125
25 0.45234375 0.8359375 0.115625 0.078125
25 0.45703125 0.765625 0.115625 0.078125
25 0.571875 0.775 0.11875 0.075
25 0.56796875 0.84296875 0.1171875 0.075
25 0.67734375 0.8453125 0.115625 0.075
31 0.3421875 0.753125 0.1140625 0.078125
31 0.34140625 0.82578125 0.1140625 0.0796875
31 0.33984375 0.89375 0.1109375 0.071875
17 0.2328125 0.74375 0.1140625 0.0796875
17 0.2296875 0.815625 0.1140625 0.078125
17 0.2296875 0.88359375 0.1140625 0.075
36 0.45625 0.540625 0.0578125 0.090625
34 0.4 0.53671875 0.059375 0.0921875
33 0.35234375 0.53359375 0.0421875 0.09375
35 0.31171875 0.5296875 0.04375 0.09375
37 0.27421875 0.52578125 0.04375 0.0921875
39 0.234375 0.52421875 0.04375 0.0921875
18 0.1984375 0.51328125 0.0390625 0.078125
41 0.15703125 0.5171875 0.04375 0.0953125
42 0.11640625 0.51484375 0.0421875 0.09375