19 0.82578125 0.178125 0.1359375 0.1546875
19 0.71796875 0.1625 0.125 0.1484375
8 0.44296875 0.1203125 0.1078125 0.1484375
9 0.3609375 0.1046875 0.1078125 0.14375
10 0.28046875 0.09609375 0.096875 0.1375
11 0.2109375 0.08515625 0.09375 0.13125
13 0.75703125 0.33125 0.121875 0.15
13 0.6671875 0.31171875 0.109375 0.1484375
13 0.58515625 0.3 0.10625 0.134375
14 0.50234375 0.2828125 0.1078125 0.1328125
14 0.4234375 0.27109375 0.0953125 0.1296875
14 0.34375 0.253125 0.103125 0.1328125
3 0.27890625 0.25546875 0.0703125 0.0953125
3 0.22734375 0.2484375 0.071875 0.0921875
2 0.17421875 0.2328125 0.075 0.096875
29 0.54453125 0.41953125 0.1203125 0.0890625
28 0.46015625 0.3984375 0.08125 0.09375
1 0.3796875 0.38671875 0.1109375 0.090625
0 0.30546875 0.36328125 0.0734375 0.090625
15 0.303125 0.46875 0.0890625 0.10625
24 0.27265625 0.56328125 0.0703125 0.0859375
24 0.334375 0.57890625 0.071875 0.0828125
24 0.38984375 0.59609375 0.0703125 0.084375
26 0.43671875 0.615625 0.05625 0.0734375
30 0.49140625 0.62578125 0.0796875 0.0921875
12 0.553125 0.6421875 0.0765625 0.09375
16 0.61953125 0.66484375 0.0859375 0.09375
6 0.69375 0.68125 0.09375 0.10625
27 0.07421875 0.68125 0.0984375 0.084375
27 0.06875 0.73828125 0.09375 0.0796875
25 0.1625 0.7125 0.0984375 0.08125
7 0.653125 0.80703125 0.1234375 0.0953125
7 0.634375 0.87734375 0.1234375 0.0984375
7 0.61953125 0.93984375 0.125 0.096875
25 0.205706559375 0.7526273109375 0.29203216875 0.782184915625 0.3080366734375 0.7237310546875 0.2213596421875 0.698485346875 0.205706559375 0.7526273109375
25 0.1841569625 0.8117457109374999 0.2752821453125 0.8404938390625001 0.29032354531250004 0.7830143984375 0.20102923593750002 0.7533056328125001 0.1841569625 0.8117457109374999
25 0.09975755 0.7802393109375 0.1852288515625 0.8102116468749999 0.2007982046875 0.7539964328125001 0.11157437343750001 0.7257592265625 0.09975755 0.7802393109375
25 0.28979559374999997 0.7817501703125 0.367920253125 0.8097136718750001 0.386580559375 0.753518440625 0.30388125625 0.7268608125 0.28979559374999997 0.7817501703125
25 0.274955784375 0.8421728187499999 0.3602094546875 0.8732644578125001 0.373977375 0.8143758921875 0.2886005515625 0.7855649890625 0.274955784375 0.8421728187499999
31 0.3840016484375 0.758825153125 0.4859675484375 0.7954885265625 0.49900586406249997 0.7323925140624999 0.40232487812500006 0.7031869937499999 0.3840016484375 0.758825153125
31 0.3672515625 0.8171340875 0.46634413906249994 0.852658175 0.48149433750000004 0.794619021875 0.3881122984375 0.7613732109375 0.3672515625 0.8171340875
31 0.3596655265625 0.8760627281250001 0.453011365625 0.9093081140624999 0.46783519062499995 0.8529480062499999 0.37562825 0.8206210015625001 0.3596655265625 0.8760627281250001
17 0.48694662187500004 0.7904516296875 0.5863655609375 0.824296715625 0.605150565625 0.76347935 0.505238525 0.7311727796875 0.48694662187500004 0.7904516296875
17 0.4698702265625 0.8504395765625 0.569692365625 0.8901710140624999 0.583786653125 0.829603428125 0.48380177968750004 0.7966617390625 0.4698702265625 0.8504395765625
17 0.45353932031250005 0.910572321875 0.5519791890625 0.9494543046875 0.5682013140625 0.8898811828125 0.4698610078125 0.853449628125 0.45353932031250005 0.910572321875
42 0.75640881875 0.6296709468749999 0.7866163562499999 0.5432600328125 0.7470751328125 0.5350305671875 0.719267759375 0.6195152015625001 0.75640881875 0.6296709468749999
41 0.7155450875 0.6185437828125 0.7421290968750001 0.53352584375 0.70813744375 0.523269596875 0.6820945515625 0.6095248453125001 0.7155450875 0.6185437828125
38 0.6790880625 0.6106183171875 0.7045952015625 0.5253910562499999 0.6666891828125 0.513640778125 0.6412514765624999 0.601166296875 0.6790880625 0.6106183171875
39 0.6044246906249999 0.5893937515625 0.6399504015625 0.59923551875 0.663527921875 0.5153110546875 0.6274432359375 0.5070602 0.6044246906249999 0.5893937515625
37 0.5683235953125 0.5796371921875 0.60323225625 0.5897785140625 0.6261928218749999 0.5061535515625 0.59138113125 0.49847834375 0.5683235953125 0.5796371921875
35 0.5326407484375 0.570603815625 0.5658555046875 0.580835303125 0.5905884609375 0.49671596874999996 0.5564830609375 0.487502596875 0.5326407484375 0.570603815625
33 0.5315637953125 0.570394478125 0.5542100890625 0.48838631718750003 0.5202246515625 0.4799306453125 0.4981918671875 0.5609713625 0.5315637953125 0.570394478125
34 0.49619522031249996 0.5597443171875 0.5131427671875 0.47830630625000004 0.46877549687500003 0.46783381718749995 0.4509775140625 0.548018615625 0.49619522031249996 0.5597443171875
36 0.4475781890625 0.551133059375 0.4642229609375 0.46837779687500003 0.42154846875 0.4591778421875 0.402820346875 0.5399162234375 0.4475781890625 0.551133059375
18 0.37421875 0.48828125 0.0890625 0.103125