21 0.54140625 0.22734375 0.184375 0.2421875
14 0.41015625 0.2078125 0.1671875 0.228125
13 0.325095525 0.3016876171875 0.3581316859375 0.0929227734375 0.2080510109375 0.063826059375 0.1985694328125 0.2799249015625 0.325095525 0.3016876171875
9 0.20205315625 0.274939209375 0.20305997968749998 0.06277988749999999 0.0861999390625 0.0436778203125 0.0795151484375 0.252064090625 0.20205315625 0.274939209375
29 0.3109375 0.57265625 0.1453125 0.096875
5 0.178125 0.54375 0.1515625 0.1
7 0.45390625 0.5890625 0.1421875 0.0953125
31 0.44453125 0.69765625 0.1265625 0.08125
24 0.35 0.6765625 0.090625 0.0890625
15 0.1765625 0.64765625 0.1140625 0.0984375
23 0.26875 0.65625 0.1046875 0.0921875
39 0.52734375 0.45390625 0.065625 0.115625
38 0.49357204374999997 0.5017874078125 0.509351303125 0.397089765625 0.45913819843750003 0.38589807343750004 0.44485501562499996 0.49369058125 0.49357204374999997 0.5017874078125
40 0.4419546625 0.4944995890625 0.45674309375 0.385490959375 0.41270559687499997 0.3777299953125 0.3980287734375 0.4852748734375 0.4419546625 0.4944995890625
41 0.3943758421875 0.4852512046875 0.4019870359375 0.3755338640625 0.3571380546875 0.3695012765625 0.3509453359375 0.4781819734375 0.3943758421875 0.4852512046875
42 0.3454016859375 0.47847720312500003 0.3550321609375 0.3677795640625 0.308983865625 0.3584260390625 0.3003375953125 0.47040402031250006 0.3454016859375 0.47847720312500003
35 0.2976943015625 0.469890215625 0.3064437 0.3590213140625 0.2584656328125 0.3477487828125 0.25174913125 0.4616457953125 0.2976943015625 0.469890215625
33 0.2493629671875 0.45980916718750003 0.2510636953125 0.34757014218750004 0.2051015203125 0.33994836875 0.20303210468750002 0.453548971875 0.2493629671875 0.45980916718750003
37 0.199764865625 0.451541078125 0.1960504421875 0.33893584374999997 0.148592878125 0.3306792125 0.154443646875 0.4447907203125 0.199764865625 0.451541078125
32 0.1535625015625 0.44461944375 0.14393761249999998 0.3294925390625 0.09649109375 0.3222666625 0.10422152968750001 0.43502852968749994 0.1535625015625 0.44461944375
27 0.43919085312500006 0.8850442671875 0.4479143921875 0.8448695562499999 0.3437622703125 0.826524309375 0.3389849421875 0.8689982125 0.43919085312500006 0.8850442671875
27 0.4499903109375 0.8294858765625 0.45959493125 0.7894824046875 0.35436277031249996 0.7719894640625 0.3497844 0.8134398203125001 0.4499903109375 0.8294858765625
25 0.3354605734375 0.86831314375 0.339668978125 0.8231423890625 0.23783711406250002 0.8067920484375 0.23373076250000002 0.8554028718750001 0.3354605734375 0.86831314375
25 0.226572403125 0.8498930375 0.2295139765625 0.8065352046875001 0.12481982968750001 0.7882537375 0.12913835 0.8336993874999999 0.226572403125 0.8498930375
25 0.23030424531250002 0.7977656234375 0.2306025875 0.7538940234375 0.12233779375 0.7363209390625001 0.12719797500000002 0.7825285984375 0.23030424531250002 0.7977656234375