11 0.7578125 0.1703125 0.115625 0.134375
10 0.67421875 0.16796875 0.1078125 0.1578125
9 0.5921875 0.19765625 0.096875 0.125
8 0.50859375 0.2015625 0.1109375 0.1375
19 0.18125 0.24375 0.0953125 0.125
19 0.26484375 0.23046875 0.1015625 0.13125
22 0.35234375 0.22265625 0.0953125 0.125
13 0.203125 0.37109375 0.096875 0.1234375
13 0.28203125 0.36484375 0.090625 0.1203125
13 0.3609375 0.35546875 0.0953125 0.11875
14 0.43984375 0.3515625 0.0921875 0.115625
14 0.51875 0.34296875 0.0875 0.1078125
14 0.5921875 0.33359375 0.090625 0.1109375
3 0.65859375 0.33359375 0.0703125 0.0859375
3 0.71796875 0.32578125 0.06875 0.090625
2 0.77734375 0.32734375 0.0640625 0.0734375
0 0.6234375 0.4390625 0.071875 0.0765625
1 0.546875 0.4515625 0.103125 0.071875
28 0.4703125 0.45390625 0.071875 0.078125
29 0.39609375 0.46953125 0.1 0.06875
4 0.31796875 0.4734375 0.0703125 0.075
5 0.23828125 0.48828125 0.1015625 0.0703125
15 0.6265625 0.53359375 0.0890625 0.0921875
23 0.553125 0.5390625 0.078125 0.0890625
36 0.496875 0.5515625 0.0546875 0.0796875
34 0.45078125 0.55546875 0.053125 0.078125
33 0.41171875 0.55859375 0.0421875 0.078125
35 0.38046875 0.56171875 0.040625 0.075
37 0.34765625 0.56640625 0.040625 0.075
41 0.315625 0.56953125 0.0390625 0.075
40 0.28359375 0.57265625 0.0390625 0.075
44 0.25234375 0.57578125 0.0390625 0.0765625
18 0.221875 0.57890625 0.0390625 0.075
24 0.64140625 0.62421875 0.0703125 0.0734375
24 0.5796875 0.63046875 0.065625 0.0734375
24 0.5203125 0.63671875 0.06875 0.075
26 0.4734375 0.65078125 0.0453125 0.05625
30 0.42109375 0.64765625 0.06875 0.0734375
12 0.365625 0.653125 0.0625 0.0703125
16 0.2680911640625 0.6369399437500001 0.283560090625 0.699648353125 0.34454320781250003 0.689821296875 0.33209350937500004 0.6286014671875 0.2680911640625 0.6369399437500001
6 0.2108882875 0.6445637625 0.2224514171875 0.7067960546875 0.2826093046875 0.7014877828125 0.26979104062500003 0.6367612796875 0.2108882875 0.6445637625
31 0.4515625 0.74296875 0.0953125 0.059375
31 0.4546875 0.80625 0.0984375 0.0640625
31 0.46484375 0.85703125 0.09375 0.0609375
25 0.55234375 0.846875 0.096875 0.0609375
25 0.640625 0.83671875 0.0953125 0.0609375
25 0.73203125 0.8328125 0.1 0.059375
25 0.728125 0.7796875 0.1015625 0.065625
27 0.82109375 0.771875 0.1015625 0.0625
27 0.8296875 0.82265625 0.0984375 0.0625
17 0.3734375 0.86640625 0.096875 0.0609375
17 0.365625 0.81328125 0.0953125 0.0640625
7 0.27421875 0.83125 0.1015625 0.065625
7 0.2859375 0.88203125 0.0984375 0.0671875