11 0.3265625 0.13828125 0.109375 0.159375
10 0.450773259375 0.218032234375 0.4374387171875 0.0797794359375 0.3692043765625 0.07645453906250001 0.380867765625 0.2120651578125 0.450773259375 0.218032234375
9 0.520598053125 0.2230769125 0.5111136468749999 0.08634619375 0.4439649734375 0.0810673875 0.45331311718749995 0.2187394890625 0.520598053125 0.2230769125
8 0.5728859500000001 0.22593801562500002 0.559693725 0.1034736328125 0.507798765625 0.10243707500000002 0.519449175 0.2241068875 0.5728859500000001 0.22593801562500002
20 0.6324706171875001 0.22723127187499997 0.6173034328125 0.1105164515625 0.5632042421875 0.112461128125 0.5752644078125 0.224800465625 0.6324706171875001 0.22723127187499997
19 0.723440346875 0.23321439375000003 0.717525809375 0.12312577499999999 0.6572198874999999 0.1246840078125 0.66500455625 0.2308911625 0.723440346875 0.23321439375000003
19 0.770487128125 0.23281618593750003 0.7724342625 0.1276165359375 0.719520384375 0.12852804843750001 0.7208197890625 0.23158473750000003 0.770487128125 0.23281618593750003
2 0.37525535 0.36034076718749997 0.35726804687499997 0.2680387078125 0.29473744687500003 0.2735094265625 0.31115586875 0.3640898203125 0.37525535 0.36034076718749997
3 0.4270590484375 0.35766745625 0.4142321578125 0.2677023078125 0.3616346265625 0.273233459375 0.37394507187500003 0.3595259375 0.4270590484375 0.35766745625
3 0.47501260937499995 0.35347206249999996 0.4648869765625 0.26605897500000003 0.417059475 0.26931387500000004 0.42591016875000004 0.3586974328125 0.47501260937499995 0.35347206249999996
14 0.5394348921875001 0.353412621875 0.5308191 0.240771940625 0.466777221875 0.242657028125 0.47656498750000004 0.3570541 0.5394348921875001 0.353412621875
14 0.5909964890625 0.347972103125 0.5871992296874999 0.24792233593750002 0.53546916875 0.2487302796875 0.5417326499999999 0.35135266875000004 0.5909964890625 0.347972103125
14 0.637801171875 0.3448066875 0.6429337609375 0.24769351093749997 0.591458915625 0.2512675140625 0.5935363453125 0.3486793578125 0.637801171875 0.3448066875
13 0.688536690625 0.34408575468749997 0.6813734953125 0.2480483203125 0.6378711781249999 0.243489115625 0.6394342515625 0.349311125 0.688536690625 0.34408575468749997
13 0.7290320828125 0.3396134046875 0.722514484375 0.250955190625 0.6827113953125 0.24607234375 0.6898469703125001 0.34490058437500004 0.7290320828125 0.3396134046875
13 0.7746071875 0.33655556249999996 0.7670214093750001 0.2498497265625 0.724023403125 0.250823178125 0.7315719390625001 0.3403206578125 0.7746071875 0.33655556249999996
1 0.5853326640625001 0.43986479999999994 0.580275478125 0.3820609109375 0.508454021875 0.3902033984375 0.5136815890624999 0.45171023281249995 0.5853326640625001 0.43986479999999994
29 0.6769259937500001 0.4293728546875 0.674650765625 0.3750434265625 0.6135105281250001 0.38225142968750003 0.6173555046875 0.43768280624999994 0.6769259937500001 0.4293728546875
4 0.71113899375 0.4239010375 0.7046164921875 0.35878964375 0.6738742296875 0.3639578109375 0.6776919140625 0.428686203125 0.71113899375 0.4239010375
5 0.7616925734375 0.4163799640625 0.7606136609374999 0.3662833640625 0.7085128734375 0.3727005171875 0.710373075 0.42458768906250005 0.7616925734375 0.4163799640625
15 0.531898271875 0.556075240625 0.5188845390625 0.48285677031249996 0.4643723421875 0.4907241796875 0.47598325781249995 0.5684028734375 0.531898271875 0.556075240625
23 0.5884178062500001 0.5412161531249999 0.571251678125 0.4677413265625 0.520905478125 0.47586389999999995 0.5336453078125001 0.5571616796875001 0.5884178062500001 0.5412161531249999
24 0.531394459375 0.6447281078125 0.5226407187500001 0.5729958609375 0.47091009218749996 0.5843377640625 0.482359996875 0.660171621875 0.531394459375 0.6447281078125
24 0.5699877734375 0.63267664375 0.563142471875 0.563875640625 0.521919034375 0.5724393578125 0.529755021875 0.644871540625 0.5699877734375 0.63267664375
24 0.6102743265624999 0.6210966828125 0.6020047875000001 0.55489885 0.5624305015625 0.5633182875 0.5716272124999999 0.6325332109375 0.6102743265624999 0.6210966828125
12 0.7034472453125 0.589605265625 0.6930508 0.5337143296875 0.660008471875 0.5397033687499999 0.6699647843750001 0.6002801234375 0.7034472453125 0.589605265625
16 0.7363362734375001 0.5800150609375 0.7244391296875 0.522706315625 0.6924015078125 0.53222203125 0.703492078125 0.5901177093750001 0.7363362734375001 0.5800150609375
6 0.7658546375 0.5712361203125 0.75600679375 0.513748084375 0.724525540625 0.5216660171874999 0.735653175 0.5800748234374999 0.7658546375 0.5712361203125
27 0.47065132343749994 0.8397561296875 0.4670858703125 0.7832675609375 0.387222203125 0.8134912984374999 0.39510934531249997 0.8732163453125 0.47065132343749994 0.8397561296875
27 0.48159636875 0.8940499624999999 0.475522684375 0.8403626781250001 0.39592882500000004 0.8736610171875 0.40240412656249996 0.9329932171875001 0.48159636875 0.8940499624999999
25 0.5536177265625 0.8046136265625 0.5479581453125 0.7477919015625 0.47644786562499997 0.778833915625 0.4831264421875 0.840730171875 0.5536177265625 0.8046136265625
25 0.551449390625 0.8585056265625 0.544368171875 0.809037434375 0.47686568906250004 0.838696075 0.48241396718749996 0.8955275374999999 0.551449390625 0.8585056265625
25 0.6139228171875 0.8251560265625001 0.6097533296875 0.7774985640625001 0.5475984671874999 0.8051402421875 0.5520876546875 0.8579334171875 0.6139228171875 0.8251560265625001
25 0.6673260234375 0.7982800171875 0.6643882343749999 0.7489656890624999 0.60967301875 0.7749237484375 0.6147404171875 0.8266336000000001 0.6673260234375 0.7982800171875
31 0.7164672640624999 0.6794661296875 0.7156495656249999 0.631992071875 0.6657231453125 0.6488720671875 0.668145859375 0.699065590625 0.7164672640624999 0.6794661296875
31 0.714827275 0.7260827515625 0.7123662234375 0.6816123515625 0.66404331875 0.7004969734375 0.6647383640625 0.747266790625 0.714827275 0.7260827515625
31 0.7122724953125 0.7731368921875 0.7121760187499999 0.728459621875 0.664480321875 0.7490767953125 0.666974809375 0.794616725 0.7122724953125 0.7731368921875
17 0.7545464625 0.7497766859375 0.7565278734375 0.7070625359375 0.7129140656249999 0.725177678125 0.7134429328125 0.77017460625 0.7545464625 0.7497766859375
17 0.7609156015625 0.7027463171874999 0.7586718171875 0.6607593109375001 0.7135783078125 0.6782889390625 0.7142302078125 0.7247050453125 0.7609156015625 0.7027463171874999
7 0.80570199375 0.6863160171875 0.8023882265625 0.6429926781249999 0.7591043625 0.659291525 0.7618924671875 0.7030183390625 0.80570199375 0.6863160171875
7 0.8064339171875 0.7273628359375001 0.80292658125 0.6872738046875 0.7565169734375 0.705991034375 0.760221440625 0.7492801906250001 0.8064339171875 0.7273628359375001
36 0.6127040796875 0.5322974484375 0.6005325265625 0.46398456250000003 0.5736606937500001 0.46998700312499997 0.5852114921875 0.53669444375 0.6127040796875 0.5322974484375
34 0.6400525625 0.5262533046875 0.6324741109375001 0.45986223125 0.6068411296875 0.4647604328125 0.6135535296875 0.53189118125 0.6400525625 0.5262533046875
33 0.65858951875 0.5206481187499999 0.6529117140625 0.45575051406249995 0.6351611125 0.4596271484375 0.6404052328125001 0.525226596875 0.65858951875 0.5206481187499999
35 0.680459815625 0.5177388640625 0.673464603125 0.4529565171875 0.6560716703125 0.4558060046875 0.660490165625 0.5221415890625 0.680459815625 0.5177388640625
39 0.713696796875 0.508191984375 0.7091854750000001 0.446511834375 0.6918298984375 0.44969000625 0.6964196031250001 0.513023053125 0.713696796875 0.508191984375
38 0.7288936015624999 0.5048707296875 0.72394314375 0.443229 0.7084057078125 0.4469120078125 0.7133729468750001 0.509548121875 0.7288936015624999 0.5048707296875
41 0.7454654515625 0.5020930765625 0.7401911453125 0.44180748437500006 0.724455809375 0.4431841484375 0.7294768406250001 0.5064794578125 0.7454654515625 0.5020930765625