19 0.4375 0.24296875 0.1234375 0.1625
14 0.5359375 0.22265625 0.1265625 0.1765625
13 0.6421875 0.2078125 0.140625 0.1703125
9 0.7546875 0.18203125 0.1625 0.184375
5 0.73125 0.5046875 0.115625 0.0859375
29 0.628125 0.52890625 0.11875 0.084375
7 0.51640625 0.5390625 0.11875 0.0734375
31 0.521875 0.65546875 0.1109375 0.0828125
24 0.6078125 0.63515625 0.08125 0.0921875
23 0.68125 0.615625 0.09375 0.09375
15 0.7625 0.6015625 0.0921875 0.096875
27 0.55859375 0.78125 0.1140625 0.071875
27 0.56953125 0.83359375 0.109375 0.0734375
25 0.67109375 0.81328125 0.1078125 0.0734375
25 0.771875 0.79375 0.1140625 0.075
39 0.44453125 0.41875 0.0515625 0.096875
38 0.4859375 0.4109375 0.0546875 0.0984375
42 0.60234375 0.38984375 0.05 0.0984375
35 0.64296875 0.38359375 0.059375 0.1
37 0.7085413 0.41739331249999995 0.69713689375 0.3265584984375 0.6607562437500001 0.3329733875 0.6713158796875 0.423957159375 0.7085413 0.41739331249999995
33 0.7480458265625 0.4104275984375 0.742070453125 0.3192231296875 0.7041597734375 0.3259078046875 0.7099602125 0.41655548906249995 0.7480458265625 0.4104275984375
32 0.7873493703125 0.40232206093749995 0.7813833640625 0.31111594062500003 0.7449827234375 0.3175343546875 0.7508836546875 0.4087519515625 0.7873493703125 0.40232206093749995
18 0.5609375 0.390625 0.05 0.0828125