11 0.26691888124999996 0.236670096875 0.2706609765625 0.118521596875 0.19202456875 0.1063653484375 0.18662647500000001 0.2267860609375 0.26691888124999996 0.236670096875
10 0.30390625 0.1875 0.096875 0.1171875
9 0.3828125 0.19765625 0.1 0.1234375
8 0.459375 0.21796875 0.0953125 0.1171875
20 0.534375 0.228125 0.09375 0.125
20 0.60625 0.24296875 0.0921875 0.11875
21 0.68203125 0.2546875 0.090625 0.11875
21 0.75859375 0.26640625 0.096875 0.1265625
14 0.38515625 0.32734375 0.090625 0.1109375
14 0.4609375 0.34453125 0.090625 0.1078125
14 0.53203125 0.35625 0.0859375 0.10625
13 0.603125 0.36640625 0.084375 0.1125
13 0.671875 0.378125 0.084375 0.1125
13 0.75 0.3890625 0.09375 0.115625
3 0.31796875 0.32890625 0.0671875 0.08125
3 0.26328125 0.3203125 0.06875 0.0765625
2 0.21015625 0.3078125 0.0703125 0.0875
0 0.35390625 0.428125 0.071875 0.075
1 0.42578125 0.44921875 0.0875 0.0640625
28 0.49921875 0.45390625 0.071875 0.0734375
29 0.5765625 0.475 0.090625 0.065625
5 0.66015625 0.4875 0.090625 0.0671875
4 0.728125 0.49765625 0.065625 0.06875
15 0.35 0.51796875 0.0828125 0.0890625
23 0.41328125 0.53046875 0.0734375 0.084375
24 0.3234375 0.6015625 0.065625 0.075
24 0.37890625 0.6109375 0.0625 0.0734375
24 0.4328125 0.61875 0.0609375 0.0703125
26 0.47890625 0.63359375 0.0453125 0.0578125
30 0.521875 0.63515625 0.06875 0.0703125
16 0.62578125 0.653125 0.065625 0.0734375
6 0.68125 0.6625 0.0640625 0.075
27 0.159375 0.778125 0.096875 0.065625
27 0.16484375 0.721875 0.090625 0.0625
25 0.24453125 0.78984375 0.090625 0.0625
25 0.24765625 0.74140625 0.09375 0.065625
25 0.32734375 0.8015625 0.09375 0.0625
25 0.33046875 0.75390625 0.0921875 0.065625
25 0.3453125 0.70546875 0.09375 0.0671875
25 0.41015625 0.8140625 0.084375 0.0578125
25 0.41796875 0.76796875 0.090625 0.059375
25 0.4296875 0.71953125 0.0921875 0.0671875
31 0.48984375 0.825 0.084375 0.05625
31 0.49921875 0.78125 0.0890625 0.0609375
31 0.5109375 0.73515625 0.09375 0.065625
17 0.57265625 0.84140625 0.0859375 0.059375
17 0.5859375 0.8015625 0.090625 0.0625
17 0.59453125 0.75234375 0.0921875 0.0671875
7 0.6546875 0.85859375 0.09375 0.0609375
7 0.66953125 0.81171875 0.090625 0.0625
36 0.465625 0.54140625 0.0484375 0.0703125
34 0.50625 0.5484375 0.05 0.071875
33 0.54453125 0.55546875 0.0390625 0.0703125
35 0.5734375 0.56015625 0.0390625 0.071875
37 0.612016134375 0.6009410328125 0.622246946875 0.5334429296875001 0.594650815625 0.53008748125 0.5843592875 0.5966915421875 0.612016134375 0.6009410328125
39 0.640429625 0.60563750625 0.657470290625 0.5421624265625 0.628324259375 0.5375920359374999 0.6136366734375 0.601226778125 0.640429625 0.60563750625
38 0.6708688203125 0.6106911796875 0.6869086171875 0.5457852765625 0.65918851875 0.540291959375 0.6420501640625 0.6059232515625 0.6708688203125 0.6106911796875
41 0.7013080171875 0.6157448390625 0.7161860015625 0.5503205109375 0.6866112828125 0.5447355796875 0.6720842546875 0.6109054921875 0.7013080171875 0.6157448390625
42 0.7300730468750001 0.6208168890625 0.7440870765625001 0.5555538015625 0.7164999953125 0.550005765625 0.702011034375 0.6164959703124999 0.7300730468750001 0.6208168890625