11 0.21491475625 0.140918578125 0.0872839640625 0.128944475 0.082300546875 0.23927670625 0.20984643749999998 0.25268232031250004 0.21491475625 0.140918578125
10 0.340364815625 0.147121215625 0.210892609375 0.1326206375 0.20494077812499997 0.2521667140625 0.3276778515625 0.2641353328125 0.340364815625 0.147121215625
8 0.5431369171875 0.1847263796875 0.428266578125 0.172235690625 0.4321371921875 0.2769775671875 0.5401574124999999 0.2873994015625 0.5431369171875 0.1847263796875
20 0.6287706109375 0.19605440937500002 0.5342642546875 0.18617118593749998 0.533326046875 0.2894761140625 0.63317038125 0.29903857500000003 0.6287706109375 0.19605440937500002
20 0.7371375109375 0.2074442296875 0.6277614296875 0.19320344375 0.6265326984375 0.299272528125 0.728012084375 0.3090068390625 0.7371375109375 0.2074442296875
19 0.8500776562500001 0.2146595859375 0.734146471875 0.2034534046875 0.7262800625 0.30975639843749997 0.84237945625 0.3219589359375 0.8500776562500001 0.2146595859375
19 0.9455716984375 0.2305153265625 0.8415856453125 0.2194035328125 0.8371834 0.32420745625 0.9402979625000001 0.334113684375 0.9455716984375 0.2305153265625
13 0.9409262375 0.3533880390625 0.8254352546874999 0.3416039375 0.8212266937500001 0.44456510312499997 0.9307853749999999 0.45608018437500003 0.9409262375 0.3533880390625
13 0.8323173718750001 0.344300353125 0.737037546875 0.33324453125 0.7312905234375 0.43511243125 0.8215172171875 0.44180095625 0.8323173718750001 0.344300353125
13 0.7383840640625 0.3332637828125 0.62757570625 0.32080806093750003 0.6263469765624999 0.4268771015625 0.736293021875 0.434706665625 0.7383840640625 0.3332637828125
14 0.633622553125 0.32690803281249997 0.532346634375 0.314525346875 0.5315052734375 0.41690883593750006 0.6297142984375 0.426299471875 0.633622553125 0.32690803281249997
14 0.5395682609375 0.317022528125 0.42596159218749996 0.304275378125 0.42512022812500005 0.40665890156250006 0.536507646875 0.4165030578125 0.5395682609375 0.317022528125
14 0.43324601874999996 0.3058476109375 0.32304046406250003 0.2925263828125 0.322199228125 0.39490988437499996 0.4303162859375 0.4044103484375 0.43324601874999996 0.3058476109375
3 0.32871443437500003 0.316972771875 0.2338570234375 0.30737346875 0.24024538906249998 0.388159321875 0.3319137015625 0.39686250156249997 0.32871443437500003 0.316972771875
3 0.232494503125 0.30802343125 0.14382401250000001 0.2988421671875 0.1482865484375 0.38222032499999997 0.243515746875 0.38850305 0.232494503125 0.30802343125
2 0.146739828125 0.2978464703125 0.0507140765625 0.2881243703125 0.0517128265625 0.3730015671875 0.1503092203125 0.37870665 0.146739828125 0.2978464703125
0 0.3753064203125 0.444066971875 0.2880202921875 0.43696413749999996 0.285856528125 0.5047408140625 0.37444791718750003 0.5112574609375 0.3753064203125 0.444066971875
1 0.5035149953125 0.46336115156249996 0.3724697546875 0.451429496875 0.3742542328125 0.5131002390625 0.5021876171875 0.5228203109375 0.5035149953125 0.46336115156249996
28 0.60130769375 0.4573466203125 0.5066644484375 0.4487658 0.5070931515625 0.5233359046875 0.5972230046875 0.5309458 0.60130769375 0.4573466203125
29 0.7167643890625001 0.47995565156250003 0.5955353609375 0.46835372499999994 0.5972230046875 0.5309458 0.7136129234374999 0.5403841921875 0.7167643890625001 0.47995565156250003
18 0.7938685390625 0.47409423124999994 0.7116458828125001 0.46472085312500006 0.71197774375 0.540212328125 0.792199559375 0.54771243125 0.7938685390625 0.47409423124999994
5 0.9171409234375 0.5010160734375 0.7934917546875 0.4882281953125 0.792296403125 0.5467910265625 0.9120536421875001 0.5556517875 0.9171409234375 0.5010160734375
15 0.386558371875 0.5336970890625 0.2837260078125 0.5250113515625 0.2863598140625 0.610060365625 0.3914002046875 0.6173742875 0.386558371875 0.5336970890625
18 0.471034603125 0.5436501578125 0.3877029609375 0.5353485124999999 0.386582403125 0.6137686734375001 0.4722949609375 0.6210576421875 0.471034603125 0.5436501578125
18 0.5394268796875 0.5465414328125 0.47164129531250004 0.540157915625 0.47437393125 0.6109572812499999 0.5380078312500001 0.6153523859375001 0.5394268796875 0.5465414328125
18 0.6047070515625 0.554835003125 0.5420808125 0.5475614078125 0.54209255625 0.615208446875 0.5986229421875 0.6194302046875 0.6047070515625 0.554835003125
33 0.6488388125 0.5594018203125 0.604859603125 0.5544553125 0.60028586875 0.6294311875 0.6414080484375 0.6314243953124999 0.6488388125 0.5594018203125
35 0.689852965625 0.5625487984374999 0.6491069375 0.558174365625 0.642946384375 0.6325176640625 0.6831057140625 0.635806996875 0.689852965625 0.5625487984374999
18 0.72262799375 0.5654117015625 0.6899385984374999 0.5629316828125 0.68599983125 0.6240008671874999 0.7212535625000001 0.6267746359374999 0.72262799375 0.5654117015625
39 0.767912934375 0.5672618843749999 0.721297940625 0.5634330375000001 0.72408263125 0.6391822953124999 0.764290384375 0.6420109421875 0.767912934375 0.5672618843749999
38 0.8069429187500001 0.5696184265625 0.7655937015625 0.5666913328125001 0.7642419609375 0.6424716625 0.8028144718749999 0.6451284375 0.8069429187500001 0.5696184265625
41 0.8489189093749999 0.5734483890625001 0.8057046109374999 0.5704413671874999 0.80368048125 0.644753684375 0.844705821875 0.6476682640625 0.8489189093749999 0.5734483890625001
42 0.8946817609375 0.580585825 0.8530771046875 0.575886209375 0.8463410625 0.647840134375 0.88496199375 0.6500362234375 0.8946817609375 0.580585825
24 0.3556665765625 0.6344924046875 0.26882757968750004 0.6292237796875 0.2737316546875 0.7005380156250001 0.353474765625 0.7047273125 0.3556665765625 0.6344924046875
24 0.43528727656250005 0.6440246609375 0.35049089218749996 0.63873850625 0.3542439953125 0.705273971875 0.433121096875 0.7098380234375 0.43528727656250005 0.6440246609375
24 0.5113025859375 0.64852284375 0.43037926718749997 0.6415457328125 0.43220666874999997 0.7106734609375 0.5085825796875 0.7154404375000001 0.5113025859375 0.64852284375
18 0.570839646875 0.652452875 0.50660998125 0.6476947875 0.5061781703125 0.71472195 0.570241640625 0.718660609375 0.570839646875 0.652452875
30 0.6464920109375 0.660404259375 0.5687961078125 0.6537650203125 0.568509559375 0.7194101078124999 0.643922621875 0.7254732078125 0.6464920109375 0.660404259375
12 0.7296636265625 0.6656546 0.646807196875 0.658703859375 0.6422389609375 0.7257620234375 0.72688773125 0.7304669625 0.7296636265625 0.6656546
16 0.8108510750000001 0.6701145046875 0.728906296875 0.6640723484375 0.7285713296874999 0.73017810625 0.8048504046874999 0.7358664515625 0.8108510750000001 0.6701145046875
6 0.8837389078125 0.67486586875 0.8084557234374999 0.670104421875 0.803360484375 0.73431253125 0.87882190625 0.7399149390625 0.8837389078125 0.67486586875
27 0.174599959375 0.8034124484375 0.0461020140625 0.797822425 0.049236774999999997 0.8545114765624999 0.1760189328125 0.8594527546874999 0.174599959375 0.8034124484375
27 0.17486630625 0.8598839046875 0.0451003453125 0.8545424953125 0.04669664375 0.9101382812500001 0.1760770203125 0.9139553015624999 0.17486630625 0.8598839046875
25 0.43049676249999996 0.8076145218749999 0.3115003203125 0.8052225343750001 0.31059536875 0.8610212046875001 0.43189651093750003 0.8630574953125001 0.43049676249999996 0.8076145218749999
25 0.4305816375 0.865812578125 0.3099231046875 0.8595532046875001 0.3088728921875 0.9167339468750001 0.432287915625 0.922252890625 0.4305816375 0.865812578125
25 0.559733684375 0.8171246312499999 0.4432365015625 0.8102187078125 0.4368505296875 0.863112390625 0.5576674625 0.8697556078125 0.559733684375 0.8171246312499999
25 0.554229003125 0.8694981796875 0.435693990625 0.8662513437499999 0.43738719687499994 0.9209257140625 0.5559449828125 0.9254683671875 0.554229003125 0.8694981796875
31 0.6694557718749999 0.8746263046875 0.556656128125 0.8715124453125 0.5576770046874999 0.924718825 0.6720983625 0.9292924984375001 0.6694557718749999 0.8746263046875
31 0.6640837953125 0.8077260718750001 0.5524728624999999 0.8012055359374999 0.5569093578125 0.8533735734375 0.6631547015625 0.8570879109374999 0.6640837953125 0.8077260718750001
7 0.9038776437499999 0.8864634265625 0.7960792703124999 0.8822375921875001 0.79297478125 0.9196396109375 0.9042225640625 0.92294814375 0.9038776437499999 0.8864634265625
7 0.9122073484375001 0.836714365625 0.7998187296875 0.8309288828125 0.7968000187500001 0.8832449140625 0.90727863125 0.8860068265625 0.9122073484375001 0.836714365625
18 0.796115653125 0.8693182703125 0.670555984375 0.8653183140625 0.673927225 0.9276215875 0.7908014125 0.9324530609374999 0.796115653125 0.8693182703125