13 0.92578125 0.30703125 0.1484375 0.1390625
13 0.7953125 0.2796875 0.1578125 0.1390625
14 0.659375 0.25703125 0.146875 0.1390625
14 0.53125 0.240625 0.140625 0.1265625
21 0.38671875 0.21171875 0.13125 0.128125
19 0.2640625 0.1921875 0.1375 0.128125
22 0.1265625 0.159375 0.1484375 0.1421875
23 0.9015625 0.42890625 0.1421875 0.1125
15 0.77109375 0.4046875 0.134375 0.10625
8 0.64140625 0.378125 0.1359375 0.115625
9 0.5046875 0.35078125 0.1453125 0.125
3 0.17265625 0.29765625 0.1015625 0.0875
2 0.09296875 0.28359375 0.090625 0.0859375
18 0.32421875 0.3265625 0.2265625 0.1125
5 0.853125 0.528125 0.1640625 0.0875
29 0.59765625 0.47890625 0.153125 0.0828125
28 0.47265625 0.44921875 0.1078125 0.0828125
1 0.34453125 0.428125 0.15 0.0828125
12 0.85078125 0.62578125 0.1046875 0.090625
6 0.825 0.71328125 0.1078125 0.084375
16 0.7296875 0.69375 0.1015625 0.0796875
30 0.6390625 0.671875 0.1 0.078125
26 0.56328125 0.65625 0.0671875 0.0640625
24 0.48203125 0.63828125 0.1 0.0765625
24 0.39140625 0.6171875 0.0984375 0.075
24 0.30234375 0.59921875 0.0921875 0.0734375
17 0.62265625 0.83125 0.159375 0.0828125
17 0.6171875 0.884375 0.1546875 0.0796875
7 0.8397746859374999 0.8373703796875 0.8506937828125001 0.7867814609375 0.7065507015625 0.753769175 0.6965737609375 0.8050960859374999 0.8397746859374999 0.8373703796875
7 0.8341872515625001 0.9095253624999999 0.8489055328124999 0.8580103609374999 0.7002174203125 0.8235597531250001 0.6881252296875 0.8733657890625001 0.8341872515625001 0.9095253624999999
7 0.8290643687499999 0.96068609375 0.84220621875 0.9110840906250001 0.6923557296875 0.8764075421875 0.6839560453125 0.9258216140625001 0.8290643687499999 0.96068609375
31 0.5444902375 0.8371231265624999 0.5456315546875 0.7868530265625 0.4110583984375 0.7545912312499999 0.40836254375000003 0.8056688734374999 0.5444902375 0.8371231265624999
31 0.5393673531250001 0.88828385625 0.5477925078125 0.8377650234375 0.4141702984375 0.8067977875000001 0.404297284375 0.8575900421875 0.5393673531250001 0.88828385625
25 0.405293596875 0.802852903125 0.4099910015625 0.7527191796875 0.279992615625 0.7219014890625 0.2736042546875 0.7733710921875 0.405293596875 0.802852903125
25 0.3999628609375 0.8550829468750001 0.411840178125 0.80523514375 0.2795159359375 0.77396535 0.269642921875 0.8247576078125001 0.3999628609375 0.8550829468750001
25 0.270015675 0.7732284 0.27731629375 0.721936121875 0.14608409687499999 0.6914334578125 0.137372634375 0.7424514953125 0.270015675 0.7732284
25 0.26794337968750004 0.821098109375 0.273044559375 0.7749268687499999 0.14888422031249998 0.745243978125 0.1433272703125 0.792436340625 0.26794337968750004 0.821098109375
27 0.1333929421875 0.78773101875 0.13634610625000002 0.7400325328124999 0.0150612671875 0.7081342984375001 0.0102501625 0.7576910640625 0.1333929421875 0.78773101875
27 0.1356730890625 0.7387919984375 0.1442072484375 0.6871846390624999 0.0208260703125 0.6598726265625 0.016968662500000002 0.7107244859375 0.1356730890625 0.7387919984375
40 0.77890625 0.60859375 0.0625 0.08125
38 0.62578125 0.57734375 0.059375 0.078125
39 0.5734375 0.5671875 0.059375 0.0765625
35 0.47578125 0.54609375 0.059375 0.078125
34 0.36875 0.52421875 0.078125 0.0796875
36 0.3 0.51015625 0.071875 0.0765625
18 0.428125 0.53125 0.0546875 0.0671875
18 0.52734375 0.5515625 0.0546875 0.0671875
18 0.67890625 0.58203125 0.059375 0.06875
18 0.7296875 0.5921875 0.0578125 0.06875
18 0.7203125 0.50078125 0.1203125 0.0796875