2 0.09296875 0.75546875 0.1421875 0.265625
4 0.1036684609375 0.552139553125 0.223254465625 0.530338040625 0.16063410312499998 0.241324090625 0.0345640046875 0.2602907875 0.1036684609375 0.552139553125
28 0.4017494359375 0.49286541875 0.5176035734375 0.46840548281250005 0.479487965625 0.220997096875 0.3571428359375 0.2389350109375 0.4017494359375 0.49286541875
29 0.5169201234374999 0.47147524374999994 0.6996693828125 0.4391006671875 0.6729627546875 0.23320762031250003 0.4848838953125 0.263357515625 0.5169201234374999 0.47147524374999994
5 0.2207082078125 0.5294605078125 0.40195435156250003 0.49432347343750005 0.3647934390625 0.28543911875 0.178447421875 0.32134221875 0.2207082078125 0.5294605078125
3 0.1953125 0.740625 0.146875 0.2765625
24 0.3 0.72890625 0.153125 0.2671875
24 0.41640625 0.71484375 0.1578125 0.271875
24 0.5265625 0.68671875 0.1609375 0.271875
0 0.6958992234375 0.44029683437499995 0.8186291546875 0.41751911562500005 0.7868159078125 0.1690314921875 0.663860421875 0.1799654859375 0.6958992234375 0.44029683437499995
1 0.9834122796875 0.39159578281249996 0.95445605625 0.17449925156249999 0.7961523109375 0.20227654374999998 0.8302878734375 0.418178034375 0.9834122796875 0.39159578281249996
30 0.64453125 0.6703125 0.153125 0.253125
6 0.7578125 0.6421875 0.1515625 0.259375
6 0.87109375 0.62578125 0.15625 0.265625
16 1 0.4845435828125 0.9111384656249999 0.49298420624999995 0.9381326015625 0.743728246875 1 0.7327521171875 1 0.4845435828125
12 0.0515625 0.4328125 0.103125 0.284375