11 0.85625 0.15078125 0.134375 0.1453125
10 0.76640625 0.1609375 0.1078125 0.1453125
9 0.68125 0.17421875 0.1140625 0.1390625
8 0.59296875 0.1828125 0.109375 0.1453125
20 0.509375 0.19609375 0.1046875 0.1375
20 0.42578125 0.2 0.1109375 0.14375
19 0.328125 0.2046875 0.1234375 0.1546875
21 0.22890625 0.21484375 0.1125 0.153125
13 0.25703125 0.36328125 0.1140625 0.1390625
13 0.3453125 0.3578125 0.1015625 0.1328125
13 0.43125 0.34609375 0.1015625 0.1359375
14 0.5171875 0.34375 0.1 0.1234375
14 0.60078125 0.33984375 0.09375 0.115625
14 0.68828125 0.32890625 0.1078125 0.121875
3 0.765625 0.32890625 0.078125 0.0953125
3 0.8359375 0.321875 0.0828125 0.090625
2 0.868788784375 0.268940009375 0.8625506984375001 0.358967115625 0.9239323781250001 0.35424765156250004 0.9317567062500001 0.266132221875 0.868788784375 0.268940009375
0 0.7078125 0.4453125 0.0859375 0.0859375
1 0.6171875 0.4609375 0.1125 0.075
28 0.53125 0.46640625 0.0734375 0.078125
29 0.4484375 0.47890625 0.1078125 0.0734375
4 0.3609375 0.48203125 0.078125 0.08125
5 0.271875 0.496875 0.1109375 0.075
45 0.2515625 0.5875 0.0453125 0.0859375
44 0.2875 0.58359375 0.0453125 0.08125
40 0.321875 0.5796875 0.0421875 0.08125
41 0.3578125 0.5765625 0.046875 0.0796875
37 0.39296875 0.5734375 0.0421875 0.0796875
35 0.42890625 0.56953125 0.04375 0.0828125
33 0.46328125 0.56484375 0.046875 0.08125
34 0.5078125 0.5578125 0.0625 0.0859375
36 0.55859375 0.55390625 0.0578125 0.0796875
23 0.62109375 0.5484375 0.0828125 0.0828125
15 0.69921875 0.54140625 0.0890625 0.0828125
24 0.72578125 0.64609375 0.075 0.0859375
24 0.6640625 0.65234375 0.071875 0.084375
24 0.6 0.66015625 0.0765625 0.0859375
26 0.54921875 0.6703125 0.0515625 0.065625
30 0.4984375 0.66640625 0.0765625 0.0875
12 0.4375 0.66953125 0.065625 0.0796875
16 0.36796875 0.68125 0.0734375 0.084375
6 0.30390625 0.684375 0.0765625 0.0890625
25 0.69609375 0.76796875 0.1109375 0.0703125
25 0.7046875 0.8265625 0.109375 0.0703125
25 0.71171875 0.88125 0.109375 0.0640625
25 0.8109375 0.8234375 0.109375 0.0671875
25 0.81015625 0.87578125 0.10625 0.0671875
25 0.61484375 0.896875 0.1046875 0.06875
25 0.60703125 0.8390625 0.1078125 0.071875
31 0.5078125 0.8515625 0.1078125 0.071875
31 0.515625 0.90703125 0.1078125 0.06875
27 0.9078125 0.86484375 0.1078125 0.0671875
27 0.90859375 0.80859375 0.1109375 0.065625
17 0.415625 0.9078125 0.1046875 0.0640625
17 0.40703125 0.8578125 0.103125 0.0625
17 0.39765625 0.803125 0.1078125 0.06875
7 0.309375 0.92109375 0.1046875 0.065625
7 0.30625 0.86875 0.109375 0.065625
7 0.29921875 0.815625 0.1109375 0.0640625