11 0.13515625 0.27109375 0.1171875 0.1421875
9 0.30078125 0.24921875 0.1125 0.14375
8 0.4015625 0.2375 0.115625 0.1453125
20 0.49453125 0.228125 0.103125 0.1359375
20 0.5859375 0.21328125 0.10625 0.1375
19 0.6703125 0.2015625 0.090625 0.134375
19 0.75546875 0.18984375 0.096875 0.134375
14 0.33984375 0.3921875 0.1046875 0.125
14 0.4234375 0.3796875 0.09375 0.125
14 0.509375 0.365625 0.09375 0.125
13 0.59375 0.3546875 0.0984375 0.1265625
13 0.6796875 0.34140625 0.1 0.128125
13 0.75390625 0.32890625 0.08125 0.121875
0 0.35390625 0.5125 0.0765625 0.084375
1 0.4359375 0.50390625 0.10625 0.078125
29 0.59453125 0.4796875 0.10625 0.078125
4 0.67890625 0.4578125 0.071875 0.0859375
5 0.7578125 0.4546875 0.103125 0.0734375
15 0.37265625 0.615625 0.0921875 0.0921875
23 0.45 0.59765625 0.084375 0.090625
24 0.38828125 0.709375 0.0734375 0.08125
24 0.45234375 0.69765625 0.071875 0.08125
24 0.51484375 0.68515625 0.0734375 0.0796875
30 0.61484375 0.66875 0.0703125 0.0765625
26 0.565625 0.68203125 0.05 0.071875
12 0.6703125 0.65703125 0.0625 0.075
16 0.73046875 0.64921875 0.071875 0.075
6 0.790625 0.63515625 0.0640625 0.075
27 0.25546875 0.89921875 0.1125 0.0734375
27 0.2625 0.95234375 0.1125 0.0734375
25 0.3609375 0.9328125 0.1046875 0.0734375
25 0.35390625 0.87421875 0.1078125 0.071875
25 0.46015625 0.909375 0.1015625 0.065625
25 0.45078125 0.85859375 0.1046875 0.0671875
25 0.4453125 0.80546875 0.10625 0.0703125
25 0.5421875 0.77890625 0.1015625 0.06875
25 0.54609375 0.83515625 0.1015625 0.06875
25 0.5546875 0.88671875 0.0984375 0.065625
31 0.6453125 0.86640625 0.096875 0.065625
31 0.64296875 0.81640625 0.1 0.065625
31 0.634375 0.7640625 0.1 0.065625
17 0.7328125 0.84921875 0.09375 0.0640625
17 0.7328125 0.79765625 0.0953125 0.0609375
17 0.72421875 0.7453125 0.0984375 0.0671875
7 0.81640625 0.83046875 0.0890625 0.0578125
7 0.81796875 0.7796875 0.0921875 0.0609375
7 0.81484375 0.72890625 0.0984375 0.0640625
36 0.5140625 0.58828125 0.05625 0.0796875
34 0.5609375 0.57890625 0.05625 0.08125
35 0.6576486015625 0.6015890546875 0.6502379875 0.5294394125 0.6177411203125 0.534921221875 0.626300846875 0.6065540515625 0.6576486015625 0.6015890546875
37 0.68932828125 0.5959018656249999 0.68376266875 0.524129625 0.6533477296875 0.52861206875 0.659441875 0.6016398374999999 0.68932828125 0.5959018656249999
39 0.7225210375 0.5913142703125 0.7172873515625 0.5188198374999999 0.6857290859375 0.5244877953125 0.6911732828125 0.5962792671875 0.7225210375 0.5913142703125
38 0.7533299453125 0.5857649984375 0.7474539484375 0.5120330578125001 0.7179768890625 0.5167017656249999 0.7227495 0.5899388453125 0.7533299453125 0.5857649984375
41 0.7858286624999999 0.579613278125 0.7805432453125001 0.506792228125 0.750151321875 0.5112710265625 0.7554034093750001 0.584766975 0.7858286624999999 0.579613278125
42 0.8167092203124999 0.57438746875 0.8091434124999999 0.5012579781250001 0.7805837984374999 0.5061161859375 0.7862322359375 0.57921455 0.8167092203124999 0.57438746875