11 0.17890625 0.25078125 0.096875 0.1140625
10 0.2515625 0.23359375 0.090625 0.11875
9 0.3296875 0.21875 0.096875 0.128125
8 0.40234375 0.2109375 0.0921875 0.1171875
20 0.471875 0.19765625 0.09375 0.1171875
22 0.54375 0.1859375 0.0796875 0.115625
21 0.615625 0.17109375 0.0921875 0.1203125
21 0.68671875 0.15703125 0.0859375 0.115625
13 0.54921875 0.30546875 0.0890625 0.10625
14 0.47734375 0.3171875 0.0875 0.109375
14 0.41328125 0.33046875 0.0796875 0.1046875
14 0.34921875 0.33984375 0.0859375 0.1109375
3 0.29453125 0.3671875 0.0640625 0.0734375
3 0.2453125 0.37265625 0.0609375 0.075
2 0.19609375 0.38203125 0.059375 0.0734375
0 0.3703125 0.440625 0.0609375 0.0703125
1 0.43828125 0.43359375 0.090625 0.065625
28 0.50859375 0.41484375 0.0625 0.071875
29 0.57421875 0.40703125 0.084375 0.0640625
4 0.640625 0.3875 0.065625 0.0734375
5 0.71171875 0.38046875 0.0875 0.0640625
15 0.390625 0.51953125 0.0765625 0.078125
24 0.39765625 0.5984375 0.0578125 0.0671875
24 0.4453125 0.590625 0.0578125 0.0640625
24 0.49375 0.58203125 0.0609375 0.0640625
30 0.58125 0.5625 0.059375 0.0640625
12 0.6328125 0.553125 0.0578125 0.0640625
16 0.6828125 0.54296875 0.05625 0.0625
6 0.73515625 0.5328125 0.0609375 0.06875
27 0.2890625 0.7546875 0.0921875 0.059375
27 0.3078125 0.79453125 0.0875 0.05625
25 0.38359375 0.77421875 0.084375 0.0546875
25 0.36953125 0.73515625 0.084375 0.05625
25 0.45859375 0.759375 0.0828125 0.053125
25 0.534375 0.74375 0.0796875 0.053125
25 0.44765625 0.72109375 0.0875 0.05625
25 0.5234375 0.70390625 0.08125 0.053125
25 0.43828125 0.678125 0.0875 0.0578125
31 0.60703125 0.73046875 0.08125 0.053125
31 0.60234375 0.68984375 0.0828125 0.05625
17 0.6859375 0.71796875 0.08125 0.0546875
17 0.68125 0.67578125 0.08125 0.0546875
7 0.75546875 0.659375 0.0796875 0.05625
7 0.7578125 0.7015625 0.0796875 0.0515625
36 0.49609375 0.50078125 0.0484375 0.065625
34 0.5359375 0.49375 0.046875 0.065625
33 0.5703125 0.4875 0.0359375 0.065625
35 0.603125 0.48125 0.0375 0.065625
37 0.63203125 0.47421875 0.0375 0.065625
38 0.6859375 0.465625 0.0359375 0.0640625
41 0.71328125 0.46015625 0.0375 0.0671875
42 0.74140625 0.45625 0.0375 0.0671875
18 0.6625 0.284375 0.1640625 0.11875
18 0.4515625 0.50859375 0.065625 0.0765625
18 0.540625 0.571875 0.0484375 0.0609375
18 0.6578125 0.465625 0.0328125 0.05625