21 0.91640625 0.19140625 0.1265625 0.165625
21 0.809375 0.18125 0.11875 0.15
8 0.48671875 0.1390625 0.1171875 0.1640625
10 0.37890625 0.12890625 0.1296875 0.1578125
9 0.28046875 0.11484375 0.1140625 0.1546875
11 0.171875 0.09140625 0.1484375 0.1734375
35 0.38828125 0.29921875 0.1078125 0.1375
35 0.48671875 0.31328125 0.115625 0.140625
35 0.5828125 0.32265625 0.109375 0.140625
13 0.6828125 0.33515625 0.1203125 0.14375
13 0.784375 0.3453125 0.1140625 0.1484375
13 0.88515625 0.35859375 0.1125 0.1515625
2 0.3046875 0.31015625 0.0890625 0.0890625
2 0.234375 0.29453125 0.08125 0.1015625
2 0.16015625 0.2859375 0.0828125 0.1046875
0 0.3328125 0.4453125 0.0796875 0.090625
1 0.421875 0.4640625 0.1234375 0.0859375
28 0.5203125 0.46640625 0.0796875 0.0984375
29 0.6125 0.4875 0.125 0.0859375
4 0.709375 0.49140625 0.0859375 0.0984375
5 0.80859375 0.51328125 0.1265625 0.0859375
15 0.3296875 0.55390625 0.0890625 0.09375
23 0.40859375 0.56796875 0.09375 0.1046875
24 0.31015625 0.66640625 0.078125 0.084375
24 0.38046875 0.67265625 0.0796875 0.084375
24 0.45 0.68515625 0.0765625 0.084375
36 0.478125 0.57578125 0.059375 0.0890625
34 0.53046875 0.58359375 0.0578125 0.0875
33 0.57734375 0.59140625 0.0453125 0.0875
26 0.50546875 0.696875 0.053125 0.0734375
26 0.54765625 0.696875 0.0515625 0.0734375
12 0.6078125 0.71015625 0.0734375 0.08125
16 0.696875 0.72109375 0.0796875 0.0890625
6 0.77890625 0.734375 0.0828125 0.0890625
35 0.62265625 0.59375 0.0484375 0.0921875
37 0.6640625 0.60078125 0.0453125 0.090625
39 0.7135376703125 0.6521578578125 0.729033015625 0.5681577953125 0.6907945796875 0.56424010625 0.6763219828125 0.6471996453125 0.7135376703125 0.6521578578125
38 0.752237684375 0.6576870203125 0.769304646875 0.577766928125 0.731774528125 0.5723814078125 0.7133966171874999 0.6533066375 0.752237684375 0.6576870203125
41 0.7908906796874999 0.6635991109375 0.8075479734375 0.5785756203125 0.768495103125 0.57300313125 0.7515861828125 0.6587731265625 0.7908906796874999 0.6635991109375
42 0.8299600874999999 0.67033973125 0.8488472453125 0.5840352328125 0.8101736921875 0.5796754171875 0.7911660390625 0.6655764203125 0.8299600874999999 0.67033973125
27 0.11171875 0.84765625 0.109375 0.06875
27 0.1265625 0.7859375 0.1109375 0.0734375
25 0.3171875 0.878125 0.1078125 0.06875
25 0.31796875 0.8203125 0.1140625 0.0703125
25 0.425 0.83515625 0.1140625 0.0734375
25 0.4203125 0.89140625 0.1046875 0.065625
31 0.52265625 0.90703125 0.1078125 0.075
31 0.53359375 0.85078125 0.1125 0.071875
17 0.62578125 0.92265625 0.1125 0.0734375
17 0.63671875 0.85859375 0.1109375 0.071875
7 0.740625 0.86171875 0.1140625 0.0671875