20 0.60703125 0.2203125 0.1359375 0.1625
19 0.5078125 0.25078125 0.1265625 0.1421875
19 0.4203125 0.27890625 0.1171875 0.1453125
14 0.33515625 0.30234375 0.1125 0.1453125
14 0.25625 0.3265625 0.1078125 0.1375
13 0.175 0.34609375 0.1171875 0.1421875
13 0.10234375 0.37265625 0.11875 0.1359375
10 0.44296875 0.42265625 0.10625 0.1203125
9 0.3397265859375 0.504140090625 0.4235321640625 0.4832052703125 0.3832462046875 0.3787869171875 0.3042122 0.3987905625 0.3397265859375 0.504140090625
8 0.2668272984375 0.5197309437500001 0.3406105171875 0.5039842296875 0.3033273546875 0.401088946875 0.2358948453125 0.4185293828125 0.2668272984375 0.5197309437500001
15 0.270597025 0.5204346125 0.2435444984375 0.4342083328125 0.18178196875 0.447729875 0.2023514578125 0.536573234375 0.270597025 0.5204346125
23 0.201701534375 0.5380562062500001 0.168981390625 0.4610394859375 0.0852298078125 0.48184934999999995 0.114529190625 0.5657423359375 0.201701534375 0.5380562062500001
18 0.5998658140625001 0.4391133984375 0.57042115625 0.3341517765625 0.4794497328125 0.358489359375 0.4987323703125 0.4651561578125 0.5998658140625001 0.4391133984375
3 0.6656935953125 0.424769465625 0.642891696875 0.3316360140625 0.5752349734375 0.34587351875 0.5975649609375 0.44157164531250004 0.6656935953125 0.424769465625
2 0.72474878125 0.408198784375 0.6986450328125 0.317015921875 0.6437625609375 0.33379025625000003 0.6631587375 0.4259006046875 0.72474878125 0.408198784375
28 0.45078125 0.53828125 0.0859375 0.08125
4 0.3046875 0.571875 0.0890625 0.0859375
18 0.54453125 0.51484375 0.109375 0.0796875
18 0.3828125 0.55078125 0.0890625 0.0765625
5 0.2234375 0.59453125 0.109375 0.071875
25 0.57109375 0.79453125 0.1078125 0.0671875
25 0.675 0.83203125 0.1046875 0.065625
27 0.778125 0.81796875 0.109375 0.071875
27 0.7921875 0.86875 0.1140625 0.0734375
25 0.6953125 0.8828125 0.1 0.065625
25 0.60703125 0.89296875 0.1 0.0671875
25 0.58828125 0.84609375 0.1 0.065625
31 0.48046875 0.81796875 0.1015625 0.0640625
31 0.50234375 0.86796875 0.1 0.0671875
31 0.52109375 0.909375 0.0984375 0.0609375
7 0.32421875 0.83984375 0.0859375 0.0578125
7 0.3390625 0.8875 0.090625 0.0609375
7 0.3625 0.92578125 0.09375 0.0609375
17 0.4015625 0.828125 0.0984375 0.065625
17 0.41875 0.875 0.0875 0.065625
17 0.44140625 0.91640625 0.0890625 0.0578125
24 0.60546875 0.696875 0.0734375 0.075
24 0.54609375 0.70703125 0.0671875 0.0734375
24 0.48984375 0.71953125 0.0734375 0.075
26 0.44453125 0.728125 0.05 0.065625
30 0.39453125 0.73515625 0.0703125 0.0734375
16 0.3375 0.746875 0.0734375 0.06875
6 0.28046875 0.75703125 0.075 0.065625
12 0.25 0.68359375 0.071875 0.0734375
36 0.5723701328125 0.6442033171875 0.6172104390625 0.63762489375 0.5895448109375 0.5676856296875 0.546669090625 0.5770535421874999 0.5723701328125 0.6442033171875
34 0.5693926484375 0.6473845765624999 0.5441662968750001 0.577900621875 0.500276740625 0.5857868296875 0.5264953296875 0.65494853125 0.5693926484375 0.6473845765624999
33 0.5224916015625001 0.655654496875 0.4987120359375 0.58768626875 0.4689032421875 0.5918718890625 0.493969125 0.6611264796875 0.5224916015625001 0.655654496875
35 0.49168126250000005 0.6615298921874999 0.470113853125 0.5927289 0.4384340875 0.598903615625 0.462738246875 0.66796144375 0.49168126250000005 0.6615298921874999
39 0.43093536875 0.6748972828124999 0.40795492343750006 0.6081162640625 0.3772120421875 0.611357909375 0.40168952343750003 0.679611396875 0.43093536875 0.6748972828124999
38 0.40020077968749995 0.6812020203125 0.3769174609375 0.6127035890625 0.34898301875 0.61854770625 0.3733184625 0.6859420984375 0.40020077968749995 0.6812020203125
41 0.3709548921875 0.685916159375 0.343474425 0.620371315625 0.3156531296875 0.6260838578125 0.3435006625 0.6907570796875 0.3709548921875 0.685916159375
18 0.315945321875 0.684990859375 0.339622946875 0.682143990625 0.31350757812499996 0.6264621765625 0.29329302031250004 0.6301050671875 0.315945321875 0.684990859375
18 0.267436946875 0.6373204421875001 0.287725675 0.6921802796875001 0.312892084375 0.6877427625 0.289906521875 0.6306236796875 0.267436946875 0.6373204421875001
18 0.4375118984375 0.598477503125 0.406928678125 0.6056409671874999 0.432051759375 0.663078359375 0.45791003906250005 0.657302415625 0.4375118984375 0.598477503125