19 0.454502253125 0.33625069375 0.5888790859374999 0.3567001046875 0.613151359375 0.222136115625 0.47272497343750003 0.20214850625 0.454502253125 0.33625069375
9 0.11437174375 0.2882157984375 0.24887739999999997 0.3078518421875 0.2577862125 0.16751939062500001 0.12059176093749999 0.14741771406249998 0.11437174375 0.2882157984375
7 0.37309021875 0.5793283265625 0.50326525625 0.59827845 0.5150149125000001 0.5334366 0.38296268906250003 0.51187873125 0.37309021875 0.5793283265625
29 0.25417926562500004 0.5546581796875001 0.3787090015625 0.571880403125 0.38574166249999997 0.5087928046875 0.26251145 0.4896762359375 0.25417926562500004 0.5546581796875001
5 0.11351310625 0.5365477750000001 0.25103460312500003 0.5558276906249999 0.2589953484375 0.49622223906249996 0.1184690890625 0.47623684375 0.11351310625 0.5365477750000001
31 0.391510375 0.6872522562500001 0.5223560625 0.7113113281250001 0.5338480546875 0.6480963109375 0.401680803125 0.6273395140625 0.391510375 0.6872522562500001
24 0.31026002343750003 0.6677131890625 0.395299278125 0.6820158875 0.406764875 0.6096249671875 0.3233533671875 0.5961843124999999 0.31026002343750003 0.6677131890625
23 0.210656675 0.65193756875 0.317348825 0.66966975 0.327086853125 0.5895011625000001 0.223561678125 0.5720458140625 0.210656675 0.65193756875
15 0.100691028125 0.636188296875 0.21511611249999998 0.6518101640625 0.2278699875 0.571285371875 0.11919437031249999 0.553432396875 0.100691028125 0.636188296875
27 0.3774187484375 0.8042516624999999 0.5145537640625 0.8259717140625 0.523571646875 0.769035046875 0.39055349375000004 0.7443230296875 0.3774187484375 0.8042516624999999
27 0.3653585125 0.8523686171874999 0.49200240156249997 0.8749284203125001 0.5016908296875 0.8231006546874999 0.374159925 0.8010994984375 0.3653585125 0.8523686171874999
25 0.2463155109375 0.7818194046875 0.373345775 0.8019390218750001 0.38066250468749996 0.7464004625 0.258145753125 0.727518228125 0.2463155109375 0.7818194046875
25 0.235569953125 0.8309783578125 0.3668021265625 0.8525972625 0.374918225 0.8013542375 0.246166859375 0.7797857578125 0.235569953125 0.8309783578125
25 0.1232028765625 0.7556499718749999 0.24683082031249998 0.77856586875 0.2537610640625 0.7254674750000001 0.1199665359375 0.7004246359375 0.1232028765625 0.7556499718749999
25 0.10565257187499999 0.8104014656249999 0.23662709375 0.833647109375 0.24695964531249998 0.7777525 0.1168516296875 0.755137715625 0.10565257187499999 0.8104014656249999
39 0.506658215625 0.477582871875 0.5548723515625 0.48477783125 0.567339365625 0.401117765625 0.5193872109375001 0.39344205625 0.506658215625 0.477582871875
40 0.40544019843749995 0.463758590625 0.45671110937500004 0.4714376953125 0.4688231890625 0.38507292656250003 0.418180846875 0.3768610921875 0.40544019843749995 0.463758590625
38 0.4553873015625 0.46990378125000004 0.5036013828125 0.4770987171875 0.5182928765625 0.3942323984375 0.471522965625 0.38641255625 0.4553873015625 0.46990378125000004
41 0.3597234109375 0.45563492656250004 0.40717321718750005 0.4627088640625 0.42018591406250005 0.37560387031250003 0.3745649453125 0.3677472046875 0.3597234109375 0.45563492656250004
42 0.3112365203125 0.45016243749999996 0.356461909375 0.45644261718749995 0.36969318906250004 0.3729036 0.3220263375 0.365491875 0.3112365203125 0.45016243749999996
35 0.2601020078125 0.44162215 0.30901209375 0.449368746875 0.31973210625 0.361900628125 0.27180657343750003 0.35478058749999997 0.2601020078125 0.44162215
33 0.21202433593749997 0.433565953125 0.2609344203125 0.44131254999999997 0.270904203125 0.3585812046875 0.219523578125 0.35091138593750004 0.21202433593749997 0.433565953125
37 0.1661711421875 0.426303521875 0.21216074218749997 0.432704721875 0.21976969531249999 0.35004088437499997 0.1690482015625 0.34181396875000003 0.1661711421875 0.426303521875
32 0.113371809375 0.41838237031250003 0.1622818359375 0.42612895625 0.1685669859375 0.341931171875 0.11545047187499999 0.3338763734375 0.113371809375 0.41838237031250003
18 0.26151327343749997 0.17056645937499998 0.2496775859375 0.30464788593750003 0.452332259375 0.33586243125 0.46479500468749996 0.200059215625 0.26151327343749997 0.17056645937499998