19 0.7727931109374999 0.18175184375 0.7837365234375 0.013258975000000001 0.70405974375 0.0189851984375 0.6950982703124999 0.184895940625 0.7727931109374999 0.18175184375
19 0.6939142015625 0.18588571250000002 0.6866615046875 0.023912853125 0.6011092515625001 0.030175584374999998 0.6077859765625 0.1931827234375 0.6939142015625 0.18588571250000002
20 0.5844173953125 0.195335134375 0.581831734375 0.051672295312500005 0.5086773828125 0.0651536234375 0.5154468578125 0.1998774453125 0.5844173953125 0.195335134375
20 0.5191443375 0.1996836671875 0.510784265625 0.06374535 0.434583678125 0.0667187171875 0.4451954640625 0.2035591640625 0.5191443375 0.1996836671875
8 0.4204003765625 0.2020754328125 0.4168731796875 0.0640283640625 0.34211798125000004 0.0715646390625 0.347780940625 0.2077367265625 0.4204003765625 0.2020754328125
9 0.344083459375 0.207930503125 0.3378974796875 0.0663118171875 0.2711064640625 0.07296820468750001 0.277626521875 0.213268834375 0.344083459375 0.207930503125
10 0.27151260312500003 0.21451696875 0.26225938125 0.085119528125 0.21000783125 0.08660121093749999 0.21856435937500002 0.21821962031250003 0.27151260312500003 0.21451696875
11 0.22206789218749998 0.21432506718750002 0.208078678125 0.0888867890625 0.16253675781250002 0.09488404218749999 0.1715360859375 0.216973328125 0.22206789218749998 0.21432506718750002
13 0.7726791468750001 0.36823182499999996 0.7852430109374999 0.20707587656249998 0.6830508359375 0.20784354375 0.6725086828125 0.36698748124999997 0.7726791468750001 0.36823182499999996
13 0.67724476875 0.3630282640625 0.6840341234375 0.2095967875 0.60279275 0.20973170156249998 0.5957069828125 0.363590575 0.67724476875 0.3630282640625
13 0.5857501265625 0.362256990625 0.5892300796875001 0.2164207265625 0.5088465328125 0.215814209375 0.5112678890625 0.355955340625 0.5857501265625 0.362256990625
14 0.5063379453125 0.3562137078125 0.5076922953125 0.2169830375 0.43209465468749997 0.2256315828125 0.4308171984375 0.35367745625 0.5063379453125 0.3562137078125
14 0.43105963281250004 0.3583034078125 0.42895893906250004 0.22389246406250002 0.3612042859375 0.22934679062500002 0.363273165625 0.3618559453125 0.43105963281250004 0.3583034078125
14 0.365398775 0.3552504203125 0.3538745765625 0.22968293750000002 0.2871105796875 0.230911884375 0.30471625156250004 0.35286428281250004 0.365398775 0.3552504203125
5 0.7501020140625 0.47981507968750003 0.755888978125 0.40158235624999994 0.6481115015625 0.39627295625 0.641906440625 0.46693074375 0.7501020140625 0.47981507968750003
3 0.2585128953125 0.34484871093749997 0.266116678125 0.2635520328125 0.2185087265625 0.26274029374999996 0.21497437968750002 0.344161715625 0.2585128953125 0.34484871093749997
2 0.2177384171875 0.3403059328125 0.22371929375000002 0.265773984375 0.181667825 0.2674526328125 0.1812182140625 0.3414777015625 0.2177384171875 0.3403059328125
4 0.6210062265625 0.47009395156249995 0.62617251875 0.38001879375000003 0.561819696875 0.37362845624999996 0.56043446875 0.46510433281249997 0.6210062265625 0.47009395156249995
29 0.562290115625 0.4627805328125 0.5615242859375 0.391570915625 0.47728430624999996 0.3882579328125 0.4759663203125 0.456913996875 0.562290115625 0.4627805328125
28 0.4728143875 0.4533682578125 0.47635784687499994 0.370057825 0.42192320156249996 0.3698337625 0.423359978125 0.45299130156249995 0.4728143875 0.4533682578125
1 0.42024690781249996 0.4501857 0.4199076921875 0.38711775 0.3434068140625 0.38136620468750004 0.34469142812500003 0.44227044531250004 0.42024690781249996 0.4501857
0 0.343705384375 0.44232212187500003 0.3418760046875 0.3696838546875 0.294646221875 0.3709408875 0.29918089999999997 0.4416868 0.343705384375 0.44232212187500003
16 0.657482025 0.6944589453125001 0.6682376671875 0.6167080140625 0.5990766140625 0.612747025 0.596638815625 0.6842882796875001 0.657482025 0.6944589453125001
30 0.531463603125 0.6669227640625001 0.5334229453125 0.5911172296875 0.48267461562499997 0.5854683171875 0.48071290624999996 0.660676296875 0.531463603125 0.6669227640625001
26 0.4805189578125 0.6569755374999999 0.481204575 0.5945960515625 0.44948388437500003 0.5890621625 0.448618284375 0.6519677046875 0.4805189578125 0.6569755374999999
24 0.44554400625 0.6499022703125 0.448007615625 0.5837186796875 0.40043253593749994 0.573088903125 0.40157880625000003 0.6410736125 0.44554400625 0.6499022703125
24 0.3996456546875 0.6419170984375 0.39706297031250004 0.5737714234375 0.3492546515625 0.5637174671875 0.3518140796875 0.6347754453125 0.3996456546875 0.6419170984375
24 0.3525673125 0.630282871875 0.35006220625 0.5636175062500001 0.30936648906249997 0.557463146875 0.31270122499999997 0.6242081125000001 0.3525673125 0.630282871875
7 0.7243951625 0.9525050296875 0.731384571875 0.8972170281249999 0.6409044234375 0.8683155812500001 0.636752440625 0.9214732874999999 0.7243951625 0.9525050296875
7 0.7291409546875001 0.8921393406250001 0.7311616484375 0.8363695343750001 0.6446990718750001 0.8089868953125 0.6398367609375 0.8671321437499999 0.7291409546875001 0.8921393406250001
17 0.6498617359375001 0.813169459375 0.647550503125 0.7502048578125 0.553304765625 0.73011820625 0.5526695562499999 0.788575684375 0.6498617359375001 0.813169459375
17 0.6398755515625 0.8678723140625 0.6388218921875 0.81003710625 0.553940403125 0.789425478125 0.5524656453125 0.8412815531250001 0.6398755515625 0.8678723140625
17 0.6376221171875 0.9192011890625 0.6398367609375 0.8671321437499999 0.5517710765625 0.842389375 0.55317019375 0.8924553203125001 0.6376221171875 0.9192011890625
31 0.5510818859375 0.8903382437499999 0.5483278171875 0.83778748125 0.471170940625 0.8141615671875 0.46978182031250004 0.8671381484375 0.5510818859375 0.8903382437499999
31 0.5504161234375 0.83990453125 0.5516447953125 0.7878871859375 0.4686995203125 0.7670040625000001 0.4692325046875 0.818924909375 0.5504161234375 0.83990453125
31 0.552747134375 0.7900559656249999 0.5457000015625 0.7310504875 0.4657435078125 0.710599984375 0.466711171875 0.7708150203125 0.552747134375 0.7900559656249999
25 0.461932778125 0.8682917296875001 0.4602034671875 0.8164294078125 0.3911038578125 0.7961049874999999 0.3914010265625 0.8430428578125 0.461932778125 0.8682917296875001
25 0.46331660937499997 0.8192349484375001 0.46249568906249994 0.76584064375 0.3884386 0.745248853125 0.38919001249999996 0.8008542078125 0.46331660937499997 0.8192349484375001
25 0.46344286874999996 0.765048803125 0.4585616984375 0.7096407375 0.38325913125 0.6935972875 0.3854499703125 0.7483550609375 0.46344286874999996 0.765048803125
25 0.3869952234375 0.740110053125 0.3800644609375 0.683325028125 0.3164629296875 0.669282028125 0.318978471875 0.7251200359375 0.3869952234375 0.740110053125
25 0.3907740546875 0.7933493406250001 0.385023284375 0.7402133984375 0.321836234375 0.7246322234375 0.3232778703125 0.7694258171875 0.3907740546875 0.7933493406250001
25 0.3902598984375 0.8401339390624999 0.3897105046875 0.7919207046875 0.32179344374999996 0.7709942953125 0.3227636390625 0.8162104156250001 0.3902598984375 0.8401339390624999
25 0.32264727031249996 0.813989965625 0.3180764171875 0.7645031109375 0.2597833671875 0.7436466187499999 0.26224689843750004 0.7934054875000001 0.32264727031249996 0.813989965625
25 0.323200290625 0.76794550625 0.31851299375000003 0.7162382046875 0.258641740625 0.6982738140625 0.2620466890625 0.75185363125 0.323200290625 0.76794550625
27 0.2575885015625 0.798844925 0.2558204 0.7462424328124999 0.1985486375 0.731093453125 0.1991989359375 0.778897240625 0.2575885015625 0.798844925
42 0.739930009375 0.6019328921875 0.750789771875 0.510446084375 0.7138996359374999 0.50517046875 0.704211084375 0.5963829859375 0.739930009375 0.6019328921875
41 0.7018773515625 0.599016653125 0.709418096875 0.5070853109375 0.6724403265625 0.5003892859375 0.6668830296875 0.591573315625 0.7018773515625 0.599016653125
35 0.6660613265625 0.591616378125 0.6720880890625 0.5022383406250001 0.638334325 0.4983133859375 0.6311639796875 0.586023440625 0.6660613265625 0.591616378125
39 0.6322235546874999 0.5849470453125 0.63760965625 0.499066103125 0.605098853125 0.49461562968750006 0.597680725 0.579830290625 0.6322235546874999 0.5849470453125
37 0.5970233609375 0.5798647421875 0.6017780593750001 0.49451167187499995 0.5703198765625 0.4914932703125 0.5657412890625 0.574082315625 0.5970233609375 0.5798647421875
35 0.5660180265625 0.5737891453125 0.5690296734375 0.4897643953125 0.53978794375 0.4882719578125 0.5366211796875 0.5693922796875001 0.5660180265625 0.5737891453125
33 0.5345715859375 0.56801533125 0.5366942375 0.48589263593750004 0.5099081671875 0.484274709375 0.5087032515625001 0.564917921875 0.5345715859375 0.56801533125
34 0.5067506703125 0.5653913390625 0.5045139609375 0.48498150312500005 0.4658503140625 0.48102050468749996 0.46639159843750005 0.5593424437500001 0.5067506703125 0.5653913390625
36 0.4618382890625 0.557354509375 0.46667803750000003 0.479913628125 0.42845213125 0.4750992890625 0.42538434531249997 0.55035876875 0.4618382890625 0.557354509375
23 0.4249301484375 0.5511247453125 0.428667521875 0.4715150796875 0.38319633125 0.46078150625000003 0.3711439265625 0.543552975 0.4249301484375 0.5511247453125
15 0.36469621874999997 0.5431486953125 0.3851565546875 0.4619204375 0.33361476562500003 0.45828038437499996 0.30156252656250004 0.53643790625 0.36469621874999997 0.5431486953125