19 0.6109375 0.265625 0.128125 0.15625
13 0.79765625 0.2609375 0.134375 0.1625
9 0.91328125 0.2625 0.1125 0.15
41 0.575 0.44140625 0.040625 0.1015625
40 0.6203125 0.440625 0.04375 0.1
43 0.6640625 0.44140625 0.0453125 0.1
44 0.70625 0.4390625 0.04375 0.103125
45 0.74765625 0.4390625 0.046875 0.1
18 0.790625 0.43828125 0.04375 0.1
33 0.83125 0.43828125 0.046875 0.1
37 0.878125 0.43828125 0.053125 0.0984375
32 0.92265625 0.43671875 0.05 0.1
5 0.86875 0.584375 0.11875 0.071875
29 0.753125 0.58359375 0.115625 0.0703125
7 0.640625 0.5828125 0.121875 0.075
31 0.6109375 0.696875 0.109375 0.06875
24 0.703125 0.69140625 0.075 0.0875
23 0.78203125 0.6859375 0.0875 0.090625
15 0.8734375 0.68671875 0.0984375 0.09375
27 0.6265625 0.890625 0.1125 0.06875
25 0.7390625 0.88828125 0.115625 0.065625
25 0.85078125 0.8890625 0.115625 0.0640625