14 0.629938175 0.3226746015625 0.66183811875 0.18692979062499998 0.5658355562499999 0.168651571875 0.5307803921875001 0.30931393906250004 0.629938175 0.3226746015625
13 0.7074431078125001 0.3341583140625 0.7434716234375001 0.209751953125 0.66251713125 0.191530890625 0.6288358374999999 0.3248433796875 0.7074431078125001 0.3341583140625
9 0.79658588125 0.3499628625 0.8347529046875 0.21360860625 0.7494002109375 0.1938576609375 0.7054323015625 0.334795134375 0.79658588125 0.3499628625
18 0.5268364375 0.3091072453125 0.5613238 0.1705356984375 0.46170905781249993 0.15577268125 0.43075301093749996 0.29368112343749997 0.5268364375 0.3091072453125
7 0.509902971875 0.5756203046875 0.5163675359375001 0.5093879953125 0.4169615125 0.5002418703125 0.4092936671875 0.5710897671875 0.509902971875 0.5756203046875
29 0.6163118 0.5826813296875 0.6235308265625 0.5168585796875 0.5309478578125 0.5136374921875 0.5226044375 0.578512509375 0.6163118 0.5826813296875
5 0.7109275546875 0.58838210625 0.7219670671875 0.525726190625 0.62954635625 0.5188048203125 0.618167371875 0.585005125 0.7109275546875 0.58838210625
31 0.48378530937499997 0.6966672093749999 0.49394353124999996 0.6306027578125 0.3934915203125 0.6273649531250001 0.3840068921875 0.69514896875 0.48378530937499997 0.6966672093749999
15 0.7002590984375 0.6976214609375 0.7160336468749999 0.6153533046875 0.6395285515625 0.611314009375 0.6262714328125 0.6944861359375001 0.7002590984375 0.6976214609375
23 0.62623264375 0.695226275 0.633382496875 0.6119489390624999 0.555525878125 0.610622540625 0.54605755625 0.6969619515625001 0.62623264375 0.695226275
24 0.538518753125 0.6898872125 0.5543815171875 0.6096630656250001 0.4963667796875 0.60752214375 0.4862615953125 0.68714853125 0.538518753125 0.6898872125
27 0.47440488593749996 0.8567912468750001 0.48507549375 0.799814984375 0.39031466875 0.8011734875000001 0.380309625 0.8600240046875 0.47440488593749996 0.8567912468750001
25 0.579517428125 0.8697218124999999 0.587355740625 0.8061024609375 0.4938819578125 0.80585904375 0.48376047031249997 0.8669299515625 0.579517428125 0.8697218124999999
25 0.667098646875 0.8587258468750001 0.676607403125 0.8015079765625 0.5908575500000001 0.80426164375 0.5786865390625 0.8667095734375 0.667098646875 0.8587258468750001
39 0.468007965625 0.4490581390625 0.48131195781249997 0.35895937031249997 0.4444484703125 0.35483202343750003 0.4303313578125 0.44664701874999996 0.468007965625 0.4490581390625
38 0.5049905046875 0.4536157828125 0.5188239203125 0.364743159375 0.483728209375 0.3599466296875 0.469099475 0.4504250953125 0.5049905046875 0.4536157828125
40 0.540904303125 0.456371121875 0.5536060296875001 0.3671114203125 0.52135918125 0.3632285375 0.5072876171875 0.45417274062499996 0.540904303125 0.456371121875
41 0.5767952875 0.4595618078125 0.5896675499999999 0.37281919375 0.5577160609375 0.36862655312500003 0.5431786421875 0.45736346250000004 0.5767952875 0.4595618078125
42 0.6109691390624999 0.4622259625 0.623667428125 0.37623728125 0.592935790625 0.3735284 0.5796724265625001 0.460149165625 0.6109691390624999 0.4622259625
35 0.6454777015625 0.46571293125 0.65850740625 0.38128108437499997 0.6262075109375 0.3774962796875 0.6118545109375 0.46271383593750004 0.6454777015625 0.46571293125
33 0.6774252203125 0.4692426890625 0.696399934375 0.3855849390625 0.6650744609375 0.3826256484375 0.6462831812500001 0.466064384375 0.6774252203125 0.4692426890625
37 0.709815915625 0.4721771921875 0.7235047953125 0.3893234375 0.6953463703125 0.3866860921875 0.6807118484375 0.4694149328125 0.709815915625 0.4721771921875
32 0.7421904484375 0.47542008906250005 0.762918228125 0.39409333125 0.732699303125 0.38926215468750003 0.71142690625 0.472880121875 0.7421904484375 0.47542008906250005