20 0.736488509375 0.2265560828125 0.9479635046875 0.2270495984375 0.972074525 0.0831867234375 0.9692752 0.04315449375 0.798838196875 0.043646209375 0.736488509375 0.2265560828125
19 0.5813588296875001 0.0572452859375 0.561234703125 0.2294572796875 0.7435002078124999 0.2268700421875 0.78397128125 0.055945703125 0.5813588296875001 0.0572452859375
19 0.385954315625 0.23659078125000002 0.5654568 0.22966870312499998 0.5767016828125 0.0656137328125 0.4079125875 0.0758080640625 0.385954315625 0.23659078125000002
14 0.2211745390625 0.0792147109375 0.216997321875 0.24438401562499998 0.3983506515625 0.238941065625 0.4078566203125 0.0750076921875 0.2211745390625 0.0792147109375
14 0.0145766234375 0.0984871203125 0.0281875859375 0.2516571296875 0.2152023609375 0.2437052453125 0.22364109999999998 0.0894978578125 0.0145766234375 0.0984871203125
11 0.13671875 0.33359375 0.1921875 0.140625
3 0.2859375 0.33984375 0.1265625 0.1078125
3 0.39765625 0.33359375 0.1359375 0.109375
2 0.5125 0.33046875 0.140625 0.1125
0 0.446505246875 0.421474459375 0.43197646250000005 0.4983791375 0.5479115609375 0.49722420312500004 0.563405996875 0.4189299234375 0.446505246875 0.421474459375
1 0.243495525 0.432058546875 0.23975241406249997 0.5034843453125 0.43144693125 0.4963176609375 0.4380831890625 0.4272473296875 0.243495525 0.432058546875
28 0.10027626875 0.424482059375 0.10258331093749999 0.509119609375 0.23694087968750002 0.5022959375 0.24116688281249998 0.416975546875 0.10027626875 0.424482059375
15 0.4191331765625 0.5206338781250001 0.39950443125 0.6022170874999999 0.5532214468750001 0.5980415171875 0.5614956624999999 0.5159563312500001 0.4191331765625 0.5206338781250001
23 0.3203125 0.56484375 0.1625 0.09375
36 0.20390625 0.56953125 0.09375 0.090625
34 0.1125 0.57421875 0.0984375 0.0890625
33 0.0375 0.578125 0.071875 0.0890625
24 0.47109375 0.66171875 0.128125 0.0828125
24 0.3609375 0.66953125 0.125 0.084375
24 0.25 0.66953125 0.11875 0.0859375
26 0.15625 0.68046875 0.0890625 0.06875
30 0.0640625 0.6765625 0.1109375 0.08125
27 0.71796875 0.834375 0.18125 0.065625
25 0.57265625 0.7828125 0.1875 0.0765625
25 0.55078125 0.846875 0.1828125 0.0703125
25 0.384375 0.796875 0.1875 0.0703125
25 0.3796875 0.853125 0.1765625 0.065625
25 0.2078125 0.80390625 0.184375 0.0703125
25 0.21484375 0.85859375 0.1859375 0.0703125