14 0.45928205312500003 0.3111861890625 0.41691323281250003 0.1725512390625 0.3219988453125 0.19582879375 0.36095940625 0.32971805781249997 0.45928205312500003 0.3111861890625
13 0.3621737390625 0.3318261734375 0.3215615671875 0.20045912656249998 0.24167163593750002 0.22289204843750002 0.2841617015625 0.345242328125 0.3621737390625 0.3318261734375
9 0.28620308125 0.3457730375 0.23491933125000003 0.2073298171875 0.1507172953125 0.23152070937499997 0.19596824375 0.3656905890625 0.28620308125 0.3457730375
18 0.55835419375 0.2903397703125 0.520223 0.154240440625 0.4215174140625 0.1741966578125 0.46320978593750006 0.31077336875 0.55835419375 0.2903397703125
7 0.5943025734375 0.5662451390625 0.5829373453125 0.49589564062499997 0.48414622500000004 0.510231740625 0.4940682609375 0.57603495 0.5943025734375 0.5662451390625
29 0.48153556875000003 0.5795879359375 0.4698082859375 0.5152384890625 0.37752077812499996 0.5233005796875 0.38817480781249997 0.58865530625 0.48153556875000003 0.5795879359375
5 0.38644339687499996 0.59107303125 0.37161535 0.5255589828125 0.2796835359375 0.5373077921875 0.293987075 0.5993000765625001 0.38644339687499996 0.59107303125
31 0.6260474515625 0.6888109140625 0.6130282796875 0.6216161796875 0.5128833890625 0.6301068 0.5264852359375001 0.695549071875 0.6260474515625 0.6888109140625
15 0.3840802359375 0.700828134375 0.3664883921875 0.6184638171875 0.2902995453125 0.62650154375 0.3103580578125 0.7078313796875 0.3840802359375 0.700828134375
23 0.46431375625 0.6991024890624999 0.4503397546875 0.6133769359375 0.37265925312500003 0.6187762171875 0.38415770781249997 0.70156523125 0.46431375625 0.6991024890624999
24 0.5235141750000001 0.6861730374999999 0.509255515625 0.6071846390625 0.45143233125000004 0.6123588843750001 0.47147196406249997 0.69164289375 0.5235141750000001 0.6861730374999999
27 0.6383685453125 0.85326649375 0.6252972140625 0.795020253125 0.53059515625 0.798623009375 0.544233046875 0.8549627328125 0.6383685453125 0.85326649375
25 0.535420903125 0.8655771765625 0.522117084375 0.8051196812500001 0.4287841421875 0.8102548046875 0.4399412921875 0.8733767421874999 0.535420903125 0.8655771765625
25 0.44061339374999997 0.8703251453125 0.42519079218750006 0.8085997796875001 0.339414340625 0.8103376875 0.351904615625 0.8669794921875 0.44061339374999997 0.8703251453125
39 0.5667808859375 0.44307396250000003 0.54787789375 0.3521236296875 0.511280934375 0.35817460625 0.5292821 0.4474536203125 0.5667808859375 0.44307396250000003
38 0.5282636265625 0.4488758265625 0.5089196625 0.3592869671875 0.47412308124999997 0.36591369218750003 0.49258877187500005 0.4539405328125 0.5282636265625 0.4488758265625
40 0.49032395781250004 0.45461695 0.471512025 0.36453383125 0.43951258437499996 0.3700990625 0.4568683953125 0.4585716796875 0.49032395781250004 0.45461695
41 0.4546491078125 0.4596816890625 0.43548748281250005 0.37182722031250004 0.4037992078125 0.3776863265625 0.4211935875 0.46363638125 0.4546491078125 0.4596816890625
42 0.41835113125 0.46437351250000003 0.4005725640625 0.378565609375 0.3700248140625 0.382879146875 0.387206 0.46808540625 0.41835113125 0.46437351250000003
35 0.386347375 0.46861894687500005 0.367554103125 0.3842693578125 0.3354965546875 0.389739421875 0.3529272234375 0.47337363593750004 0.386347375 0.46861894687500005
33 0.3521412421875 0.47376676250000005 0.32900886875 0.3914258359375 0.297881203125 0.39602051875 0.321208221875 0.47857055937500004 0.3521412421875 0.47376676250000005
37 0.3179351125 0.4789145765625 0.2989909546875 0.3970650234375 0.2710091453125 0.40117245312499994 0.28901549531250004 0.4831962390625 0.3179351125 0.4789145765625
32 0.287443503125 0.48398251718749996 0.26182403125000003 0.4015924578125 0.231899365625 0.40799854843750005 0.2568550515625 0.48812904375 0.287443503125 0.48398251718749996