13 0.775 0.2671875 0.1109375 0.1453125
13 0.68125 0.2515625 0.1140625 0.1484375
14 0.58125 0.23984375 0.1171875 0.1546875
14 0.48125 0.22890625 0.121875 0.1546875
21 0.384375 0.21796875 0.109375 0.14375
21 0.30078125 0.2078125 0.1046875 0.1453125
22 0.20390625 0.20078125 0.1203125 0.14375
9 0.50625 0.3875 0.096875 0.1265625
23 0.75234375 0.4296875 0.1 0.09375
15 0.66640625 0.41484375 0.09375 0.1046875
2 0.1953125 0.3703125 0.078125 0.0921875
1 0.37109375 0.50234375 0.1125 0.075
28 0.475 0.509375 0.075 0.08125
29 0.56171875 0.5234375 0.1078125 0.075
4 0.64453125 0.5265625 0.0765625 0.084375
5 0.72734375 0.54140625 0.109375 0.0765625
24 0.34140625 0.6703125 0.0671875 0.0703125
24 0.4 0.6765625 0.06875 0.0703125
24 0.46328125 0.68359375 0.0640625 0.06875
26 0.51328125 0.68984375 0.0484375 0.0625
16 0.6375 0.7 0.06875 0.0734375
6 0.70390625 0.7125 0.06875 0.0734375
27 0.196875 0.8640625 0.096875 0.0546875
25 0.331171053125 0.8988795484375001 0.3321337953125 0.8555938515625 0.24534344375 0.847831 0.24536647031249997 0.8888107734374999 0.331171053125 0.8988795484375001
25 0.3368728609375 0.852442053125 0.3385609890625 0.808312003125 0.247735121875 0.803693915625 0.250503740625 0.8469710656249999 0.3368728609375 0.852442053125
25 0.42706922656249996 0.8672504562500001 0.43271457968749993 0.82127275 0.3427469109375 0.81431276875 0.3400876265625 0.8617042859374999 0.42706922656249996 0.8672504562500001
31 0.5193374000000001 0.8753126 0.5311640734374999 0.82962714375 0.4417635265625 0.8183077843750001 0.432355803125 0.8697663906249999 0.5193374000000001 0.8753126
31 0.51264491875 0.9146278078125001 0.5192809484375001 0.8757723703125 0.43333018437500004 0.867997621875 0.4277266109375 0.907468134375 0.51264491875 0.9146278078125001
7 0.690031765625 0.9434088062500001 0.7041954406250001 0.898943734375 0.6174876578124999 0.8876940671875 0.60506551875 0.93157615625 0.690031765625 0.9434088062500001
7 0.7065974546875 0.8945715796875 0.719479721875 0.8504158546875 0.6325315781249999 0.84114810625 0.6187295765624999 0.8861163031249999 0.7065974546875 0.8945715796875
7 0.717038278125 0.84498229375 0.72747919375 0.795393021875 0.638123021875 0.7829466328125 0.6282277125 0.834077728125 0.717038278125 0.84498229375
17 0.62086086875 0.8434407890625 0.628795328125 0.7940104796874999 0.5404265328125 0.78086285625 0.530269375 0.8318508328125 0.62086086875 0.8434407890625
17 0.6067621109375 0.8823133406249999 0.6165734828125 0.8429143640625 0.531156809375 0.8310330484374999 0.5222390296875 0.8719352109375 0.6067621109375 0.8823133406249999
17 0.5996180953125 0.925306771875 0.611210396875 0.8865931859374999 0.5253736578125 0.8781330390625 0.5158117921875001 0.9192170375 0.5996180953125 0.925306771875
40 0.6828486953125 0.6539451953125 0.698762215625 0.5883000703125 0.6673702359375 0.58104035 0.6508704625 0.6500187625 0.6828486953125 0.6539451953125
42 0.6476807578125 0.6504131546874999 0.6564684171875 0.5831070453125 0.6270282765624999 0.5790329140625 0.6187496046875001 0.6472538812499999 0.6476807578125 0.6504131546874999
41 0.616591446875 0.6477749171875 0.6251486125 0.5780823921875 0.593025196875 0.5733848953125 0.5855972109375001 0.64436233125 0.616591446875 0.6477749171875
38 0.5830658609375 0.6436584937500001 0.5919558046875 0.571255715625 0.559667046875 0.5678160625 0.5520240875 0.6406330812500001 0.5830658609375 0.6436584937500001
39 0.5499133859375 0.6407669484375 0.5584705515625 0.5710744203125 0.5267672875 0.5691773609374999 0.5194349625 0.6374176796875 0.5499133859375 0.6407669484375
37 0.51826793125 0.6341302453125001 0.52592896875 0.5674718296875 0.4930142734375 0.5626443734375 0.48624211875 0.63059098125 0.51826793125 0.6341302453125001
35 0.483425528125 0.6322102375 0.49085607343750004 0.5631654187499999 0.45975403437500006 0.560458178125 0.45336779531250004 0.6296986625 0.483425528125 0.6322102375
33 0.44999502343750003 0.62731945 0.45714032812500005 0.5605977234374999 0.42750757031250003 0.5564988093750001 0.41942151718750004 0.6247445609375 0.44999502343750003 0.62731945
34 0.41627927812500004 0.624751753125 0.42423276249999997 0.5514479375 0.38031731875 0.546285671875 0.372438128125 0.6193687375 0.41627927812500004 0.624751753125
36 0.36995431875 0.618277725 0.3713309921875 0.5516337234375001 0.326661040625 0.54608036875 0.32526461875 0.6155416484375 0.36995431875 0.618277725