20 0.6043657015624999 0.207975021875 0.5788873890625 0.07850289375 0.480051915625 0.0980080421875 0.5086455578125 0.23253055625000002 0.6043657015624999 0.207975021875
20 0.5070588625 0.23034213593750003 0.4817940546875 0.10334788125000001 0.3893546859375 0.1198121140625 0.4161903953125 0.25134060156250004 0.5070588625 0.23034213593750003
8 0.415288559375 0.2523741984375 0.38652865 0.12359716875 0.28543812968750004 0.1427421640625 0.313175675 0.27323705625 0.415288559375 0.2523741984375
18 0.3153219453125 0.272780853125 0.28589618125 0.144987259375 0.19851961093749998 0.1612172640625 0.224327925 0.287912640625 0.3153219453125 0.272780853125
10 0.2317937203125 0.2913772296875 0.19310040781249999 0.16365982031249998 0.11194336875 0.18130345625 0.14577695625 0.3088187515625 0.2317937203125 0.2913772296875
11 0.1418728359375 0.3062809140625 0.10090752031250001 0.16537558125000001 0.0052873875 0.1913451171875 0.0515638609375 0.3246347765625 0.1418728359375 0.3062809140625
18 0.730720875 0.0472814796875 0.5801898359375001 0.07840691250000001 0.6086579953125 0.207062665625 0.7573010046875 0.1729419359375 0.730720875 0.0472814796875
13 0.7829395765625 0.3357739546875 0.7627476515625 0.20455333437499998 0.6786259390625 0.224923434375 0.698726546875 0.351148175 0.7829395765625 0.3357739546875
13 0.698726546875 0.351148175 0.6790136203125 0.23286945937499998 0.5973693859375 0.24893038125000003 0.6159289375 0.3679054140625 0.698726546875 0.351148175
13 0.6141252703125 0.3699726375 0.5927346531250001 0.24823168281250002 0.498179034375 0.2624366703125 0.5222295046875 0.38613803281250003 0.6141252703125 0.3699726375
14 0.5209852265625 0.3855605765625 0.499331840625 0.273136590625 0.41692249062500003 0.28644365 0.43943197500000003 0.4028952546875 0.5209852265625 0.3855605765625
14 0.441920534375 0.404050203125 0.4155996328125 0.28675625 0.3403921453125 0.3010268359375 0.3623421578125 0.42012313749999997 0.441920534375 0.404050203125
14 0.3625133875 0.4209287125 0.3382049921875 0.30531056875 0.258838809375 0.3183615328125 0.2849099765625 0.43573992031250003 0.3625133875 0.4209287125
3 0.28169073437500003 0.43642419062500004 0.2616464125 0.3541891109375 0.2023307390625 0.369100896875 0.21803727031250003 0.44827030937499995 0.28169073437500003 0.43642419062500004
3 0.2182084921875 0.449075853125 0.2023947953125 0.3657316390625 0.139967284375 0.376463228125 0.15614165625 0.463110471875 0.2182084921875 0.449075853125
2 0.15382433281250002 0.46276112812500003 0.135948184375 0.383010675 0.07802601875000001 0.39636461875 0.093732384375 0.47553406562499995 0.15382433281250002 0.46276112812500003
5 0.781940109375 0.374019321875 0.6812614640625 0.3956170734375 0.69285865 0.4554539453125 0.7940696234375 0.43562473125 0.781940109375 0.374019321875
4 0.6919568140625 0.4564875421875 0.6785852875 0.37600404374999996 0.6138410953125 0.3897417078125 0.6306205968749999 0.4686830515625 0.6919568140625 0.4564875421875
29 0.6315224265625 0.467649425 0.6189446875 0.405509696875 0.5212029015625 0.428796665625 0.5347749687500001 0.487371828125 0.6315224265625 0.467649425
28 0.53189825 0.489667134375 0.5132757765625 0.4164006203125 0.45051763593749994 0.42866677031249995 0.470390809375 0.501057103125 0.53189825 0.489667134375
1 0.4603908109375 0.5014988265625 0.44698470625000003 0.44100912968749995 0.3511442578125 0.462418 0.36596059687500004 0.5215705890625 0.4603908109375 0.5014988265625
0 0.3661318203125 0.5223761296875 0.346468959375 0.44975292187499993 0.28384936562499996 0.46240936250000003 0.30067468750000004 0.5362894734375 0.3661318203125 0.5223761296875
23 0.451509584375 0.612734009375 0.439672725 0.5319655515624999 0.3644669203125 0.5462018140625 0.3787120609375 0.6290495359375 0.451509584375 0.612734009375
15 0.3785408375 0.6282439953125001 0.360294615625 0.547786096875 0.2875940515625 0.5591739625 0.30325476875 0.6434046375 0.3785408375 0.6282439953125001
6 0.8142314734375 0.6401028859375 0.800999225 0.564624596875 0.7371260140625 0.5758484515625 0.750686440625 0.6498211656249999 0.8142314734375 0.6401028859375
16 0.7501066921875 0.650485640625 0.735444359375 0.5785587125 0.675232028125 0.593334303125 0.6897612140625 0.6616887515625 0.7501066921875 0.650485640625
12 0.688242103125 0.6647178125 0.67388978125 0.594347146875 0.6085680515624999 0.6053392296875 0.62124786875 0.6751692625 0.688242103125 0.6647178125
30 0.6155385203125 0.67205294375 0.6029220328125 0.6040225984375 0.5453532265625001 0.616611015625 0.5590018609375 0.68082279375 0.6155385203125 0.67205294375
26 0.5598824171875 0.6849654828125 0.5463302953125 0.6261938109375 0.505724525 0.63369409375 0.5151829203125 0.691760490625 0.5598824171875 0.6849654828125
24 0.513003340625 0.69168255 0.499853840625 0.62303481875 0.43729938281249997 0.6374136499999999 0.4550575859375 0.7039993015625 0.513003340625 0.69168255
24 0.4529880734375 0.7044391890624999 0.43775978125000004 0.637100465625 0.37706403125 0.6491345984375 0.39402229375000003 0.715349059375 0.4529880734375 0.7044391890624999
24 0.391652025 0.7109817703125 0.37179239375 0.6490938109375 0.318098246875 0.66004446875 0.335775834375 0.7228586203125 0.391652025 0.7109817703125
7 0.833388746875 0.6618672734375 0.7394138453125 0.6781964031250001 0.7529306078125 0.7316115953125 0.8437092390625001 0.7177283296875 0.833388746875 0.6618672734375
7 0.855452628125 0.7274971734375 0.75892028125 0.746222903125 0.7673881046875 0.7996287671875 0.8637147484375 0.7813188296875 0.855452628125 0.7274971734375
7 0.8627529296875001 0.7915321125 0.7666394249999999 0.8062826843750001 0.776296159375 0.8551060203124999 0.8730925296875001 0.8356137453124999 0.8627529296875001 0.7915321125
17 0.76494570625 0.8021794124999999 0.6733216 0.8217881421875 0.68396895 0.8752719578124999 0.7754668140625001 0.85798846875 0.76494570625 0.8021794124999999
18 0.7620895765625 0.8018374546875 0.7333688390625 0.679070253125 0.650963246875 0.6928560421875 0.6744004875 0.8166877328125001 0.7620895765625 0.8018374546875
31 0.6694761171875 0.8238244015625 0.5772150390624999 0.84113375 0.59109140625 0.892848771875 0.68247925 0.8750474203125 0.6694761171875 0.8238244015625
31 0.6608256921875 0.7661618015625 0.5671768921875 0.7837318093750001 0.57779484375 0.840469284375 0.6759708640625 0.8206837984375 0.6608256921875 0.7661618015625
31 0.6453873078125001 0.6977713046875 0.555296965625 0.7142729984375 0.565114971875 0.7706392625 0.6595923 0.7538048953125001 0.6453873078125001 0.6977713046875
25 0.572843990625 0.8315173203124999 0.48616505468750004 0.8469561999999999 0.49868353593750003 0.9092432593750001 0.58709190625 0.890992725 0.572843990625 0.8315173203124999
25 0.48209974375 0.8541863624999999 0.386660559375 0.874060109375 0.40315672812500003 0.9279244156249999 0.49661402499999996 0.9096831484375001 0.48209974375 0.8541863624999999
18 0.5725039125 0.82914555625 0.5499552359375001 0.7153514140625 0.3733506890625 0.7469933203125 0.3938967140625 0.8606148890625 0.5725039125 0.82914555625
27 0.3850800515625 0.8727800828125 0.2983917140625 0.8895748203125 0.3123780953125 0.94180768125 0.3995169 0.92436826875 0.3850800515625 0.8727800828125
27 0.29392327812499996 0.8935083531249999 0.20617463906250003 0.910258634375 0.2204106109375 0.960273503125 0.311108528125 0.94261878125 0.29392327812499996 0.8935083531249999
18 0.499747559375 0.588443209375 0.48809115625 0.5210428203124999 0.443150059375 0.5305941921875 0.45450737500000005 0.5972173703125 0.499747559375 0.588443209375
34 0.5492740453125 0.5892819078125 0.537143396875 0.5142977125 0.49186626875000006 0.5223440375 0.5047416921875 0.5987475515625 0.5492740453125 0.5892819078125
33 0.5840403203125 0.5839969015625 0.573371084375 0.5065972796875 0.5385218968750001 0.5149528234375 0.5541884718750001 0.588658265625 0.5840403203125 0.5839969015625
35 0.6200508640625 0.579289325 0.6073430421875 0.5014798984375 0.5745553546875 0.5077146296875 0.5886750546874999 0.5846956015625 0.6200508640625 0.579289325
37 0.6540466578124999 0.5703794859375 0.6398954640625 0.49298298125000006 0.6088935390625 0.5004158234375 0.621146828125 0.5765306234375001 0.6540466578124999 0.5703794859375
39 0.6897147625 0.564060853125 0.6771148890625 0.486649434375 0.6440251234375001 0.4942112640625 0.6568149390625 0.570212021875 0.6897147625 0.564060853125
38 0.725833834375 0.5572254453125 0.7134495281250001 0.47945216406249996 0.67819213125 0.4861069203125 0.691860909375 0.5636046765625 0.725833834375 0.5572254453125
41 0.761781640625 0.549584503125 0.7462158515625 0.471961571875 0.715469859375 0.47944616875 0.7309423484375001 0.55487670625 0.761781640625 0.549584503125
42 0.7985228375 0.543037778125 0.78611880625 0.46505762187500005 0.7540147296875 0.4708322515625 0.7639277875 0.5491283265625 0.7985228375 0.543037778125