19 0.83046875 0.33125 0.1140625 0.1375
19 0.74453125 0.3140625 0.1015625 0.1359375
20 0.66171875 0.2984375 0.1078125 0.1390625
20 0.57109375 0.28984375 0.1046875 0.125
8 0.48046875 0.26484375 0.1109375 0.14375
9 0.39375 0.259375 0.1015625 0.121875
9 0.309375 0.246875 0.0953125 0.1171875
11 0.22109375 0.22109375 0.1234375 0.1390625
13 0.7828125 0.4640625 0.1140625 0.1296875
13 0.69765625 0.44609375 0.0984375 0.13125
13 0.61640625 0.4296875 0.096875 0.1234375
14 0.53046875 0.415625 0.103125 0.1234375
14 0.4578125 0.40703125 0.08125 0.10625
14 0.3859375 0.38984375 0.096875 0.115625
3 0.321875 0.39140625 0.065625 0.0765625
3 0.26015625 0.37890625 0.071875 0.0828125
2 0.2046875 0.371875 0.06875 0.0796875
0 0.3640625 0.49453125 0.06875 0.0765625
1 0.43515625 0.51328125 0.0984375 0.075
28 0.51171875 0.52578125 0.075 0.078125
29 0.584375 0.54375 0.0953125 0.075
4 0.6578125 0.553125 0.0734375 0.08125
5 0.7359375 0.57890625 0.109375 0.078125
23 0.4171875 0.59765625 0.0828125 0.0890625
24 0.32578125 0.66171875 0.0671875 0.0671875
24 0.3796875 0.67578125 0.0625 0.071875
24 0.4328125 0.6859375 0.0625 0.071875
26 0.4734375 0.7 0.0421875 0.059375
30 0.51640625 0.71015625 0.065625 0.06875
12 0.56953125 0.7234375 0.0625 0.0703125
16 0.6265625 0.73203125 0.071875 0.0796875
6 0.70390625 0.74921875 0.0640625 0.075
27 0.202804909375 0.8459447796875 0.20561443437500002 0.8056164593749999 0.1331280125 0.7864958265625 0.1281569546875 0.8289193375 0.202804909375 0.8459447796875
27 0.2046889171875 0.8060653953125 0.2049742140625 0.761473390625 0.1287828578125 0.7441479421875 0.12588451875 0.7888608609375 0.2046889171875 0.8060653953125
25 0.2774361140625 0.8673688265624999 0.28199563437499997 0.8223499750000001 0.20641349375 0.8019987578125001 0.20463918906249998 0.8494455140625 0.2774361140625 0.8673688265624999
25 0.28199563437499997 0.8223499750000001 0.28610077500000003 0.7753562859375001 0.21016413437499998 0.7568226734375 0.2060855671875 0.8031926890625 0.28199563437499997 0.8223499750000001
25 0.3569137109375 0.8897349203125 0.3641319953125 0.8439752031250001 0.2838232578125 0.8264782531250001 0.2788160109375 0.868894728125 0.3569137109375 0.8897349203125
25 0.367749778125 0.833988190625 0.3770379078125 0.7905173234375 0.2961573875 0.7716515562499999 0.2920585234375 0.8180176265625001 0.367749778125 0.833988190625
25 0.4388480046875 0.903774821875 0.44823716874999997 0.86409661875 0.366231465625 0.8424967859375 0.361322471875 0.8843035218749999 0.4388480046875 0.903774821875
25 0.44897737187500003 0.8516637484375 0.45686885468750005 0.8110655875000001 0.3798280921875 0.78980200625 0.371216271875 0.833404334375 0.44897737187500003 0.8516637484375
31 0.5217920953124999 0.9255570562500001 0.53200574375 0.8816372546875 0.449666603125 0.8618591203125 0.440227903125 0.905300721875 0.5217920953124999 0.9255570562500001
31 0.527983834375 0.8764536125 0.538651865625 0.8345086437499999 0.4566654984375 0.812912571875 0.445494125 0.8566462109374999 0.527983834375 0.8764536125
17 0.6043995890625 0.9447585140625 0.618651896875 0.9016237468750001 0.5326306093750001 0.883645228125 0.5209843656250001 0.92540005 0.6043995890625 0.9447585140625
17 0.6206374640625001 0.8957213265625 0.629942346875 0.8478518546875 0.5497276171875 0.8215694515624999 0.5394433703125 0.8692485578125 0.6206374640625001 0.8957213265625
7 0.6880336296875 0.9673037000000001 0.7022859375 0.9241689328125 0.6176815953125 0.90332165 0.6040462390625 0.9465763421875 0.6880336296875 0.9673037000000001
7 0.7042882546875 0.9138679078124999 0.7230671078124999 0.8646957984375 0.6337351124999999 0.8423007171875 0.6217985453125 0.89406050625 0.7042882546875 0.9138679078124999
42 0.7505435421875 0.7081967796875 0.767029640625 0.6380846203125 0.7345356171875 0.632625928125 0.720964928125 0.7015897734375 0.7505435421875 0.7081967796875
41 0.7170295359375001 0.7012535640625 0.73469739375 0.6309423609375 0.702126653125 0.6228962421875 0.6873706140625 0.6950597015625 0.7170295359375001 0.7012535640625
38 0.68462108125 0.6926123468750001 0.70226955625 0.6242102765624999 0.6713806328125 0.61711770625 0.654399078125 0.6863749953125 0.68462108125 0.6926123468750001
39 0.65253508125 0.6860126703125 0.6675817515625 0.6185560234375 0.637480971875 0.612342234375 0.62291498125 0.6791667343750001 0.65253508125 0.6860126703125
37 0.622050934375 0.6786359890625 0.6354957515625 0.6119563453125 0.6051930453125001 0.6042521421875 0.5922269796874999 0.6728388 0.622050934375 0.6786359890625
35 0.5920327875 0.671349890625 0.60407960625 0.604398503125 0.5740316421875 0.5978321875 0.56074288125 0.6656305390624999 0.5920327875 0.671349890625
33 0.5602185953125 0.6633518828125 0.574595409375 0.5968534015625 0.54540464375 0.5908165000000001 0.52813259375 0.6567522046875001 0.5602185953125 0.6633518828125
36 0.48613436875 0.6464118328125 0.49738509375 0.5785801187499999 0.4590575390625 0.5696788328125 0.4438643375 0.6374697874999999 0.48613436875 0.6464118328125