11 0.9147046078125 0.051851853125 0.7865383515625 0.050333967187499995 0.7639705375 0.2239790109375 0.8895035468750001 0.22186137968750003 0.9147046078125 0.051851853125
8 0.7859568109375 0.049206349999999996 0.6539529265625 0.0545692078125 0.6525424671875 0.2239790109375 0.7639705375 0.22080258593750002 0.7859568109375 0.049206349999999996
10 0.6536816796875 0.0664021171875 0.5523980859375001 0.06198089375 0.546756240625 0.23033190312500001 0.6483109734375 0.2271554359375 0.6536816796875 0.0664021171875
9 0.5531525796875 0.0664021171875 0.4466118625 0.0693925609375 0.4452014 0.22927306718749998 0.55380865625 0.22927306718749998 0.5531525796875 0.0664021171875
9 0.44909614218750005 0.076984128125 0.3492885125 0.0842159359375 0.35069908125000004 0.23456712343750002 0.4452014 0.231390696875 0.44909614218750005 0.076984128125
19 0.352094378125 0.0862433875 0.26324917812500004 0.09162760156250001 0.2590176859375 0.231390696875 0.3492885125 0.22927306718749998 0.352094378125 0.0862433875
20 0.25861995000000004 0.0862433875 0.16874664374999998 0.0884511765625 0.1715677828125 0.23033190312500001 0.25760711718749996 0.231390696875 0.25861995000000004 0.0862433875
20 0.172200196875 0.09153439218750001 0.0897597265625 0.09586284375000001 0.0925806484375 0.22927306718749998 0.1729781375 0.23033190312500001 0.172200196875 0.09153439218750001
14 0.6466270062499999 0.25555555625 0.545345671875 0.25362571875 0.5481667031249999 0.39338881406250004 0.64549005 0.3944476484375 0.6466270062499999 0.25555555625
14 0.5478615734375001 0.25291005312500003 0.4522538140625 0.2525669234375 0.4564853078125 0.3912711828125 0.5523980859375001 0.39233001875 0.5478615734375001 0.25291005312500003
14 0.454387146875 0.25423280625 0.3605724203125 0.2557433484375 0.36198298906250004 0.3902123875 0.4564853078125 0.3912711828125 0.454387146875 0.25423280625
14 0.3609127203125 0.25555555625 0.26748045625 0.256802184375 0.28017493125000004 0.39233001875 0.3605724203125 0.3902123875 0.3609127203125 0.25555555625
14 0.2674382921875 0.25820105937500004 0.18426204375 0.2578609796875 0.19413538125000002 0.38174190625 0.277354009375 0.38491833125 0.2674382921875 0.25820105937500004
13 0.18454587656250002 0.25291005312500003 0.112327325 0.251508128125 0.1236112328125 0.379624275 0.19413538125000002 0.38174190625 0.18454587656250002 0.25291005312500003
3 0.763029121875 0.28862433906249996 0.6751101734375 0.2917429484375 0.6722891421875 0.39550644375 0.7639705375 0.39550644375 0.763029121875 0.28862433906249996
2 0.867085559375 0.28862433906249996 0.7696124906249999 0.2875076875 0.771022953125 0.39656523906249996 0.8683463015624999 0.39868286875000003 0.867085559375 0.28862433906249996
5 0.21452824062500003 0.420899471875 0.12079030937499999 0.41350624375 0.13489513749999998 0.4802114265625 0.2237556109375 0.486564196875 0.21452824062500003 0.420899471875
4 0.28154764062500004 0.4089947109375 0.20965078125 0.4050357625 0.21952411875000002 0.486564196875 0.2829958546875 0.488681828125 0.28154764062500004 0.4089947109375
29 0.38560407812499997 0.42751322812500003 0.2829958546875 0.42409435625 0.285816778125 0.49185825312500003 0.391603003125 0.49503471875000005 0.38560407812499997 0.42751322812500003
28 0.457914484375 0.41693121718750004 0.38596115625 0.4145650390625 0.3887820796875 0.4971523109375 0.46212726093749995 0.49926994062499996 0.457914484375 0.41693121718750004
1 0.5690255953125 0.432804234375 0.4564853078125 0.4293884125 0.4593062296875 0.5003287765625 0.5679134859375 0.5056228328125 0.5690255953125 0.432804234375
0 0.6501543421875 0.423544975 0.569323946875 0.4219767265625 0.569323946875 0.507740421875 0.6539529265625 0.5109168890625 0.6501543421875 0.423544975
15 0.65391415625 0.5313131328125 0.564311509375 0.526686996875 0.559823609375 0.6230388312499999 0.6468888515625 0.6311242781249999 0.65391415625 0.5313131328125
23 0.5652497328125 0.5262626265625 0.48083653281250005 0.5226442609374999 0.4817341 0.61697471875 0.559823609375 0.621691246875 0.5652497328125 0.5262626265625
24 0.6527918203125 0.6491582499999999 0.5813655453125001 0.645947640625 0.5822631125 0.7200644296875 0.6558646515625 0.7294974859375001 0.6527918203125 0.6491582499999999
24 0.58432941875 0.6424242437500001 0.5122518375 0.6412311125 0.5167397375 0.7086100109375 0.5867510125 0.716695484375 0.58432941875 0.6424242437500001
24 0.508010675 0.6373737375 0.438650296875 0.634493221875 0.447626096875 0.711305228125 0.5122518375 0.7119789562500001 0.508010675 0.6373737375
26 0.4462822796875 0.633164984375 0.403644590625 0.6317980828125 0.4054398609375 0.69917698125 0.44672853124999995 0.7025459265625 0.4462822796875 0.633164984375
16 0.33853817343750003 0.615488215625 0.2842665484375 0.6109106078125001 0.28606168125 0.6823322562499999 0.3461995203125 0.6897439249999999 0.33853817343750003 0.615488215625
12 0.274565109375 0.6112794625 0.21246014062500002 0.6075416625 0.2187431734375 0.6809846734375 0.2806761453125 0.685027396875 0.274565109375 0.6112794625
6 0.2105920453125 0.6070707078125 0.1514246671875 0.6034989390625001 0.1577077 0.6735730046875 0.216948040625 0.6776157281249999 0.2105920453125 0.6070707078125
27 0.8312429984374999 0.9244107749999999 0.719592825 0.9060564171875001 0.7142073578125 0.958611953125 0.8264048703125001 0.975456678125 0.8312429984374999 0.9244107749999999
27 0.8289983296875001 0.8562289562500001 0.7249783609375 0.839351321875 0.7169001265625 0.8878641093749999 0.8308927703125001 0.9080777781249999 0.8289983296875001 0.8562289562500001
27 0.61008808125 0.871019384375 0.7133978812499999 0.8890572390625 0.7222855921875 0.8380037390625 0.62444935 0.8225065984375 0.61008808125 0.871019384375
27 0.712275546875 0.901683503125 0.6091905140625 0.8865165515625 0.6082929484374999 0.9397458671875001 0.713309790625 0.9559168124999999 0.712275546875 0.901683503125
25 0.6078984421875 0.884006734375 0.504173603125 0.8683242437500001 0.505968803125 0.9208797796875 0.6082929484374999 0.9397458671875001 0.6078984421875 0.884006734375
25 0.615754784375 0.80488215625 0.5221252046875 0.7969025953125 0.5113542703125 0.8420464624999999 0.6136784140625 0.8521532984375 0.615754784375 0.80488215625
25 0.49678733125 0.8663299671875 0.40454222656249994 0.8548484640625 0.40723499375000005 0.9060564171875001 0.5050712374999999 0.9229011421875001 0.49678733125 0.8663299671875
25 0.6224887906250001 0.7670033671875001 0.53558890625 0.755801478125 0.5221252046875 0.7935336515625 0.61906388125 0.8016191234375001 0.6224887906250001 0.7670033671875001
25 0.5327020328125001 0.75521885625 0.4485236640625 0.7456946421875 0.43236726406250003 0.783426828125 0.5221252046875 0.79218609375 0.5327020328125001 0.75521885625
25 0.5181116859375 0.808249159375 0.42608409375 0.7948812328125 0.4054398609375 0.8386775171874999 0.5005833375 0.85147951875 0.5181116859375 0.808249159375
31 0.39577723125 0.85538720625 0.30760354843750004 0.8433940468750001 0.3085011828125 0.8912330531249999 0.40274709218750004 0.907404 0.39577723125 0.85538720625
31 0.421590921875 0.803198653125 0.3399164859375 0.7874695515625 0.3049107796875 0.8278969046875 0.395566425 0.841372684375 0.421590921875 0.803198653125
17 0.3374158375 0.7813131328125 0.2600317765625 0.7699510484375 0.22143594218749998 0.8083570140624999 0.3049107796875 0.8225065984375 0.3374158375 0.7813131328125
17 0.3037458046875 0.8351851859374999 0.2250262078125 0.82385415625 0.232206875 0.8750621328125 0.31119395 0.8851689687500001 0.3037458046875 0.8351851859374999
7 0.2184483859375 0.8242424249999999 0.142448865625 0.810378375 0.1487318984375 0.8622601328125 0.22951410781249998 0.873040771875 0.2184483859375 0.8242424249999999
7 0.2925224609375 0.7383838390624999 0.21784553906249998 0.7275023359375 0.18014720312500002 0.7598442140625 0.2609294109375 0.7726462015625 0.2925224609375 0.7383838390624999
7 0.2566077578125 0.771212121875 0.17835206875 0.7598442140625 0.137960965625 0.7955550375 0.2187431734375 0.8083570140624999 0.2566077578125 0.771212121875
36 0.4806404390625 0.5306481484375001 0.43281625312500005 0.5266032796875 0.4303479078125 0.608131753125 0.47922115156249995 0.612208171875 0.4806404390625 0.5306481484375001
34 0.4257021671875 0.5269444437499999 0.3799936796875 0.5232680249999999 0.3814747015625 0.6047964921875 0.426398578125 0.6073905828124999 0.4257021671875 0.5269444437499999
33 0.37817130312499997 0.522777778125 0.34395582343750003 0.52030335625 0.34642416875 0.600720075 0.377525334375 0.604055321875 0.37817130312499997 0.522777778125
35 0.34298611874999996 0.5195370375 0.3113736734375 0.5180798515625 0.3118673359375 0.598125984375 0.3444495234375 0.600720075 0.34298611874999996 0.5195370375
37 0.31027006875 0.516759259375 0.2773105390625 0.5158563468749999 0.27928518593749996 0.595161315625 0.3098926890625 0.59664364375 0.31027006875 0.516759259375
39 0.2732330328125 0.5153703703125 0.24275370624999998 0.5143740125 0.2481840203125 0.592937803125 0.2778041625 0.5944201453125 0.2732330328125 0.5153703703125
38 0.2411342671875 0.5125925921875 0.20819687187499997 0.51140934375 0.2156019078125 0.58960255625 0.246702996875 0.5918260546874999 0.2411342671875 0.5125925921875
39 0.20594908125 0.51305555625 0.1746273625 0.5099270015624999 0.18450074375 0.5877496375 0.215108209375 0.5899731359375 0.20594908125 0.51305555625
42 0.1732330328125 0.5079629625 0.1445135203125 0.5065917468750001 0.15191855625 0.585155546875 0.1830197203125 0.5870084671875 0.1732330328125 0.5079629625