19 0.5640625 0.26015625 0.1171875 0.165625
14 0.665625 0.27578125 0.121875 0.15625
13 0.76953125 0.28359375 0.1359375 0.165625
9 0.88046875 0.29609375 0.13125 0.159375
29 0.6515625 0.58359375 0.121875 0.08125
7 0.54453125 0.565625 0.1109375 0.075
15 0.77734375 0.7140625 0.1125 0.1078125
24 0.61015625 0.68828125 0.084375 0.0875
23 0.68984375 0.69765625 0.103125 0.10625
31 0.52734375 0.67421875 0.10625 0.075
38 0.52734375 0.428125 0.0453125 0.090625
39 0.5671875 0.434375 0.0484375 0.09375
40 0.6046875 0.4390625 0.0484375 0.0921875
41 0.6421875 0.44453125 0.046875 0.09375
42 0.68046875 0.44921875 0.046875 0.0953125
35 0.72109375 0.45390625 0.0515625 0.096875
33 0.7625 0.4609375 0.0515625 0.096875
37 0.8152853375 0.5147345390625 0.8372206765625 0.42212130625000005 0.798221403125 0.4160617734375 0.7756134796875 0.50837001875 0.8152853375 0.5147345390625
18 0.8620503890625001 0.506537571875 0.8795495624999999 0.42856247812500003 0.839913403125 0.42217653750000006 0.8216048468749999 0.5010736312499999 0.8620503890625001 0.506537571875
25 0.784293928125 0.8967647718749999 0.7960296203125 0.8318840828124999 0.6831564734375 0.80768198125 0.674202234375 0.8698060171875 0.784293928125 0.8967647718749999
25 0.772012928125 0.9589781468749999 0.7847878140625 0.8964272453125 0.674674890625 0.8713575140625001 0.6653082593749999 0.9314396359374999 0.772012928125 0.9589781468749999
25 0.6559902140625 0.9263129265625001 0.6665074546875001 0.8669781703125 0.5657784640625 0.840065090625 0.5565924812499999 0.898675925 0.6559902140625 0.9263129265625001
25 0.673548925 0.8697258 0.682941040625 0.8074259171874999 0.57727669375 0.78422729375 0.5680304453125 0.843328546875 0.673548925 0.8697258
27 0.548792178125 0.8379794374999999 0.55590035 0.7750354500000001 0.46321390625000003 0.7518027218750001 0.45337456875 0.81033331875 0.548792178125 0.8379794374999999
27 0.538248390625 0.891445309375 0.5451851375000001 0.835289834375 0.448680921875 0.8107526421875001 0.442529696875 0.8662513374999999 0.538248390625 0.891445309375
18 0.775 0.59375 0.1390625 0.0984375