10 0.7171875 0.21875 0.10625 0.1328125
9 0.6171875 0.22109375 0.0921875 0.13125
8 0.52734375 0.21953125 0.1 0.140625
22 0.43984375 0.2234375 0.0796875 0.1265625
22 0.35703125 0.221875 0.0859375 0.1296875
21 0.26875 0.2171875 0.084375 0.1375
19 0.17109375 0.2140625 0.1046875 0.1453125
13 0.34609375 0.36328125 0.0921875 0.1234375
14 0.4328125 0.36484375 0.08125 0.11875
14 0.51875 0.365625 0.0875 0.1203125
14 0.6046875 0.36796875 0.0859375 0.115625
3 0.67265625 0.384375 0.05625 0.0765625
3 0.73125 0.3828125 0.0671875 0.0734375
2 0.79609375 0.38359375 0.0609375 0.0828125
5 0.20859375 0.496875 0.103125 0.0671875
4 0.290625 0.48984375 0.0625 0.0796875
29 0.37578125 0.49609375 0.1046875 0.0703125
28 0.4578125 0.48828125 0.065625 0.078125
1 0.540625 0.4953125 0.0984375 0.065625
0 0.625 0.4875 0.06875 0.0828125
15 0.61953125 0.58359375 0.075 0.08125
24 0.634375 0.6921875 0.0671875 0.0765625
24 0.56875 0.690625 0.0640625 0.0859375
24 0.50625 0.68828125 0.0609375 0.084375
26 0.4546875 0.7 0.04375 0.06875
12 0.403125 0.6921875 0.0640625 0.08125
30 0.33984375 0.6890625 0.0640625 0.075
16 0.271875 0.69453125 0.0671875 0.0765625
6 0.2046875 0.69140625 0.071875 0.08125
27 0.8046875 0.86484375 0.109375 0.0640625
27 0.8 0.925 0.103125 0.059375
25 0.69921875 0.921875 0.103125 0.0625
25 0.70234375 0.8625 0.1 0.0625
25 0.5984375 0.9171875 0.0984375 0.0609375
25 0.5984375 0.859375 0.1015625 0.0640625
25 0.60078125 0.8 0.1015625 0.0625
25 0.49765625 0.91796875 0.1015625 0.0609375
25 0.4953125 0.85859375 0.1 0.0609375
25 0.49765625 0.79921875 0.103125 0.065625
31 0.39609375 0.8625 0.1 0.0640625
31 0.3984375 0.9203125 0.103125 0.0609375
31 0.3921875 0.79609375 0.1 0.065625
17 0.28984375 0.8 0.109375 0.065625
17 0.29375 0.85859375 0.1046875 0.0703125
17 0.2984375 0.91875 0.1 0.0609375
7 0.19921875 0.9171875 0.1015625 0.0609375
7 0.18984375 0.85859375 0.10625 0.0671875
7 0.18203125 0.7953125 0.1046875 0.0640625
36 0.46875 0.5796875 0.0484375 0.0796875
34 0.415625 0.58046875 0.0484375 0.0796875
33 0.371875 0.58125 0.0328125 0.078125
41 0.1921875 0.5796875 0.034375 0.08125
35 0.3524110109375 0.61884149375 0.34538771874999996 0.540517690625 0.31326211718749997 0.543558309375 0.32017864218750003 0.618793359375 0.3524110109375 0.61884149375
39 0.2797190234375 0.6186016125 0.27599960625 0.546509259375 0.2453514046875 0.5444308484375 0.24747767812500002 0.6190678015625 0.2797190234375 0.6186016125
18 0.209375 0.359375 0.1765625 0.11875
18 0.5375 0.5828125 0.084375 0.078125
18 0.22734375 0.575 0.0296875 0.0671875
18 0.29765625 0.57734375 0.0328125 0.0609375