19 0.49765625 0.2421875 0.096875 0.1390625
14 0.40078125 0.2484375 0.103125 0.1390625
13 0.31484375 0.25625 0.0875 0.134375
9 0.2265625 0.2609375 0.1015625 0.1328125
7 0.47578125 0.52109375 0.1 0.0640625
29 0.38203125 0.5265625 0.0953125 0.0609375
5 0.28828125 0.52890625 0.096875 0.0625
31 0.5 0.61171875 0.0921875 0.0640625
24 0.4265625 0.6109375 0.0609375 0.0640625
23 0.36328125 0.60859375 0.071875 0.0734375
15 0.29140625 0.61328125 0.0734375 0.0765625
27 0.5046875 0.76953125 0.090625 0.0546875
27 0.50546875 0.71953125 0.0921875 0.05625
25 0.40546875 0.7765625 0.0953125 0.05625
25 0.31171875 0.72890625 0.0953125 0.059375
25 0.31328125 0.7796875 0.090625 0.0484375
39 0.51953125 0.39296875 0.0375 0.0828125
38 0.48359375 0.39453125 0.0375 0.0828125
40 0.44921875 0.39609375 0.0359375 0.0828125
41 0.4344553203125 0.4365996296875 0.4245859875 0.35637348593749996 0.393388315625 0.3591674828125 0.4021201875 0.438680571875 0.4344553203125 0.4365996296875
42 0.3990387265625 0.438842065625 0.3906697421875 0.3577646296875 0.3594034609375 0.3594032265625 0.367730746875 0.4408691796875 0.3990387265625 0.438842065625
35 0.3651426734375 0.44061848125 0.3547395734375 0.36003398125 0.3224575640625 0.3621121421875 0.332807540625 0.4426994265625 0.3651426734375 0.44061848125
33 0.3301790828125 0.4416781828125 0.31981636562500004 0.361864228125 0.2864784921875 0.3636113921875 0.297330375 0.44378604218750006 0.3301790828125 0.4416781828125
37 0.2958098359375 0.44425206250000004 0.281257740625 0.3631123375 0.2484850078125 0.3659888796875 0.2629409359375 0.44597464843749995 0.2958098359375 0.44425206250000004
32 0.2603528609375 0.4457239515625 0.23855011875 0.363805221875 0.2038336359375 0.369101621875 0.22748396093749998 0.4474465375 0.2603528609375 0.4457239515625