11 0.1125 0.17109375 0.1375 0.1765625
10 0.221875 0.15546875 0.1359375 0.1765625
9 0.3375 0.1390625 0.1296875 0.1765625
8 0.446875 0.12890625 0.1265625 0.1671875
20 0.54296875 0.12265625 0.103125 0.1484375
20 0.6390625 0.10546875 0.1171875 0.1578125
19 0.7296875 0.09609375 0.1140625 0.1578125
19 0.8296875 0.08515625 0.1203125 0.1546875
14 0.37265625 0.3109375 0.109375 0.14375
14 0.4625 0.30078125 0.1015625 0.1359375
14 0.55703125 0.28359375 0.1234375 0.1484375
3 0.29375 0.340625 0.084375 0.1046875
3 0.21875 0.3484375 0.0859375 0.103125
2 0.1421875 0.3578125 0.0890625 0.1078125
13 0.6609375 0.26796875 0.1140625 0.1515625
13 0.7640625 0.25390625 0.121875 0.1546875
13 0.8625 0.2421875 0.121875 0.15625
0 0.36875 0.45390625 0.0859375 0.0890625
1 0.46484375 0.44453125 0.1203125 0.090625
28 0.5578125 0.4203125 0.0875 0.096875
29 0.6515625 0.4203125 0.1140625 0.08125
4 0.746875 0.3953125 0.084375 0.096875
5 0.8390625 0.390625 0.121875 0.090625
15 0.37890625 0.5609375 0.0953125 0.090625
23 0.46640625 0.54609375 0.0953125 0.0921875
24 0.38125 0.6828125 0.0859375 0.0921875
24 0.45625 0.67265625 0.08125 0.090625
24 0.52265625 0.66015625 0.0765625 0.0890625
26 0.5859375 0.6546875 0.059375 0.0765625
30 0.64375 0.6421875 0.078125 0.0859375
16 0.715625 0.6296875 0.08125 0.0859375
12 0.7875 0.6203125 0.0765625 0.084375
6 0.85703125 0.60859375 0.0890625 0.09375
27 0.24140625 0.959375 0.115625 0.0765625
27 0.22421875 0.9015625 0.11875 0.0765625
25 0.34921875 0.9421875 0.1171875 0.0796875
25 0.45546875 0.91953125 0.1125 0.075
25 0.56171875 0.90234375 0.1109375 0.0734375
31 0.66484375 0.88671875 0.1109375 0.0734375
31 0.6578125 0.828125 0.1140625 0.0765625
31 0.64765625 0.76015625 0.115625 0.0734375
17 0.76875 0.86875 0.1109375 0.0765625
17 0.7640625 0.80859375 0.1125 0.0765625
17 0.7546875 0.74296875 0.1125 0.078125
7 0.88046875 0.85 0.1125 0.075
7 0.87109375 0.79140625 0.1140625 0.0765625
7 0.86171875 0.72109375 0.115625 0.08125
36 0.540625 0.53046875 0.0640625 0.090625
34 0.5984375 0.52265625 0.0625 0.090625
33 0.6453125 0.515625 0.0484375 0.0875
35 0.6828125 0.509375 0.0484375 0.090625
37 0.721875 0.50390625 0.0484375 0.0921875
39 0.783584771875 0.53873555 0.7768110953125 0.45651799375 0.7378896546875 0.461961415625 0.7479501468749999 0.5443795203125 0.783584771875 0.53873555
39 0.8207931609375001 0.5339240125 0.8135738 0.44889253125 0.77874730625 0.45585076406249997 0.7842207812499999 0.5397165078125 0.8207931609375001 0.5339240125
42 0.895154225 0.5239492 0.8880694796874999 0.43673301093749994 0.8549461734375001 0.4452243078125 0.8594081796875 0.5288896890625 0.895154225 0.5239492