11 0.59453125 0.11015625 0.1140625 0.1625
10 0.5566638890625 0.193588240625 0.5398773718750001 0.058516084375 0.47382540000000006 0.075955040625 0.4895266234375 0.2139590921875 0.5566638890625 0.193588240625
9 0.4871893140625 0.2151789578125 0.4677095390625 0.07857173281249999 0.40312574999999995 0.097696178125 0.422276515625 0.233410921875 0.4871893140625 0.2151789578125
8 0.42361443281250005 0.234179525 0.40971367656249996 0.112746234375 0.35916825937499997 0.12454970781250001 0.37172609218749997 0.24708076874999998 0.42361443281250005 0.234179525
20 0.3691631 0.24646258593749998 0.3576030609375 0.134070684375 0.3042817453125 0.14341635625 0.3137123765625 0.2607341125 0.3691631 0.24646258593749998
19 0.282650315625 0.2710782125 0.2681831609375 0.165573415625 0.20887109375000001 0.17658754062499998 0.225974515625 0.285500159375 0.282650315625 0.2710782125
19 0.2281989828125 0.2833612703125 0.2080433015625 0.18228645625 0.15609620468750002 0.1923962765625 0.17987302656249998 0.2948922296875 0.2281989828125 0.2833612703125
2 0.65646011875 0.32779688125 0.6536870359375 0.2357823046875 0.591385453125 0.2434319765625 0.5929818921875001 0.3374567859375 0.65646011875 0.32779688125
3 0.594094125 0.33638734062500003 0.58819434375 0.24942107343750003 0.535596203125 0.2549464328125 0.5417544171875 0.3456124875 0.594094125 0.33638734062500003
3 0.5430923359375 0.3463810921875 0.5331657328125 0.257110615625 0.48570664687500004 0.2638707390625 0.49397648437499997 0.3514788796875 0.5430923359375 0.3463810921875
14 0.493202778125 0.355305396875 0.47899216874999995 0.24137318593749998 0.415957828125 0.252844346875 0.43094962499999995 0.3648148828125 0.493202778125 0.355305396875
14 0.42827379062500004 0.363277675 0.41306400468750004 0.26159557968749997 0.3622963890625 0.2715605765625 0.379383625 0.3702135109375 0.42827379062500004 0.363277675
14 0.3770463171875 0.37143337656250003 0.3588252890625 0.27571829375 0.307732215625 0.2829246125 0.332943609375 0.3768485078125 0.3770463171875 0.37143337656250003
13 0.33228274375 0.38159405 0.3118100265625 0.2777595234375 0.2702062515625 0.2912637390625 0.28316689375 0.3866918375 0.33228274375 0.38159405
13 0.282054659375 0.3877612828125 0.268486759375 0.2896091078125 0.23056866406249998 0.3026607796875 0.24262657031249998 0.39073668437500003 0.282054659375 0.3877612828125
13 0.24028926093749997 0.3919565484375 0.229065271875 0.3028453734375 0.1868044828125 0.3108329828125 0.19741162968749998 0.397221259375 0.24028926093749997 0.3919565484375
1 0.476577378125 0.45561004218749995 0.468902721875 0.3943604078125 0.3969578171875 0.40132837343750005 0.4040292484375 0.45892055625 0.476577378125 0.45561004218749995
29 0.372252521875 0.46344416875 0.36448864531249997 0.4084246828125 0.3031858390625 0.4140859625 0.3122560546875 0.46770120937500004 0.372252521875 0.46344416875
4 0.3113641078125 0.46718880625 0.301640578125 0.40308114375 0.2704955859375 0.40441758906249997 0.2776530359375 0.46946224687500004 0.3113641078125 0.46718880625
5 0.2785449796875 0.46997465 0.26957658281249997 0.41883458124999995 0.21728012031250002 0.42339002031249995 0.2266404546875 0.4726162078125 0.2785449796875 0.46997465
15 0.5377136765625 0.5619147453125 0.53292055625 0.48351947187500005 0.47796385468749997 0.4871577078125 0.48045748125000004 0.5614818859375 0.5377136765625 0.5619147453125
23 0.478974503125 0.5629078125 0.4745331796875 0.480737825 0.42359838749999995 0.4832603125 0.4220836546875 0.5586985765625 0.478974503125 0.5629078125
24 0.5505560796875 0.6530039234375 0.54598903125 0.5764466500000001 0.4930307265625 0.5761079953125 0.49938225156250005 0.6480927265624999 0.5505560796875 0.6530039234375
24 0.501015684375 0.647892165625 0.49362093749999997 0.5754136078125 0.451517834375 0.5756078625 0.45912665312499995 0.644328615625 0.501015684375 0.647892165625
24 0.45749321875 0.6445291765625 0.45209836562500005 0.5749146625 0.411638375 0.5749071671875 0.4173128484375 0.6413777515625 0.45749321875 0.6445291765625
12 0.3545987640625 0.633426428125 0.3517428921875 0.5721033859375 0.31817742656250003 0.5731151078125001 0.3196285484375 0.6299462359375 0.3545987640625 0.633426428125
16 0.3196912375 0.630456803125 0.31850226406250004 0.571520425 0.2851863109375 0.568873646875 0.2854643078125 0.6274036140625 0.3196912375 0.630456803125
6 0.2861449046875 0.627320046875 0.2848854984375 0.5678740484375 0.25244595625 0.5666744609375 0.25476574531249996 0.6249537265625 0.2861449046875 0.627320046875
27 0.680194584375 0.8432526796875001 0.6754918375 0.7831929375 0.591089515625 0.770234253125 0.5993466093750001 0.8262297109375 0.680194584375 0.8432526796875001
27 0.6854875218750001 0.903239953125 0.6794854640625 0.8438580124999999 0.5947078078125 0.8278358156250001 0.5999290625 0.8816126953125 0.6854875218750001 0.903239953125
25 0.5873466171875 0.8297761890625001 0.5810102953125 0.7678439609375001 0.5046086890625 0.7523481125 0.5108866828124999 0.8091048390625 0.5873466171875 0.8297761890625001
25 0.5994365359375 0.8832279703125 0.5930476437500001 0.8264848609375001 0.520853875 0.8115088874999999 0.5242124125000001 0.8613683484375001 0.5994365359375 0.8832279703125
25 0.523469128125 0.8609413453125001 0.5168838984375 0.8083684734375 0.45034023906250004 0.7942535546875 0.45617040781249996 0.8417364734375001 0.523469128125 0.8609413453125001
25 0.4556778796875 0.843351746875 0.4498834609375 0.7917183078125001 0.3909669203125 0.7777034265625 0.3983463546875 0.82655091875 0.4556778796875 0.843351746875
31 0.37691659375 0.72967501875 0.36885054687499996 0.680074634375 0.31650558906250004 0.67394379375 0.3255761703125 0.7205504390625 0.37691659375 0.72967501875
31 0.3902712203125 0.77611445 0.3812270859375 0.7302221578125 0.33003381875 0.7217971078125001 0.3368724625 0.765807403125 0.3902712203125 0.77611445
31 0.397928253125 0.8228946578125 0.3908999453125 0.7778312515625 0.3399599625 0.7675811046875001 0.3491545203125 0.8113021296875 0.397928253125 0.8228946578125
17 0.347393765625 0.8086479234375 0.3385556890625 0.764524328125 0.292128596875 0.7558728671875 0.30294748125000004 0.7972416515625 0.347393765625 0.8086479234375
17 0.3371700421875 0.764335665625 0.3281572453125 0.7187983250000001 0.2804045234375 0.7110272296875 0.2869393609375 0.752563228125 0.3371700421875 0.764335665625
7 0.286040396875 0.75303240625 0.2796762609375 0.7096814499999999 0.23394953125 0.70273799375 0.23971560625000002 0.7458035828125 0.286040396875 0.75303240625
7 0.2972932890625 0.7979358999999999 0.2919164828125 0.7548225125 0.2426295046875 0.7461634 0.247533790625 0.7861056078125 0.2972932890625 0.7979358999999999
36 0.4242797875 0.553609046875 0.42170891718750003 0.48595777812499996 0.3941763203125 0.4856734734375 0.3964737921875 0.5550241671875 0.4242797875 0.553609046875
34 0.3955584359375 0.5548033875 0.3881668875 0.48774402187500004 0.3620756546875 0.48828225468750003 0.36846629062499997 0.554798171875 0.3955584359375 0.5548033875
33 0.36790786249999996 0.5538672250000001 0.35939849375 0.4886109671875 0.3412297875 0.4885096046875 0.349169028125 0.5531695234375 0.36790786249999996 0.5538672250000001
35 0.347620425 0.5550255234375 0.338150421875 0.489220875 0.32054512343749997 0.49004985 0.3271717828125 0.5548709328125 0.347620425 0.5550255234375
39 0.31058028125 0.5535763984375001 0.301902009375 0.49067307812500005 0.2842649140625 0.49117278593749997 0.2926762 0.5524430312499999 0.31058028125 0.5535763984375001
38 0.2932749296875 0.5537022015625 0.2851108421875 0.491402090625 0.269147196875 0.49102998124999997 0.27712095468750003 0.5523539484375 0.2932749296875 0.5537022015625
41 0.2768849328125 0.554048784375 0.2686364078125 0.49109269843750003 0.252958703125 0.493017678125 0.2603337328125 0.553082475 0.2768849328125 0.554048784375