11 0.2262120796875 0.21203703749999997 0.1978237484375 0.045370370312500005 0.07822145 0.04444444375 0.108955925 0.21111111093749999 0.2262120796875 0.21203703749999997
10 0.31631417812499996 0.2175925921875 0.3052057 0.0666666671875 0.2078510796875 0.05 0.2249778046875 0.2138888890625 0.31631417812499996 0.2175925921875
9 0.40888482656249997 0.22407407343750002 0.40888482656249997 0.0740740734375 0.3152584875 0.06851851875000001 0.3212512796875 0.2203703703125 0.40888482656249997 0.22407407343750002
8 0.4854098953125 0.22777777812500002 0.48047279375 0.097222221875 0.4066165125 0.1 0.40765054999999994 0.22407407343750002 0.4854098953125 0.22777777812500002
20 0.5742777171875 0.23240740781250002 0.5656377906250001 0.0981481484375 0.48439429062499995 0.0898148140625 0.494049821875 0.22870370312500002 0.5742777171875 0.23240740781250002
20 0.643397134375 0.2398148140625 0.639694309375 0.10833333281249999 0.5671103390625001 0.102777778125 0.5742777171875 0.23611111093749998 0.643397134375 0.2398148140625
19 0.6977052484375 0.2388888890625 0.703876625 0.11851851875 0.647357253125 0.1148148140625 0.644631409375 0.23518518593749999 0.6977052484375 0.2388888890625
19 0.7581847374999999 0.2398148140625 0.7643561140624999 0.12407407343750002 0.701678240625 0.12129629687500001 0.6977052484375 0.2388888890625 0.7581847374999999 0.2398148140625
14 0.41519470781249995 0.36823361875 0.4104474953125 0.24430199375 0.321328940625 0.23646723593750002 0.33354264843750003 0.3703703703125 0.41519470781249995 0.36823361875
14 0.493048996875 0.3675213671875 0.4902006671875 0.247150996875 0.4134467 0.24216524218750002 0.4199419203125 0.36965811875 0.493048996875 0.3675213671875
14 0.5661560718749999 0.3646723640625 0.5642571875 0.25 0.49511811406249995 0.24857549843750001 0.4968467671875 0.3675213671875 0.5661560718749999 0.3646723640625
13 0.61267875625 0.3639601140625 0.61267875625 0.2507122515625 0.56444385 0.24857549843750001 0.56330774375 0.36823361875 0.61267875625 0.3639601140625
13 0.6715441953125 0.358974359375 0.6734430796875001 0.2549857546875 0.6128768984375 0.25 0.6117293140625 0.3625356125 0.6715441953125 0.358974359375
13 0.7427523859375 0.3582621078125 0.7456007140625001 0.2549857546875 0.6803033 0.25213675156250004 0.680089178125 0.3611111109375 0.7427523859375 0.3582621078125
2 0.2025195765625 0.37108262187499996 0.17973295625000002 0.2670940171875 0.1133517328125 0.2756410265625 0.13985636875000002 0.3732193734375 0.2025195765625 0.37108262187499996
3 0.2680311125 0.372507121875 0.246193934375 0.27635327656249997 0.18362713749999998 0.2756410265625 0.20536790468750002 0.3732193734375 0.2680311125 0.372507121875
3 0.33259320625 0.36965811875 0.3088571421875 0.2735042734375 0.24725486718749998 0.2770655265625 0.2642333421875 0.37108262187499996 0.33259320625 0.36965811875
0 0.41614414999999993 0.4707977203125 0.406649725 0.3917378921875 0.3393726265625 0.39743589687499997 0.3487337296875 0.477920228125 0.41614414999999993 0.4707977203125
1 0.4939984375 0.46225071250000005 0.4911501109375 0.40028490000000005 0.40774869375 0.40598290625000005 0.41329582187499997 0.4707977203125 0.4939984375 0.46225071250000005
28 0.5203125 0.42265625 0.05 0.0703125
29 0.6193248546875 0.446581196875 0.6183754125 0.3924501421875 0.5426014968749999 0.396723646875 0.5452683359375 0.4572649578125 0.6193248546875 0.446581196875
4 0.6629992125 0.44373219375 0.66204976875 0.37820512812499996 0.6195245734375 0.38034188125 0.6221731828125 0.44800569843750004 0.6629992125 0.44373219375
5 0.738954615625 0.4366096875 0.7380051734374999 0.3853276359375 0.66415895 0.3860398859375 0.6658475390625 0.44230769218750005 0.738954615625 0.4366096875
15 0.3828125 0.540625 0.0875 0.06875
23 0.45390625 0.528125 0.06875 0.0765625
24 0.4123463796875 0.65669515625 0.406649725 0.59330484375 0.342221628125 0.596866096875 0.3525314984375 0.6688034187499999 0.4123463796875 0.65669515625
24 0.4664646046875 0.646011396875 0.46171739218749996 0.584045584375 0.40774869375 0.5925925921874999 0.41424526406249995 0.658831909375 0.4664646046875 0.646011396875
24 0.5234311578125 0.6367521375 0.5234311578125 0.5769230765625 0.46567841874999993 0.58190883125 0.4664646046875 0.6481481484375 0.5234311578125 0.6367521375
26 0.54140625 0.6046875 0.040625 0.053125
12 0.6373642625 0.615384615625 0.6373642625 0.5562678062499999 0.588185540625 0.5641025640625 0.5917910203125001 0.6217948718749999 0.6373642625 0.615384615625
16 0.6829375046874999 0.6032763531249999 0.6810386203125 0.546296296875 0.63756825625 0.553418803125 0.6392631484375 0.6132478625 0.6829375046874999 0.6032763531249999
27 0.31455379687499996 0.902421653125 0.3079077 0.8468660968749999 0.2149661671875 0.8760683765625 0.2177106578125 0.9316239312500001 0.31455379687499996 0.902421653125
27 0.2984132734375 0.8326210828124999 0.294615503125 0.777777778125 0.2016708203125 0.79985755 0.20536790468750002 0.8575498578125 0.2984132734375 0.8326210828124999
25 0.4000036265625 0.8198005687500001 0.3924080859375 0.7635327640625 0.300436253125 0.7863247859375 0.3060088140625 0.84330484375 0.4000036265625 0.8198005687500001
25 0.4047508390625 0.86965811875 0.4000036265625 0.8169515671875001 0.3099329296875 0.8418803421875 0.3183515671875 0.8967236468750001 0.4047508390625 0.86965811875
25 0.48545345624999997 0.746438746875 0.482605128125 0.6937321937500001 0.39825201875 0.7136752140625 0.399054184375 0.7670940171875 0.48545345624999997 0.746438746875
25 0.4797568 0.7977207984375 0.4788073578125 0.746438746875 0.3954030140625 0.7678062671875 0.399054184375 0.8212250718749999 0.4797568 0.7977207984375
25 0.4845040140625 0.8447293437500001 0.48165568593749997 0.7991452984375 0.40205068906249997 0.8212250718749999 0.4047508390625 0.86965811875 0.4845040140625 0.8447293437500001
25 0.56330774375 0.778490028125 0.5585605328125001 0.725071225 0.48182276718750006 0.7428774921875 0.4845040140625 0.7991452984375 0.56330774375 0.778490028125
25 0.5585605328125001 0.8240740734375 0.5576110890625 0.7792022796875 0.48182276718750006 0.797008546875 0.4835545703125 0.84401709375 0.5585605328125001 0.8240740734375
31 0.6316676078125 0.803418803125 0.6288192796875001 0.7549857546875 0.5596955125 0.772079771875 0.5604594171875 0.821937321875 0.6316676078125 0.803418803125
31 0.625021509375 0.753561253125 0.6221731828125 0.70584045625 0.5539975078125 0.7236467234374999 0.5604594171875 0.7742165234375 0.625021509375 0.753561253125
17 0.689583603125 0.784188034375 0.689583603125 0.7400284890625 0.6261722453125 0.7528490031249999 0.6316676078125 0.803418803125 0.689583603125 0.784188034375
17 0.694330815625 0.740740740625 0.6962297015625001 0.6944444437499999 0.630920584375 0.7086894578125 0.629768721875 0.7585470078125 0.694330815625 0.740740740625
17 0.686735275 0.6951566953125 0.686735275 0.647435896875 0.620474240625 0.6609686609375001 0.6183754125 0.7115384609375 0.686735275 0.6951566953125
7 0.7617412375 0.6801994312499999 0.758892909375 0.633903134375 0.6916993109375 0.646011396875 0.6905330453125 0.6923076921875 0.7617412375 0.6801994312499999
7 0.7550951390625 0.7207977203125 0.754145696875 0.68091168125 0.6954979812500001 0.6951566953125 0.69717914375 0.7378917375 0.7550951390625 0.7207977203125
7 0.748449040625 0.7635327640625 0.74655015625 0.722222221875 0.687900640625 0.7400284890625 0.68768471875 0.7820512828124999 0.748449040625 0.7635327640625
36 0.5227506187500001 0.5529835390625 0.5206934921874999 0.4830246921875 0.4865290640625 0.48662551406250004 0.48846519375 0.5601851859375 0.5227506187500001 0.5529835390625
34 0.5595558281249999 0.547758284375 0.555658115625 0.48099415156249997 0.5207013484374999 0.48294346875 0.5270748984375 0.5531189078125001 0.5595558281249999 0.547758284375
33 0.586190190625 0.544346978125 0.5848909531250001 0.47709551718750004 0.5609872484375 0.48001949374999997 0.5641031578125 0.547758284375 0.586190190625 0.544346978125
35 0.6115253140625 0.54044834375 0.610226078125 0.4717348921875 0.5863283796875 0.4751461984375 0.5887886640625 0.54337231875 0.6115253140625 0.54044834375
37 0.6369921 0.5357744109375 0.63587003125 0.46969696875 0.6124351140625001 0.47222222187499996 0.6145507296875 0.5387205390625 0.6369921 0.5357744109375
38 0.6824358734375 0.529040403125 0.6779475984375 0.4646464640625 0.6567673265625 0.4680134671875 0.6605555375 0.5324074078125001 0.6824358734375 0.529040403125
39 0.7031941374999999 0.52483165 0.7003889671875 0.46212121249999993 0.6797751828124999 0.46506733906250003 0.68299690625 0.528198653125 0.7031941374999999 0.52483165
42 0.7261965421875 0.522306396875 0.7228303375 0.4604377109375 0.7016607031250001 0.46212121249999993 0.705438275 0.5244107734375001 0.7261965421875 0.522306396875