13 0.75078125 0.06796875 0.1328125 0.1359375
13 0.64453125 0.0765625 0.1421875 0.153125
14 0.53828125 0.09140625 0.1375 0.171875
14 0.42734375 0.11328125 0.146875 0.171875
18 0.0890625 0.17109375 0.1625 0.178125
23 0.771875 0.2359375 0.115625 0.1265625
15 0.67734375 0.25390625 0.115625 0.1296875
8 0.57421875 0.25625 0.134375 0.165625
9 0.465625 0.2734375 0.13125 0.165625
10 0.3609375 0.2984375 0.1203125 0.153125
11 0.26015625 0.3171875 0.125 0.1578125
18 0.18515625 0.3484375 0.0796875 0.1109375
2 0.11875 0.36171875 0.0953125 0.1140625
1 0.3609375 0.4515625 0.1265625 0.09375
28 0.459375 0.42421875 0.0953125 0.10625
29 0.5625 0.4125 0.1296875 0.0984375
4 0.6640625 0.38359375 0.096875 0.103125
18 0.77109375 0.36171875 0.1359375 0.1140625
12 0.80390625 0.47734375 0.0875 0.096875
6 0.81875 0.5921875 0.0984375 0.1015625
16 0.7375 0.603125 0.0953125 0.1015625
30 0.659375 0.6171875 0.090625 0.09375
26 0.596875 0.634375 0.0625 0.08125
24 0.53125 0.6390625 0.0875 0.0984375
24 0.45859375 0.65078125 0.090625 0.1
24 0.38515625 0.6640625 0.08125 0.090625
27 0.2625 0.8859375 0.1171875 0.084375
27 0.284375 0.94765625 0.1140625 0.0796875
24 0.3796875 0.86796875 0.1171875 0.0796875
24 0.39453125 0.92890625 0.1171875 0.0765625
24 0.47890625 0.7890625 0.1234375 0.0828125
24 0.49140625 0.85234375 0.11875 0.078125
24 0.50390625 0.909375 0.11875 0.078125
31 0.5984375 0.7640625 0.125 0.0859375
31 0.603125 0.83203125 0.125 0.084375
31 0.62265625 0.8921875 0.1171875 0.0796875
17 0.71953125 0.75 0.1234375 0.0859375
17 0.72421875 0.8125 0.1265625 0.0828125
17 0.73203125 0.871875 0.121875 0.0765625
7 0.83671875 0.7875 0.125 0.084375
7 0.84609375 0.85078125 0.121875 0.08125
40 0.74453125 0.4828125 0.0546875 0.1015625
42 0.7046875 0.49140625 0.053125 0.0953125
41 0.66484375 0.4984375 0.05625 0.096875
38 0.6234375 0.50625 0.053125 0.0953125
39 0.58359375 0.5140625 0.0546875 0.09375
37 0.5421875 0.521875 0.0515625 0.096875
35 0.503125 0.5296875 0.0515625 0.096875
33 0.46328125 0.53671875 0.05 0.0953125
34 0.4140625 0.54609375 0.06875 0.1
36 0.3578125 0.5578125 0.0703125 0.0984375