13 0.24453125 0.29765625 0.0984375 0.1125
13 0.31328125 0.28515625 0.084375 0.1109375
14 0.375 0.27734375 0.0765625 0.103125
14 0.4390625 0.26171875 0.084375 0.109375
19 0.50625 0.246875 0.0875 0.1125
19 0.57265625 0.23203125 0.084375 0.1078125
20 0.65390625 0.21484375 0.090625 0.1078125
23 0.27421875 0.4140625 0.071875 0.0796875
15 0.33203125 0.40390625 0.0703125 0.071875
8 0.38828125 0.38046875 0.084375 0.10625
9 0.45234375 0.36640625 0.078125 0.1015625
10 0.5125 0.359375 0.071875 0.0921875
11 0.57421875 0.34296875 0.0796875 0.1
3 0.62734375 0.34609375 0.0546875 0.065625
2 0.6734375 0.33515625 0.0609375 0.0671875
5 0.31640625 0.490625 0.084375 0.0640625
4 0.37734375 0.47421875 0.0546875 0.0625
29 0.4375 0.465625 0.08125 0.0625
28 0.50234375 0.44921875 0.05625 0.059375
1 0.5609375 0.43984375 0.078125 0.0578125
12 0.32734375 0.55703125 0.0515625 0.059375
24 0.5921875 0.5625 0.0453125 0.0515625
24 0.55234375 0.571875 0.0484375 0.0484375
24 0.51171875 0.5796875 0.046875 0.05
26 0.47734375 0.59453125 0.0375 0.04375
30 0.43671875 0.603125 0.053125 0.053125
16 0.39140625 0.60859375 0.05 0.053125
6 0.34921875 0.61875 0.05625 0.05625
27 0.69140625 0.675 0.0640625 0.0421875
27 0.68828125 0.64296875 0.065625 0.046875
25 0.5734375 0.70234375 0.065625 0.0453125
25 0.6328125 0.6890625 0.0640625 0.0453125
25 0.628125 0.65625 0.0671875 0.046875
31 0.5125 0.72109375 0.065625 0.0421875
31 0.50546875 0.69140625 0.065625 0.0421875
31 0.49765625 0.653125 0.0703125 0.0484375
17 0.4515625 0.73359375 0.06875 0.04375
17 0.44140625 0.703125 0.06875 0.046875
17 0.4328125 0.6703125 0.071875 0.046875
7 0.3890625 0.74765625 0.0703125 0.04375
7 0.38046875 0.7140625 0.06875 0.0484375
40 0.36015625 0.55 0.034375 0.05625
36 0.5828125 0.50234375 0.040625 0.0578125
34 0.55 0.509375 0.0390625 0.05625
33 0.52265625 0.51484375 0.0328125 0.05625
35 0.4984375 0.5203125 0.034375 0.05625
39 0.45390625 0.5296875 0.0359375 0.05625
38 0.4296875 0.53515625 0.034375 0.05625
41 0.40703125 0.53984375 0.0359375 0.0578125
42 0.384375 0.54453125 0.0359375 0.0578125
18 0.4765625 0.52109375 0.0296875 0.0484375