21 0.58203125 0.26796875 0.1265625 0.1265625
14 0.6890625 0.26796875 0.1046875 0.1140625
13 0.79296875 0.2625 0.1234375 0.121875
9 0.91015625 0.253125 0.1296875 0.13125
7 0.59296875 0.515625 0.1328125 0.0609375
29 0.73125 0.51328125 0.1359375 0.0609375
5 0.8671875 0.5109375 0.1390625 0.0625
31 0.5859375 0.64296875 0.1265625 0.0609375
24 0.68671875 0.63125 0.08125 0.075
23 0.77890625 0.628125 0.1 0.08125
15 0.88828125 0.62890625 0.11875 0.08125
27 0.5921875 0.79375 0.128125 0.05625
25 0.86328125 0.78828125 0.13125 0.05625
39 0.54609375 0.4 0.04375 0.0796875
38 0.6121244015625 0.437429990625 0.6153004937500001 0.357123603125 0.57338210625 0.35819353125000003 0.5691819390624999 0.43892957499999996 0.6121244015625 0.437429990625
40 0.6559433 0.43589980156249997 0.665794534375 0.357830953125 0.6242982734375 0.3588875640625 0.6156299296875 0.437307575 0.6559433 0.43589980156249997
41 0.7024086015625 0.434771565625 0.7096059234375 0.35568336562499997 0.6681171703125 0.357357375 0.65943158125 0.4352835453125 0.7024086015625 0.434771565625
42 0.748839415625 0.43265579687500005 0.7512256640625 0.3536123109375 0.7101487843750001 0.35490076875 0.7067732484375 0.43412478125 0.748839415625 0.43265579687500005
35 0.79528740625 0.4310337984375 0.79725024375 0.35200509687500003 0.755754965625 0.35429699531250003 0.75409766875 0.432472175 0.79528740625 0.4310337984375
33 0.8408935859375 0.4304299875 0.847636571875 0.349627909375 0.804797628125 0.35159555937500003 0.799669296875 0.43088077968749994 0.8408935859375 0.4304299875
37 0.890812615625 0.42769798437500006 0.8959174234375 0.349794884375 0.8530329046875 0.35089997500000003 0.846151840625 0.43024636562499996 0.890812615625 0.42769798437500006
32 0.9398725203125 0.42549033124999996 0.94632529375 0.348034603125 0.90386285 0.34912495468750004 0.895177259375 0.4270511234375 0.9398725203125 0.42549033124999996