13 0.771875 0.37734375 0.1015625 0.121875
13 0.69296875 0.37265625 0.09375 0.1140625
14 0.6171875 0.36171875 0.1 0.11875
14 0.53671875 0.3546875 0.09375 0.1125
2 0.29375 0.44609375 0.0625 0.0734375
3 0.3515625 0.453125 0.065625 0.0765625
11 0.456415725 0.40550422187499996 0.382421 0.39641881093750003 0.3720203390625 0.49489364843750006 0.44434964375 0.5037745703125001 0.456415725 0.40550422187499996
10 0.48515625 0.46015625 0.0828125 0.10625
9 0.55078125 0.4671875 0.075 0.103125
8 0.61796875 0.47578125 0.0875 0.109375
15 0.68515625 0.49453125 0.0796875 0.0828125
23 0.7515625 0.50078125 0.0796875 0.0859375
1 0.4390625 0.54140625 0.084375 0.0578125
28 0.51171875 0.55078125 0.0625 0.0609375
29 0.58515625 0.56328125 0.0890625 0.0609375
4 0.65546875 0.57109375 0.0609375 0.0625
5 0.725 0.58125 0.090625 0.0625
24 0.42265625 0.69609375 0.0640625 0.0703125
24 0.507331753125 0.6754007718749999 0.45067414531249994 0.6684440921875 0.443123425 0.7299397734374999 0.4960931171875 0.7385740968750001 0.507331753125 0.6754007718749999
24 0.5265625 0.7125 0.0640625 0.0734375
26 0.57109375 0.72421875 0.04375 0.05625
30 0.615625 0.7265625 0.0625 0.0671875
16 0.66796875 0.7359375 0.059375 0.059375
6 0.71875 0.74375 0.0625 0.0671875
12 0.73125 0.66875 0.06875 0.0734375
7 0.7287773953125 0.8144689984375001 0.6436618875 0.804018128125 0.6385422921874999 0.84571389375 0.7204369703125 0.8583952265624999 0.7287773953125 0.8144689984375001
7 0.7243421890625 0.866591678125 0.6408563125 0.8544986781249999 0.6347289953125 0.9007674296875001 0.7185484171875001 0.9137781625000001 0.7243421890625 0.866591678125
7 0.7187734140625001 0.9119457093750001 0.63498195 0.8983414046875 0.6302088609375 0.9435801609375 0.7136315078125001 0.9538231749999999 0.7187734140625001 0.9119457093750001
17 0.6367135734375 0.8979405171874999 0.5567180656249999 0.8834354921875001 0.5502161906249999 0.9287628828125 0.629794971875 0.941577753125 0.6367135734375 0.8979405171874999
17 0.6381377828125 0.8532945921874999 0.55880985625 0.8409788015625 0.5528436890624999 0.8835246937499999 0.63337160625 0.8971961171875 0.6381377828125 0.8532945921874999
17 0.6422709640625001 0.801838240625 0.5655688249999999 0.7910155578125 0.5599660937500001 0.8331421156250001 0.637759684375 0.843663796875 0.6422709640625001 0.801838240625
31 0.563305953125 0.7879280234375 0.4858512640625 0.7756080953125 0.48015082343750004 0.8198312718749999 0.557366471875 0.8312172015625 0.563305953125 0.7879280234375
31 0.558695715625 0.8407276734375 0.4786678421875 0.8290283609375001 0.47310736875000003 0.873383228125 0.552529659375 0.885862159375 0.558695715625 0.8407276734375
31 0.55477579375 0.8853631453125 0.47609115625 0.8728921984375001 0.4708516078125 0.9155648953125001 0.549852265625 0.925462053125 0.55477579375 0.8853631453125
25 0.4728021078125 0.8666326796874999 0.39364005468749996 0.8555079593749999 0.3893432078125 0.9032133578125 0.4665753625 0.9148035406249999 0.4728021078125 0.8666326796874999
25 0.4772409125 0.8253974906250001 0.3988354375 0.8131949578125001 0.39560382656250004 0.85649439375 0.47258801093749997 0.8683763546875 0.4772409125 0.8253974906250001
25 0.48469244375000003 0.77487789375 0.404300428125 0.7636021515625 0.40090286875 0.805712396875 0.4799262546875 0.8187794109375 0.48469244375000003 0.77487789375
25 0.3942024375 0.8536587843750001 0.318645278125 0.8436791093749999 0.3155346421875 0.8852814953125 0.390613621875 0.8955975953124999 0.3942024375 0.8536587843750001
25 0.40027948437500005 0.8117913421875 0.3224040375 0.8003563171874999 0.3195626796875 0.8429448031250001 0.39495497031250004 0.8551560281249999 0.40027948437500005 0.8117913421875
27 0.3205112859375 0.8394595515625 0.24607484531249998 0.827978496875 0.2420540421875 0.8699398437499999 0.3166432953125 0.8811299515625001 0.3205112859375 0.8394595515625
27 0.32363078437500004 0.793716859375 0.24813027031249998 0.783275859375 0.24742605312500002 0.826188328125 0.31956455625 0.8370019 0.32363078437500004 0.793716859375
36 0.409375 0.615625 0.0484375 0.06875
34 0.45078125 0.62109375 0.05 0.06875
18 0.484375 0.62578125 0.0390625 0.0640625
21 0.459375 0.3453125 0.0890625 0.1125
21 0.3875 0.33515625 0.0859375 0.1125
22 0.3171875 0.325 0.0875 0.1109375
35 0.5125 0.63125 0.0375 0.06875
37 0.53984375 0.6359375 0.0375 0.06875
41 0.56875 0.63984375 0.0421875 0.071875
40 0.5984375 0.6453125 0.040625 0.071875
44 0.628125 0.64921875 0.0390625 0.0703125
45 0.6578125 0.653125 0.040625 0.071875
18 0.6875 0.65859375 0.0375 0.071875