19 0.51953125 0.19453125 0.1421875 0.18125
13 0.64921875 0.17578125 0.13125 0.153125
9 0.72109375 0.16171875 0.0953125 0.1421875
41 0.5247969984374999 0.3221909703125 0.5565617656249999 0.41732612031249994 0.5864482515625 0.4065775921875 0.5580244453125001 0.31222230624999997 0.5247969984374999 0.3221909703125
40 0.5628784140625 0.31202067968749997 0.58706005625 0.4061495296875 0.616713446875 0.3944229265625 0.5935001828125 0.3040320875 0.5628784140625 0.31202067968749997
43 0.5902238828125 0.30386947656249996 0.616709059375 0.394709509375 0.6433729125000001 0.38654564062499996 0.616573165625 0.295948265625 0.5902238828125 0.30386947656249996
44 0.6136653375 0.296619590625 0.64247680625 0.3869225515625 0.66971338125 0.3752970703125 0.64370551875 0.288765265625 0.6136653375 0.296619590625
45 0.6446899171875 0.2903760046875 0.668601946875 0.37537708125 0.6955761921875 0.36794819843750004 0.6735669765625001 0.2827902078125 0.6446899171875 0.2903760046875
35 0.6724038015625 0.283058746875 0.6932065749999999 0.367858659375 0.7163400859375 0.36039853125 0.6971091453125 0.27597656718749997 0.6724038015625 0.283058746875
33 0.69837298125 0.27614428750000003 0.7158650109375 0.35987054375 0.7407436406250001 0.35269757031250004 0.71852650625 0.27057248125 0.69837298125 0.27614428750000003
37 0.716603075 0.272854540625 0.7411746499999999 0.35540585625 0.7633522640625 0.3479882390625 0.7404246828125001 0.2645978859375 0.716603075 0.272854540625
32 0.740346678125 0.2669134 0.762367815625 0.346377521875 0.784166765625 0.3378496515625 0.7638889 0.2600997484375 0.740346678125 0.2669134
7 0.5667169734375 0.48064831249999995 0.5855152046875001 0.546152478125 0.6645770265625 0.5122131000000001 0.6502485640625 0.4471190046875 0.5667169734375 0.48064831249999995
29 0.6500471343750001 0.44624651249999997 0.668140353125 0.50869694375 0.7388770499999999 0.47990190000000005 0.7236140625 0.4173152359375 0.6500471343750001 0.44624651249999997
5 0.723435390625 0.41919448125000003 0.7408235984375 0.47859117187500005 0.8002626328125 0.45332817500000006 0.7857738171875 0.3946935171875 0.723435390625 0.41919448125000003
31 0.6773755 0.625644921875 0.6593829953125 0.5636307296874999 0.5841167781250001 0.598468321875 0.5999826765625 0.662167103125 0.6773755 0.625644921875
24 0.650971384375 0.5563826953125 0.6780577484375 0.6259469046875 0.723290040625 0.603383978125 0.7004146062500001 0.534399309375 0.650971384375 0.5563826953125
23 0.698770615625 0.5352383578125 0.7239887953124999 0.602017365625 0.7787800515625001 0.5771378765625 0.757496146875 0.508354984375 0.698770615625 0.5352383578125
15 0.756355734375 0.511375271875 0.7753099796875 0.5722484140625 0.8179840593750001 0.553962709375 0.7981605359375 0.49345286406250005 0.756355734375 0.511375271875
25 0.799311775 0.6868249609375 0.813343821875 0.73964448125 0.8706894671875001 0.7026728984374999 0.8636841203125 0.6499074078125 0.799311775 0.6868249609375
25 0.733038703125 0.728776328125 0.749039653125 0.784817303125 0.8133473765625 0.7427818109375 0.799110340625 0.68595245625 0.733038703125 0.728776328125
27 0.6628181093750001 0.774855571875 0.6757325062499999 0.833447128125 0.746428475 0.7871686609374999 0.7336202890625 0.728642059375 0.6628181093750001 0.774855571875