20 0.70546875 0.2 0.1 0.125
20 0.63125 0.2140625 0.09375 0.1171875
19 0.55546875 0.22578125 0.0921875 0.1171875
19 0.4828125 0.23671875 0.0859375 0.1125
14 0.409375 0.2484375 0.0921875 0.115625
14 0.3359375 0.25703125 0.0875 0.1140625
13 0.27109375 0.26953125 0.08125 0.1109375
13 0.19765625 0.2796875 0.09375 0.1171875
23 0.234375 0.40390625 0.0734375 0.0875
15 0.296875 0.38359375 0.0828125 0.0984375
8 0.3671875 0.37265625 0.0875 0.10625
9 0.43515625 0.3640625 0.0875 0.1078125
10 0.50625 0.3546875 0.090625 0.103125
11 0.5796875 0.34375 0.0890625 0.1078125
3 0.65390625 0.34609375 0.0703125 0.084375
2 0.71171875 0.34140625 0.0640625 0.0796875
1 0.54609375 0.46171875 0.096875 0.06875
28 0.4671875 0.46484375 0.071875 0.0765625
29 0.39453125 0.4796875 0.096875 0.06875
4 0.325 0.48359375 0.0640625 0.0734375
5 0.25625 0.49765625 0.0953125 0.065625
24 0.5921875 0.62578125 0.0671875 0.0765625
24 0.5375 0.6328125 0.0671875 0.0734375
24 0.48046875 0.6390625 0.0640625 0.0734375
30 0.3875 0.6515625 0.0625 0.06875
16 0.33203125 0.6578125 0.065625 0.06875
6 0.275 0.66484375 0.0703125 0.0703125
26 0.43515625 0.65 0.046875 0.0609375
17 0.37265625 0.73828125 0.0859375 0.0578125
17 0.37578125 0.79140625 0.0890625 0.059375
17 0.38671875 0.83984375 0.0875 0.059375
31 0.4578125 0.73203125 0.09375 0.0609375
31 0.4640625 0.78359375 0.09375 0.0609375
31 0.47109375 0.83203125 0.0875 0.0578125
25 0.54375 0.7234375 0.0953125 0.0625
25 0.553125 0.775 0.09375 0.0625
25 0.559375 0.821875 0.0953125 0.0625
25 0.6421875 0.76640625 0.096875 0.0625
25 0.646875 0.8171875 0.09375 0.0578125
27 0.73515625 0.73828125 0.096875 0.06875
27 0.734375 0.8078125 0.1 0.06875
12 0.2625 0.58515625 0.05625 0.0671875
36 0.58828125 0.54375 0.059375 0.075
34 0.54375 0.54765625 0.0546875 0.0734375
40 0.30234375 0.578125 0.0390625 0.071875
42 0.33046875 0.575 0.0390625 0.0703125
41 0.36015625 0.5703125 0.0421875 0.071875
38 0.38828125 0.56796875 0.0375 0.071875
39 0.4171875 0.5640625 0.040625 0.071875
33 0.44765625 0.559375 0.0390625 0.0703125
35 0.4765625 0.55703125 0.0390625 0.0703125
37 0.50546875 0.55234375 0.0390625 0.071875