11 0.290625 0.2921875 0.1 0.1234375
9 0.3796875 0.3015625 0.090625 0.1265625
14 0.43359375 0.44296875 0.084375 0.1078125
14 0.51171875 0.44609375 0.078125 0.1046875
14 0.5875 0.4546875 0.0796875 0.1015625
13 0.6625 0.45859375 0.0734375 0.1078125
13 0.734375 0.4625 0.084375 0.1046875
13 0.80859375 0.471875 0.0796875 0.1015625
3 0.3640625 0.4484375 0.0625 0.0765625
3 0.30546875 0.43984375 0.0625 0.08125
1 0.24609375 0.43515625 0.0625 0.0859375
0 0.4046875 0.54765625 0.065625 0.0703125
1 0.490625 0.5578125 0.09375 0.059375
28 0.56640625 0.559375 0.0578125 0.0671875
29 0.63984375 0.5671875 0.0921875 0.059375
4 0.71484375 0.5671875 0.0625 0.0703125
5 0.7859375 0.578125 0.0890625 0.0609375
15 0.403125 0.64453125 0.0734375 0.0796875
23 0.475 0.64609375 0.0734375 0.0796875
24 0.38125 0.73671875 0.06875 0.071875
24 0.44609375 0.7375 0.06875 0.06875
24 0.5078125 0.73828125 0.0640625 0.065625
30 0.60234375 0.74296875 0.0609375 0.065625
12 0.65546875 0.740625 0.0546875 0.0640625
16 0.7109375 0.7453125 0.0609375 0.0625
27 0.2140625 0.93203125 0.1 0.0609375
25 0.31171875 0.93125 0.09375 0.059375
25 0.3140625 0.88046875 0.096875 0.059375
27 0.21875 0.878125 0.1 0.0609375
25 0.40390625 0.93046875 0.09375 0.0578125
25 0.40703125 0.88046875 0.0953125 0.0609375
25 0.41484375 0.82578125 0.09375 0.059375
25 0.49375 0.9296875 0.09375 0.053125
31 0.58125 0.9296875 0.0859375 0.0484375
31 0.5875 0.88359375 0.090625 0.053125
31 0.5953125 0.83515625 0.090625 0.0546875
17 0.6640625 0.928125 0.084375 0.0515625
17 0.678125 0.8859375 0.0921875 0.0546875
17 0.68671875 0.83828125 0.0921875 0.0546875
6 0.76875 0.75078125 0.0640625 0.0578125
7 0.74375 0.92890625 0.0796875 0.046875
7 0.759375 0.8828125 0.0796875 0.053125
7 0.76015625 0.82578125 0.0734375 0.0484375
26 0.55078125 0.7453125 0.0421875 0.0578125
9 0.49963877187500005 0.37645534375 0.516635125 0.262781728125 0.43571393281250004 0.2500733359375 0.41846319843749996 0.3668263671875 0.49963877187500005 0.37645534375
8 0.5767026015625001 0.3859407328125 0.59975514375 0.2644490234375 0.5187065484375 0.25482448281250003 0.4987948796875 0.377043534375 0.5767026015625001 0.3859407328125
20 0.6530302531250001 0.3929297765625 0.683309934375 0.2772493859375 0.611351921875 0.2660893125 0.5743001828125001 0.3840038578125 0.6530302531250001 0.3929297765625
20 0.726219309375 0.3954855953125 0.7448499265625 0.28372203125 0.684196290625 0.2785156578125 0.6539387750000001 0.3904908609375 0.726219309375 0.3954855953125
19 0.797591325 0.402919240625 0.8254592281249999 0.28653696875 0.750871184375 0.278991015625 0.7261977671875 0.39610250156250004 0.797591325 0.402919240625
19 0.8664747500000001 0.4108836453125 0.8908749671875 0.299939221875 0.8295150828125 0.2903845640625 0.8008160921874999 0.4048848328125 0.8664747500000001 0.4108836453125
36 0.5480072781249999 0.6846582890625 0.56118655625 0.6144736328125 0.5207418828125 0.610745046875 0.5074711187500001 0.681312546875 0.5480072781249999 0.6846582890625
34 0.59115366875 0.68693706875 0.603274609375 0.61787356875 0.5627930171875 0.6149157703125 0.5510910859375 0.684765978125 0.59115366875 0.68693706875
33 0.6221339875 0.687425021875 0.631572053125 0.618624175 0.6036949796875 0.616938 0.594616925 0.6864641046875 0.6221339875 0.687425021875
35 0.6334453734375 0.6194022765625 0.6245061468750001 0.6875078593749999 0.6529845015625 0.688146003125 0.6615384078125001 0.6200269656249999 0.6334453734375 0.6194022765625
37 0.6823868609375 0.6895290984375 0.6903907203124999 0.6213908531250001 0.6615508375 0.6196710578125 0.6539333640625 0.6881791390625 0.6823868609375 0.6895290984375
39 0.7113272203125 0.69053971875 0.721685803125 0.6231963859375 0.6957348046875 0.6201521015625 0.6833481546875 0.689206325 0.7113272203125 0.69053971875
38 0.7397061453125 0.6940251296875 0.7501584765625 0.6241906734375 0.722240859375 0.6228594265625 0.712213940625 0.6923523968749999 0.7397061453125 0.6940251296875
41 0.769145790625 0.6943405 0.7804796125 0.62667488125 0.753965665625 0.62574899375 0.741154296875 0.6933630156249999 0.769145790625 0.6943405
42 0.7985108640624999 0.6967913203125 0.807916196875 0.6301273843749999 0.7824440187499999 0.6263871375 0.7695953656250001 0.695068884375 0.7985108640624999 0.6967913203125