11 0.15546875 0.1265625 0.1203125 0.1640625
10 0.265625 0.12421875 0.11875 0.1640625
9 0.3828125 0.121875 0.1125 0.165625
8 0.4921875 0.125 0.1078125 0.15625
20 0.5890625 0.13125 0.0875 0.1390625
20 0.6859375 0.125 0.1015625 0.1484375
19 0.77734375 0.1265625 0.0984375 0.1484375
19 0.878125 0.12890625 0.1046875 0.14375
14 0.396875 0.29609375 0.0953125 0.1328125
14 0.48671875 0.29765625 0.0875 0.1265625
14 0.5828125 0.2921875 0.1078125 0.1375
3 0.31484375 0.31640625 0.0734375 0.0984375
3 0.23984375 0.31484375 0.075 0.096875
2 0.16171875 0.315625 0.078125 0.1
13 0.68828125 0.2890625 0.0984375 0.1421875
13 0.7921875 0.28828125 0.10625 0.14375
13 0.89140625 0.28828125 0.10625 0.1453125
0 0.375 0.43828125 0.0765625 0.08125
1 0.471875 0.440625 0.1140625 0.0765625
28 0.5671875 0.428125 0.0765625 0.0890625
29 0.659375 0.43984375 0.1078125 0.06875
4 0.7578125 0.42578125 0.0734375 0.090625
5 0.85 0.4328125 0.115625 0.0765625
15 0.37265625 0.54609375 0.0875 0.08125
23 0.4609375 0.5421875 0.0859375 0.0828125
24 0.359375 0.66640625 0.0765625 0.084375
24 0.43515625 0.665625 0.071875 0.084375
24 0.503125 0.66171875 0.0671875 0.0828125
26 0.56640625 0.6640625 0.0515625 0.071875
30 0.625 0.65859375 0.06875 0.078125
16 0.6984375 0.6546875 0.0734375 0.078125
12 0.7703125 0.6546875 0.06875 0.0765625
6 0.84140625 0.6515625 0.0796875 0.084375
27 0.1875 0.92421875 0.109375 0.0640625
27 0.17734375 0.86484375 0.1125 0.0640625
25 0.296875 0.9203125 0.1109375 0.0671875
25 0.4046875 0.91171875 0.10625 0.0640625
25 0.51171875 0.90703125 0.10625 0.0609375
31 0.61640625 0.90390625 0.1046875 0.0625
31 0.61640625 0.84453125 0.1078125 0.0640625
31 0.61484375 0.7765625 0.1109375 0.0609375
17 0.721875 0.8984375 0.1046875 0.065625
17 0.72421875 0.83828125 0.10625 0.0640625
17 0.72265625 0.771875 0.10625 0.065625
7 0.83515625 0.89375 0.10625 0.0625
7 0.8328125 0.834375 0.1078125 0.0640625
7 0.83203125 0.76328125 0.1078125 0.06875
36 0.53671875 0.53515625 0.053125 0.0859375
34 0.5953125 0.534375 0.053125 0.0859375
33 0.64296875 0.53359375 0.0390625 0.084375
35 0.68046875 0.53125 0.0390625 0.0875
37 0.7203125 0.53046875 0.0375 0.0890625
39 0.7767502984375 0.5730071109375 0.7800469109375 0.49057688906249997 0.7407521984375001 0.49123640625 0.7406934609375 0.57426624375 0.7767502984375 0.5730071109375
39 0.8142677203125 0.572766 0.8174649031250001 0.48748851093749995 0.7820500046875 0.49015059687500007 0.7772620171875 0.5740582671875 0.8142677203125 0.572766
42 0.8892901328124999 0.5719278734375 0.892887175 0.48449836562500004 0.8589759359375 0.4888896546875 0.8532084375 0.5724751890625 0.8892901328124999 0.5719278734375