11 0.0921875 0.16328125 0.1375 0.1703125
8 0.40625 0.14375 0.1046875 0.1578125
20 0.50234375 0.140625 0.1078125 0.15
20 0.603125 0.128125 0.1125 0.153125
19 0.7015625 0.1234375 0.1078125 0.146875
19 0.80625 0.1078125 0.115625 0.159375
2 0.12421875 0.35390625 0.0921875 0.103125
14 0.31796875 0.315625 0.1109375 0.14375
14 0.4171875 0.30703125 0.10625 0.140625
14 0.51328125 0.30234375 0.1015625 0.1390625
13 0.634375 0.2875 0.103125 0.1421875
13 0.72578125 0.2796875 0.0953125 0.1375
13 0.81875 0.26875 0.1078125 0.14375
4 0.3359375 0.4546875 0.08125 0.0875
5 0.43046875 0.45 0.1125 0.08125
28 0.52265625 0.43671875 0.0765625 0.0875
29 0.6125 0.4328125 0.1109375 0.0796875
4 0.69765625 0.4171875 0.075 0.0890625
1 0.7890625 0.41640625 0.1140625 0.075
15 0.35625 0.559375 0.0875 0.1
23 0.43828125 0.55390625 0.090625 0.096875
24 0.36015625 0.6609375 0.071875 0.0859375
24 0.4296875 0.65625 0.0703125 0.0828125
24 0.4890625 0.6484375 0.06875 0.084375
26 0.54140625 0.64609375 0.0421875 0.071875
30 0.59296875 0.6390625 0.0703125 0.0828125
12 0.66171875 0.6328125 0.0671875 0.0703125
16 0.7328125 0.62578125 0.071875 0.0796875
6 0.8015625 0.61484375 0.0765625 0.0796875
27 0.23046875 0.91171875 0.1109375 0.0640625
25 0.33125 0.9 0.1046875 0.0640625
25 0.3203125 0.84609375 0.109375 0.0640625
25 0.4328125 0.8875 0.1015625 0.0640625
25 0.42265625 0.8328125 0.103125 0.0625
25 0.521875 0.8203125 0.10625 0.0671875
25 0.53046875 0.8765625 0.103125 0.0625
31 0.63125 0.8671875 0.1015625 0.0609375
31 0.625 0.81484375 0.103125 0.065625
31 0.61953125 0.75703125 0.1046875 0.0671875
17 0.7265625 0.85859375 0.1015625 0.0625
17 0.7234375 0.8046875 0.096875 0.065625
7 0.821875 0.8484375 0.096875 0.059375
36 0.5625 0.54140625 0.053125 0.084375
36 0.509375 0.546875 0.05625 0.084375
37 0.6828125 0.5296875 0.0390625 0.084375
33 0.6297940046875 0.5738452546875 0.6181528296875001 0.495859384375 0.58341330625 0.49838233125000003 0.5958183781249999 0.578883209375 0.6297940046875 0.5738452546875
39 0.7390450375000001 0.5637706578125 0.7402482499999999 0.4831119484375 0.7048992843749999 0.48620458125 0.7036135484375 0.5679032484375 0.7390450375000001 0.5637706578125
38 0.7752492953125001 0.5606031953125 0.7750414734375 0.4795515671875 0.7417057171875 0.4819516984375 0.739089871875 0.5642831046875 0.7752492953125001 0.5606031953125
41 0.8114535515625001 0.557435734375 0.8111560656249999 0.4753592140625 0.7771904625 0.47833081875000005 0.7766603265625001 0.560996115625 0.8114535515625001 0.557435734375
42 0.8462916093749999 0.5543877984375001 0.848816184375 0.473097115625 0.8168196078125 0.4748637171875 0.8128645828125001 0.5578286546875 0.8462916093749999 0.5543877984375001