11 0 0.320986009375 0.02017420625 0.3894709234375 0.14513565625 0.3606212984375 0.1135411296875 0.25329652187499996 0 0.2808495546875 0 0.320986009375
10 0.2341758734375 0.2183186859375 0.107036571875 0.2467601484375 0.1403294 0.3617309109375 0.260276184375 0.3330881796875 0.2341758734375 0.2183186859375
8 0.43814370625 0.187858928125 0.325465096875 0.2134468734375 0.363225453125 0.3112221171875 0.4687535953125 0.2859082109375 0.43814370625 0.187858928125
20 0.5227999999999999 0.1706901875 0.430224821875 0.1921136765625 0.4629705234375 0.29009585625 0.560488428125 0.2666312046875 0.5227999999999999 0.1706901875
20 0.6289710796875 0.1461786625 0.5209176171875 0.1683231046875 0.55428854375 0.2690134296875 0.6534083703125 0.2451789453125 0.6289710796875 0.1461786625
19 0.738107175 0.1162312015625 0.6248437109375 0.14337905 0.65201474375 0.246451559375 0.765761634375 0.2201910203125 0.738107175 0.1162312015625
19 0.8335606890625 0.10013327968750001 0.7316222984375 0.1234814203125 0.7615807140624999 0.22400870624999997 0.8623025999999999 0.1998044125 0.8335606890625 0.10013327968750001
13 0.8691717625000001 0.2178241265625 0.7561363640625001 0.244282225 0.7856779687500001 0.34300409374999996 0.89301668125 0.3182229984375 0.8691717625000001 0.2178241265625
13 0.7635214015625 0.2445911375 0.6698331328125 0.2651577296875 0.6975641609375 0.36334676875 0.785052746875 0.34029595625 0.7635214015625 0.2445911375
13 0.6711125578125 0.26473755 0.5622860109375 0.28903610468749996 0.5956569265625 0.3897263890625 0.7021620109375 0.36133445625 0.6711125578125 0.26473755
14 0.5699893734375 0.29283508281250004 0.47019970312500003 0.3140992359375 0.502736984375 0.411178646875 0.5986527328125 0.3880839375 0.5699893734375 0.29283508281250004
14 0.4778408890625 0.3141092359375 0.36627360625 0.33904328125 0.39881089687500004 0.43612272656249995 0.5073347125 0.40916636406249995 0.4778408890625 0.3141092359375
14 0.3736730359375 0.3381582796875 0.26513466874999997 0.3614422296875 0.297672071875 0.45852161249999995 0.4029918078125 0.43230500625 0.3736730359375 0.3381582796875
3 0.2784584796875 0.38270948125 0.1856438078125 0.404515715625 0.2179854265625 0.478820390625 0.3074929984375 0.45720512500000005 0.2784584796875 0.38270948125
3 0.18456712656250002 0.405573859375 0.097738403125 0.425761090625 0.1291030875 0.5031438296874999 0.22118951718750002 0.47808066718750003 0.18456712656250002 0.405573859375
2 0.10017119375000001 0.4238703453125 0.00621185625 0.44594084531249994 0.0347895046875 0.5258686499999999 0.12987161875 0.499163065625 0.10017119375000001 0.4238703453125
0 0.363889890625 0.4877105421875 0.279046778125 0.5094122624999999 0.2990668265625 0.574200821875 0.38495324375 0.5515198984375 0.363889890625 0.4877105421875
1 0.4913950515625 0.4642129171875 0.363604775 0.495595475 0.3853700625 0.5533253359375 0.5094979984375 0.520864809375 0.4913950515625 0.4642129171875
28 0.5819017234375 0.426687878125 0.4896211359375 0.44938737968750003 0.514304134375 0.5197552265625001 0.6020011234375 0.497607115625 0.5819017234375 0.426687878125
29 0.6984289546875 0.41047611406250006 0.5800274390625 0.4389745875 0.6020011234375 0.497607115625 0.71512279375 0.4686384390625 0.6984289546875 0.41047611406250006
18 0.76942406875 0.3798313765625 0.688629346875 0.3977377515625 0.7135207484375 0.46900829999999993 0.791813759375 0.44998211718750003 0.76942406875 0.3798313765625
5 0.89474529375 0.365152915625 0.7736693812500001 0.393317971875 0.7916053468750001 0.44907938437499995 0.9077228234374999 0.4184682546875 0.89474529375 0.365152915625
15 0.4037095328125 0.5687942046875001 0.30365182343749997 0.594060621875 0.3338313859375 0.6736185609375 0.43553020625 0.6463362046875 0.4037095328125 0.5687942046875001
18 0.48682378125000003 0.550702246875 0.4053294125 0.5699830140625 0.4298010125 0.6444955515624999 0.513216884375 0.623482128125 0.48682378125000003 0.550702246875
18 0.55243125625 0.5311696515625 0.48626045625 0.547202746875 0.5118942328125 0.6132552015625 0.5734921734375 0.596693684375 0.55243125625 0.5311696515625
18 0.6168549921875 0.5177582328125 0.5552726703124999 0.5312700218749999 0.5773074953124999 0.59522773125 0.6321324953125 0.5808149874999999 0.6168549921875 0.5177582328125
33 0.6600692031250001 0.507708346875 0.61687561875 0.5173495625 0.636960825 0.58972970625 0.676491534375 0.5782262499999999 0.6600692031250001 0.507708346875
35 0.699873403125 0.497330971875 0.6599231 0.506460471875 0.6783019921875 0.5787591234375 0.7173442875 0.5687946484374999 0.699873403125 0.497330971875
18 0.7317948703125 0.48936739375 0.700079025 0.497665115625 0.7162370296875 0.5566895015625 0.7504731375 0.5478346593750001 0.7317948703125 0.48936739375
39 0.775214984375 0.47637344062500003 0.729893090625 0.487929553125 0.7571876140625 0.5586452765625001 0.7961257078124999 0.5482294515625 0.775214984375 0.47637344062500003
38 0.812885775 0.4658946765625 0.7728363515625001 0.4765890421875 0.79622991875 0.5486808359374999 0.8335659062499999 0.5386348859375001 0.812885775 0.4658946765625
41 0.8538217671874999 0.45584993125000006 0.8119828531250001 0.46707593437500006 0.8342627265625 0.5379986031249999 0.874001840625 0.5273978484375 0.8538217671874999 0.45584993125000006
42 0.899415115625 0.44769958125000003 0.85854709375 0.456801159375 0.8756039484375 0.5270279734375001 0.9128357328125001 0.5165306703125 0.899415115625 0.44769958125000003
24 0.4073165109375 0.6741554328125 0.3234933296875 0.6974458625 0.3513478671875 0.7632781859375 0.4281103625 0.741277428125 0.4073165109375 0.6741554328125
24 0.4857027609375 0.65724639375 0.40380520156250005 0.6798552390625 0.4290156578125 0.7415438671875 0.5050813328125 0.720179390625 0.4857027609375 0.65724639375
24 0.5590411140625 0.6367513453125 0.4802550859375 0.6565004125 0.504488715625 0.7212670218749999 0.578255534375 0.7009087203125001 0.5590411140625 0.6367513453125
18 0.616614003125 0.6210838921875 0.554334578125 0.637496165625 0.5757482031250001 0.7010121765624999 0.63760370625 0.6838792265625 0.616614003125 0.6210838921875
30 0.6907334359374999 0.603972071875 0.615108990625 0.6229898609375 0.6362100046875 0.685151803125 0.709488409375 0.6663324828125 0.6907334359374999 0.603972071875
12 0.7710830875 0.5818583375 0.6904778546875 0.6022617 0.7079905046875 0.667153709375 0.7895592671875 0.6440433734375001 0.7710830875 0.5818583375
16 0.8492993312499999 0.5596432124999999 0.7698518875 0.5806088515625001 0.7910571 0.643222128125 0.8650323249999999 0.623766528125 0.8492993312499999 0.5596432124999999
6 0.9197630234374999 0.540405759375 0.8470312 0.5604135296874999 0.863117671875 0.6227823375 0.9362918125 0.60351168125 0.9197630234374999 0.540405759375
27 0.2911096484375 0.892821996875 0.16779251875 0.9293713640625001 0.18921264375 0.9819513375 0.31069625312500004 0.945347175 0.2911096484375 0.892821996875
27 0.3184249671875 1 0.32849546875 0.996861434375 0.3097467921875 0.9461300937500001 0.185311671875 0.98332735625 0.1915933421875 1 0.3184249671875 1
25 0.5344328890625001 0.8134832859375001 0.42114078906249997 0.8499630687499999 0.4384514109375 0.9030163703125 0.5538068453125 0.8654499328125 0.5344328890625001 0.8134832859375001
25 0.553460575 0.868482996875 0.4373378375 0.9018472171875 0.454961071875 0.9562545874999999 0.5734490609375 0.92129285 0.553460575 0.868482996875
25 0.6597249890625 0.7803998437499999 0.5473263890625 0.8117979375000001 0.558508834375 0.8638889671875001 0.6749063078125 0.8308361062499999 0.6597249890625 0.7803998437499999
25 0.6715713703125 0.8317121562500001 0.5584372484375 0.8672334375 0.5778384390625 0.9183778171875 0.6914159718749999 0.8840743390625001 0.6715713703125 0.8317121562500001
31 0.782189975 0.7990467265625 0.6745220421875 0.8328264875 0.692809603125 0.88280174375 0.802486165625 0.8498742859374999 0.782189975 0.7990467265625
31 0.7553300859375 0.7375402578125 0.647676996875 0.7677119359375 0.6688560359375 0.8155934031250001 0.770522253125 0.784515278125 0.7553300859375 0.7375402578125
7 1 0.736235025 0.9043928375 0.7650187625 0.9136343921875 0.8013937890625 1 0.7744996625 1 0.736235025
7 1 0.686821803125 0.9993731796875001 0.6841681015625001 0.8912240828125 0.7152879750000001 0.9054022703125 0.76573655 1 0.7357866468750001 1 0.686821803125
18 0.90022111875 0.7527914578125 0.7801998609374999 0.7898876546875 0.80367139375 0.8476989890625 0.91575108125 0.814216721875 0.90022111875 0.7527914578125