11 0.15731598125 0.2253012 0.24846961093750003 0.23826738125000002 0.25529615781250004 0.1196442515625 0.16807829531250001 0.11217005937499999 0.15731598125 0.2253012
10 0.249646865625 0.2390682265625 0.336800346875 0.24822842656250002 0.3468613625 0.11708016406249999 0.2560828828125 0.1084699875 0.249646865625 0.2390682265625
9 0.3367035625 0.24914927968749997 0.4174291171875 0.26042695625 0.43078553125 0.1333491578125 0.3490089046875 0.12196100937500001 0.3367035625 0.24914927968749997
8 0.41649196093749996 0.257535378125 0.503355084375 0.2694581390625 0.51574364375 0.151588878125 0.427654790625 0.14139934062499998 0.41649196093749996 0.257535378125
20 0.5045825984375 0.26958715624999996 0.5929635921874999 0.2788763734375 0.5976967125 0.162995571875 0.5184155609375 0.1518697078125 0.5045825984375 0.26958715624999996
20 0.593737878125 0.27150954375 0.684477115625 0.2819776484375 0.694767090625 0.17226705312499999 0.60077526875 0.1595950359375 0.593737878125 0.27150954375
19 0.6819913890625 0.2938197296875 0.766689840625 0.3027218953125 0.7911906671875 0.1758843953125 0.7007113859375 0.16544361406250002 0.6819913890625 0.2938197296875
19 0.7669801984375 0.299959334375 0.8562983515625 0.3121401296875 0.8810588328125 0.1946401828125 0.787885528125 0.1746059859375 0.7669801984375 0.299959334375
2 0.1536598828125 0.36118530625 0.215035575 0.3676361515625 0.22393985156250001 0.28291761875 0.1627007375 0.2764811296875 0.1536598828125 0.36118530625
3 0.21125624687500003 0.368169953125 0.270176909375 0.37436276562500004 0.2839912421875 0.2901603015625 0.22173215468750002 0.28175455625 0.21125624687500003 0.368169953125
3 0.2686590390625 0.376996309375 0.334848 0.3848840765625 0.34611051875 0.30134443125 0.2849972890625 0.2939901453125 0.2686590390625 0.376996309375
14 0.3401451984375 0.381716728125 0.42455329375 0.39338145625 0.43975332500000003 0.284186928125 0.3527809421875 0.2750457625 0.3401451984375 0.381716728125
14 0.42096753906249995 0.39207355312500003 0.5018866656250001 0.4015095203125 0.516989909375 0.2932358453125 0.4374994734375 0.2839500390625 0.42096753906249995 0.39207355312500003
14 0.5005623671875 0.4023013578125 0.578929678125 0.41240014687500004 0.5967783078125 0.30162194375 0.5147543906250001 0.29300088281250003 0.5005623671875 0.4023013578125
13 0.5750535671875 0.413854803125 0.6598488046875 0.421836115625 0.6806363906249999 0.3067116796875 0.594948846875 0.29770555625 0.5750535671875 0.413854803125
13 0.6610763203125 0.4219651328125 0.7408647171875 0.43035123124999997 0.7639137578125 0.31732653593750004 0.678246003125 0.30832249218749996 0.6610763203125 0.4219651328125
13 0.7411550734375 0.4275886703125 0.8222677718750001 0.43518293124999996 0.8546529953125 0.32779464062499997 0.7593779046875 0.315918771875 0.7411550734375 0.4275886703125
0 0.3220369125 0.48315737812500004 0.3919084140625 0.49143219531250004 0.40268700468749996 0.41249681875000005 0.33034596562499996 0.40582449531250003 0.3220369125 0.48315737812500004
1 0.392489128125 0.4859070734375 0.48804163437500003 0.49781209843749996 0.49585056875 0.4353230703125 0.3991694109375 0.4242304453125 0.392489128125 0.4859070734375
28 0.4868141203125 0.49768308125000005 0.5544241671875 0.5038581578125 0.5623605875 0.4283481625 0.4962931859375 0.4214041984375 0.4868141203125 0.49768308125000005
29 0.5544241671875 0.5038581578125 0.6477152171875 0.5136634421874999 0.6583356234375 0.459849146875 0.5606589343749999 0.446789834375 0.5544241671875 0.5038581578125
4 0.7139041781250001 0.5215512078125 0.721937384375 0.445120359375 0.6606254593750001 0.44053826875 0.6500734578125 0.5148423296875 0.7139041781250001 0.5215512078125
5 0.711545934375 0.520372321875 0.8071952281250001 0.5313564921875 0.8158445343749999 0.4726798953125 0.723019525 0.4610615421875 0.711545934375 0.520372321875
23 0.31055012187500003 0.58063884375 0.3879802796875 0.5878460546875 0.398952440625 0.5070689703125 0.32047383281249997 0.4997515640625 0.31055012187500003 0.58063884375
15 0.38429773749999996 0.587459003125 0.45785178125000003 0.596120871875 0.4703418140625 0.51271024375 0.3981158921875 0.50511899375 0.38429773749999996 0.587459003125
36 0.4563283453125 0.595236621875 0.5014984953125 0.5984324859375 0.5132792859374999 0.5257058375 0.469069175 0.5210591671875 0.4563283453125 0.595236621875
34 0.5070078812500001 0.5984943078125 0.5472968265625 0.6022116093750001 0.556296040625 0.52970984375 0.5134065734375 0.525719215625 0.5070078812500001 0.5984943078125
42 0.7506261000000001 0.622547903125 0.7813677140624999 0.625261740625 0.7916232921875 0.5539264984375001 0.759918496875 0.549042478125 0.7506261000000001 0.622547903125
41 0.71710290625 0.620058946875 0.749890378125 0.6229878125 0.7610429859375001 0.5496779046875 0.7271232640624999 0.5461127984374999 0.71710290625 0.620058946875
38 0.683166609375 0.6149403890625 0.7151108171875 0.619332334375 0.72495329375 0.5453674875 0.6924430015625 0.5414332828124999 0.683166609375 0.6149403890625
39 0.6536813578125 0.6133930734375 0.6816413953125 0.6163317921875 0.6913225609375 0.543901703125 0.6594864609375 0.5400383578125 0.6536813578125 0.6133930734375
33 0.551281 0.6036648375 0.5833865203124999 0.6065220250000001 0.594485359375 0.533723703125 0.5620517296875 0.5287630812499999 0.551281 0.6036648375
37 0.6182198484375 0.60966591875 0.64890769375 0.6128913421875 0.6581219875000001 0.538343234375 0.6275884234375 0.5351340265625 0.6182198484375 0.60966591875
37 0.5847504234375 0.606665378125 0.615545809375 0.6088676296875 0.626537109375 0.537092478125 0.5946856515625 0.5332275171874999 0.5847504234375 0.606665378125
4 0.711408515625 0.7135975359375 0.7787066968749999 0.72273980625 0.789069815625 0.6503813921875 0.723889453125 0.6424961875 0.711408515625 0.7135975359375
16 0.650462984375 0.7030540078125 0.7112104921875 0.7089215921875 0.721879175 0.64021595 0.6599858359375 0.6337106984374999 0.650462984375 0.7030540078125
12 0.593914728125 0.6965933093750001 0.651037396875 0.7041488546875 0.66181361875 0.6344200421874999 0.6032090828125 0.62929493125 0.593914728125 0.6965933093750001
30 0.5337954015624999 0.6913089875 0.59517109375 0.6977598328125 0.60295065625 0.63030224375 0.5369902765625 0.6228522921875 0.5337954015624999 0.6913089875
26 0.49015046562500003 0.6867217203125 0.533902940625 0.6902858171874999 0.539512053125 0.63035865625 0.49809289687499997 0.625488090625 0.49015046562500003 0.6867217203125
24 0.4319156875 0.68318718125 0.4906173390625 0.6888397359375 0.5001371953125 0.6179444046875 0.4421226921875 0.61339854375 0.4319156875 0.68318718125
24 0.3753674296875 0.6767264828124999 0.43349466875 0.6812841921875 0.44279944687499995 0.6124351984375 0.38414301875 0.6073046343749999 0.3753674296875 0.6767264828124999
24 0.31440484375 0.6729052421875 0.37594184375 0.6778213296875 0.38513908125 0.6099955078125 0.318965821875 0.6040748921875 0.31440484375 0.6729052421875
27 0.0995032203125 0.808592621875 0.19844004843750002 0.8184740640625 0.20083742343750002 0.7628644687499999 0.1072864 0.75458356875 0.0995032203125 0.808592621875
27 0.10182573749999999 0.8652155359375 0.198985559375 0.872324025 0.2003783640625 0.8197122640625001 0.1088212046875 0.8121581656249999 0.10182573749999999 0.8652155359375
25 0.20116785625000003 0.81876076875 0.2969637734375 0.8257259046875 0.3012456953125 0.7718660921875 0.20761089375 0.7646108609375 0.20116785625000003 0.81876076875
25 0.20113895468749998 0.87151588125 0.293471340625 0.8786342234375001 0.299584040625 0.8270357796875001 0.207475746875 0.81838928125 0.20113895468749998 0.87151588125
25 0.2957074078125 0.8245593828125 0.392598378125 0.8342257953125 0.3983517453125 0.7794861656250001 0.30563709375000003 0.7702587000000001 0.2957074078125 0.8245593828125
25 0.296091609375 0.879944096875 0.3897879 0.8872057906249999 0.3974258140625 0.8342159453125 0.30528686562499996 0.8260834609375 0.296091609375 0.879944096875
25 0.395487496875 0.8329777453125 0.48760480156249997 0.8421424265624999 0.4948296140625 0.7865229765625 0.40402278750000004 0.7790477421875 0.395487496875 0.8329777453125
25 0.3913668828125 0.8853028015625 0.48432745156249996 0.8930044046875001 0.49033261250000004 0.84242913125 0.40178752968750003 0.83312266875 0.3913668828125 0.8853028015625
31 0.5158625906250001 0.7897681046875 0.6087156171875 0.798492878125 0.617878746875 0.744111628125 0.526578921875 0.7350328671875 0.5158625906250001 0.7897681046875
31 0.51053938125 0.8404150546875 0.6027642265625001 0.8485565656249999 0.6099719828125 0.7996594 0.517253675 0.7909487890625 0.51053938125 0.8404150546875
31 0.5020582046875 0.89486798125 0.5938161796875 0.9008914750000001 0.6011314734375001 0.850971140625 0.511194584375 0.8420356281249999 0.5020582046875 0.89486798125
17 0.6103483703125 0.7960783046875 0.7017299546875 0.8056828953125 0.711467496875 0.752396490625 0.623761696875 0.7421437671875 0.6103483703125 0.7960783046875
17 0.6014003234375 0.8484132140625 0.6907898203125 0.8572911921875 0.6996841 0.8054678687499999 0.6110796515625 0.7971896390625 0.6014003234375 0.8484132140625
17 0.5910346 0.90111635625 0.6833132156249999 0.90874628125 0.6900540984375 0.8577311015625 0.6014486828125001 0.8494527703125 0.5910346 0.90111635625
7 0.71247988125 0.80836446875 0.8020306875 0.8157076906249999 0.8131321312500001 0.7625646390624999 0.7258099140625001 0.7554556515625 0.71247988125 0.80836446875
7 0.6913104640625 0.8588976234375 0.778600334375 0.868072159375 0.7902761921875 0.816023953125 0.7010111328125 0.807676290625 0.6913104640625 0.8588976234375
7 0.679742146875 0.909922659375 0.7705493171875 0.918432403125 0.780592421875 0.868798771875 0.6908055875 0.858844559375 0.679742146875 0.909922659375