3 0.3433145140625 0.24174256875000003 0.34760721562499997 0.1134207375 0.2667646640625 0.0995381734375 0.2580946140625 0.22682215 0.3433145140625 0.24174256875000003
3 0.42157554218750004 0.2484005140625 0.414789003125 0.124176728125 0.3507676265625 0.1129925265625 0.3445170375 0.24202019218749998 0.42157554218750004 0.2484005140625
35 0.4904892203125 0.26811382500000003 0.5218942156249999 0.11562487968749999 0.43231614843750005 0.0890568140625 0.4171342453125 0.25117849531249997 0.4904892203125 0.26811382500000003
35 0.57251835625 0.280396 0.5998030437499999 0.140267328125 0.5257447703125 0.11656577187499999 0.49571620312500003 0.267418975 0.57251835625 0.280396
35 0.636252965625 0.2951102953125 0.6686688000000001 0.16567453593749998 0.6010710015625 0.1470225734375 0.5694880125 0.2825488 0.636252965625 0.2951102953125
13 0.70526260625 0.303435725 0.7400356312499999 0.1802492375 0.679261190625 0.1650742015625 0.6479095953125 0.29399803593749996 0.70526260625 0.303435725
13 0.7615735859375 0.317386953125 0.7943103609375 0.19753369375000002 0.7383660515625 0.18347104218750002 0.70463736875 0.30614393125 0.7615735859375 0.317386953125
13 0.8032491953124999 0.323158234375 0.8321063890625 0.2157208953125 0.790055884375 0.206047734375 0.7581621468749999 0.3165523890625 0.8032491953124999 0.323158234375
0 0.438032884375 0.3908360453125 0.446815715625 0.28256750625 0.372324740625 0.2702044875 0.365175184375 0.3816221578125 0.438032884375 0.3908360453125
1 0.5376990703125 0.40243584375 0.5501901984375 0.33077458593750003 0.453519925 0.31365719375 0.4413808515625 0.39389097031250003 0.5376990703125 0.40243584375
28 0.6004746812499999 0.4070400828125 0.623534565625 0.3203235875 0.566412403125 0.3131125921875 0.5446000734374999 0.4032683828125 0.6004746812499999 0.4070400828125
29 0.666469646875 0.41086626875 0.6850280625 0.34364845 0.6180446171875 0.33643620625000004 0.598883946875 0.4051515296875 0.666469646875 0.41086626875
4 0.73242634375 0.41924761562499996 0.7559098765625001 0.33947488125 0.6998693078125 0.327768759375 0.679604740625 0.4154200765625 0.73242634375 0.41924761562499996
5 0.7995118609375 0.427128890625 0.8143122484375 0.3674107671875 0.75046008125 0.355603346875 0.7343505265625 0.419691846875 0.7995118609375 0.427128890625
15 0.421027040625 0.51277675 0.42024132343750004 0.41523041093749996 0.33025520468749997 0.40303420624999997 0.3289804625 0.512064046875 0.421027040625 0.51277675
23 0.5091488625 0.5217113203125 0.5263465984375 0.4252741234375 0.4454131296875 0.42011769218749995 0.4284799125 0.5243860609375 0.5091488625 0.5217113203125
24 0.378761665625 0.6212332218750001 0.39032905625000003 0.5447946781249999 0.3177275578125 0.534131675 0.31252323125000003 0.62723939375 0.378761665625 0.6212332218750001
24 0.4359700234375 0.619227484375 0.4496281609375 0.5425110281250001 0.3927723484375 0.543854878125 0.3753753734375 0.6227333625 0.4359700234375 0.619227484375
24 0.48916357499999996 0.617055559375 0.5037837281249999 0.54056120625 0.45285076875 0.5415702875 0.4361367484375 0.6185053218750001 0.48916357499999996 0.617055559375
27 0.2525582421875 0.82552849375 0.2613296046875 0.756811809375 0.1346255828125 0.7674409109375 0.1277393734375 0.8438729109375 0.2525582421875 0.82552849375
27 0.2424114484375 0.88703565 0.2506442953125 0.82504059375 0.125596671875 0.8394783875 0.1150015609375 0.90782455 0.2424114484375 0.88703565
30 0.575769709375 0.6062202765625 0.57876881875 0.5361709593749999 0.5276193874999999 0.5360252234375 0.52287135 0.6115029843750001 0.575769709375 0.6062202765625
12 0.6262055125 0.6072150234375 0.633052846875 0.5380541140624999 0.5866563671875 0.53825160625 0.58024641875 0.6087751375 0.6262055125 0.6072150234375
16 0.6632111859375 0.600545184375 0.67148236875 0.5339950234375 0.6374811515625 0.537631771875 0.6231910734375 0.60271576875 0.6632111859375 0.600545184375
6 0.72054791875 0.60237245625 0.738439428125 0.5380433234375 0.686316659375 0.5346521140625 0.672331334375 0.604932721875 0.72054791875 0.60237245625
25 0.45304211250000004 0.72084510625 0.4647896453125 0.6611828421875 0.37705250156250003 0.6723148046875 0.367909884375 0.738463371875 0.45304211250000004 0.72084510625
25 0.44746043437500005 0.7845241953125 0.46076021718750004 0.7313055687500001 0.3748713734375 0.7421320890625 0.3660479859375 0.79919783125 0.44746043437500005 0.7845241953125
25 0.4451147984375 0.8341864515624999 0.45452808906250003 0.7846345578125 0.3703779984375 0.80001216875 0.3556342578125 0.8530827562500001 0.4451147984375 0.8341864515624999
25 0.5397868703125 0.7137991140625 0.5563061546875 0.659802465625 0.4739371671875 0.66427338125 0.4546929265625 0.726862159375 0.5397868703125 0.7137991140625
25 0.5307970015625 0.77029474375 0.552550096875 0.724352371875 0.4703448265625 0.73471514375 0.45034656249999994 0.7851905109375 0.5307970015625 0.77029474375
25 0.5180357421874999 0.8167917140625001 0.530463546875 0.77173909375 0.45386899375 0.784127165625 0.44578170625 0.8312977531250001 0.5180357421874999 0.8167917140625001
31 0.6012836421875 0.75466601875 0.616302390625 0.7071689 0.55001875625 0.7188991812500001 0.5307869125 0.7703384453125001 0.6012836421875 0.75466601875
31 0.584674165625 0.8002745578124999 0.6001548203125 0.7551660921875001 0.5299341453124999 0.7674780515624999 0.517563740625 0.8144467890625 0.584674165625 0.8002745578124999
17 0.6657145703125 0.7433211843749999 0.6816954015625 0.6960462093750001 0.6190746390624999 0.69968156875 0.60086178125 0.7564932984375 0.6657145703125 0.7433211843749999
17 0.6516961765625 0.7864852828125 0.6623282578125 0.74482140625 0.5973237234375001 0.7554779968750001 0.5840855734375 0.8028240249999999 0.6516961765625 0.7864852828125
7 0.729105228125 0.7320935234375 0.7447526140625 0.686262871875 0.6878286296875 0.692747921875 0.669100875 0.7418209890624999 0.729105228125 0.7320935234375
7 0.7171393375 0.7795347703125 0.7313244531249999 0.735648509375 0.6689469453125 0.741604509375 0.6565063421875 0.787595796875 0.7171393375 0.7795347703125
7 0.7212019749999999 0.6785437921875 0.7357206921875 0.6332132171875 0.684687871875 0.6350059265625 0.6772953765625 0.68438108125 0.7212019749999999 0.6785437921875
42 0.7439964609375 0.5163423953125 0.7578471578125 0.4453753640625 0.735984215625 0.442941946875 0.7223027640625 0.5170389734375 0.7439964609375 0.5163423953125
41 0.72120444375 0.5163099984375 0.7361774671875 0.443225021875 0.7165375968750001 0.441421971875 0.7016272765625 0.51606899375 0.72120444375 0.5163099984375
38 0.6993263421875 0.5150623750000001 0.7149006765625 0.442116203125 0.692449825 0.439424428125 0.677135634375 0.5151688015625 0.6993263421875 0.5150623750000001
37 0.6521469796875 0.51367845625 0.667745228125 0.4378853234375 0.6470212359375 0.4372513765625 0.6290424390625 0.5150001671875 0.6521469796875 0.51367845625
33 0.6148657765625 0.43375917656249996 0.59853809375 0.5127118312500001 0.622925534375 0.514063375 0.636856921875 0.43668653749999997 0.6148657765625 0.43375917656249996
35 0.59752006875 0.5143784328125001 0.6132464359375 0.43528698749999994 0.58842101875 0.4338191921875 0.572323 0.513790821875 0.59752006875 0.5143784328125001
34 0.569212446875 0.5135481015625001 0.5812509625 0.431228159375 0.544886628125 0.430301671875 0.5329601234375 0.5142114796875 0.569212446875 0.5135481015625001