11 0.30770605156249997 0.2127139328125 0.3068325625 0.0624087296875 0.208918253125 0.056260946874999995 0.21076284531249997 0.2064982453125 0.30770605156249997 0.2127139328125
10 0.3944761625 0.21500005781249998 0.39219341406249997 0.079644390625 0.3200513109375 0.070766253125 0.3136040375 0.208588759375 0.3944761625 0.21500005781249998
9 0.480337953125 0.221990634375 0.48248486875 0.0788997171875 0.39833171875 0.075502409375 0.39978877343749997 0.22019768593750003 0.480337953125 0.221990634375
8 0.5621829890625001 0.22462115468750002 0.5691375062499999 0.1146087875 0.48827077812499997 0.10541255000000001 0.48273590000000005 0.22089476718749998 0.5621829890625001 0.22462115468750002
20 0.644092615625 0.2281753453125 0.6480865609375 0.11094450625 0.5768575359375 0.0982897734375 0.56827474375 0.223266990625 0.644092615625 0.2281753453125
20 0.7096728015625 0.2282304671875 0.718414690625 0.1078830578125 0.65021286875 0.1033703234375 0.6464905625 0.2270794765625 0.7096728015625 0.2282304671875
19 0.7238760015625 0.1130702875 0.7128364578124999 0.22522468125 0.7823472781249999 0.2284082984375 0.791705140625 0.11451512500000001 0.7238760015625 0.1130702875
21 0.8386815046875 0.23189452031250002 0.8520845687499999 0.1177184796875 0.79088429375 0.11457252343749999 0.779020834375 0.2280221140625 0.8386815046875 0.23189452031250002
3 0.31328125 0.31953125 0.0703125 0.09375
3 0.38203125 0.3171875 0.0703125 0.090625
2 0.23828125 0.3203125 0.075 0.09375
14 0.4515625 0.30859375 0.0859375 0.1171875
14 0.5665238109375 0.362308075 0.5762749421875 0.2440558625 0.4998902078125 0.2469220375 0.49226015468749995 0.3619319734375 0.5665238109375 0.362308075
14 0.64061523125 0.36022105312499997 0.64662315 0.24718092343750003 0.5764441625 0.2446628203125 0.5664376921875001 0.3610765125 0.64061523125 0.36022105312499997
13 0.7023078421875 0.357763459375 0.6968788484374999 0.24614186718750003 0.64656053125 0.24471013749999998 0.6354748578125 0.35748654687500003 0.7023078421875 0.357763459375
13 0.7698324953125 0.3561356328125 0.7620424546875 0.24591672187500002 0.7010377703125 0.24523225625 0.7037772953125 0.3551855390625 0.7698324953125 0.3561356328125
13 0.8299695359375001 0.3550243984375 0.8355025828124999 0.2463490125 0.7704624703125 0.2471843125 0.76966025625 0.35367251093749996 0.8299695359375001 0.3550243984375
0 0.46406861250000003 0.46600388125 0.46781964687500005 0.39210541875 0.402696415625 0.390471365625 0.3967161984375 0.470094828125 0.46406861250000003 0.46600388125
1 0.5528060765625 0.46103633437499997 0.5532049375 0.3978917328125 0.46689191250000006 0.4002145796875 0.46402555312500005 0.4653881 0.5528060765625 0.46103633437499997
28 0.6120792109375001 0.45936672031250003 0.61573609375 0.3836184671875 0.559865496875 0.3850501546875 0.556996425 0.4619809 0.6120792109375001 0.45936672031250003
29 0.6248507484375 0.3959757265625 0.6210654546875001 0.45811955 0.695762421875 0.452896228125 0.6982385296875 0.393937909375 0.6248507484375 0.3959757265625
4 0.701902271875 0.37697435 0.6964971484375 0.45160726875 0.7466117999999999 0.4487217015625 0.7448572171875 0.3764458125 0.701902271875 0.37697435
5 0.8155197859375001 0.44328439375000006 0.8206889500000001 0.388469296875 0.7482670640625 0.38982078124999997 0.7466117999999999 0.4487217015625 0.8155197859375001 0.44328439375000006
24 0.4521403765625 0.6728954859375 0.4487541796875 0.6032088546875001 0.391629371875 0.6096785765625 0.390878359375 0.68151088125 0.4521403765625 0.6728954859375
24 0.5100759515625 0.66389390625 0.513185775 0.592515446875 0.4511205203125 0.5993306375 0.45369595 0.6715491265625 0.5100759515625 0.66389390625
24 0.5715963265624999 0.658973190625 0.5697514406249999 0.58732240625 0.517522909375 0.593449746875 0.5142663 0.6648384703125 0.5715963265624999 0.658973190625
15 0.4659872921875 0.5760145624999999 0.4590232890625 0.49048954531250005 0.38599671562500004 0.4937396859375 0.390684778125 0.5843741859375 0.4659872921875 0.5760145624999999
23 0.5367092078125 0.5729255796875 0.5380154015625 0.4874410421875 0.46829659062499995 0.49107867499999996 0.4677581625 0.5777471078125 0.5367092078125 0.5729255796875
27 0.3095833796875 0.8098465296875 0.30571278749999997 0.7475866984375 0.20478435312499998 0.763926171875 0.2034732796875 0.8289909375000001 0.3095833796875 0.8098465296875
27 0.3097065 0.8674832125 0.30938188437499997 0.8093721 0.20545138281250003 0.829341134375 0.20516442812500002 0.8904261312499999 0.3097065 0.8674832125
27 0.312421765625 0.9249386390625001 0.31018626562499996 0.8674496640625 0.2076885828125 0.8892725859375 0.20873169531250002 0.9507530937500001 0.312421765625 0.9249386390625001
25 0.41082266875 0.899027725 0.4097638328125 0.8455200640625 0.31409750625 0.8669763171874999 0.3146442203125 0.92305120625 0.41082266875 0.899027725
25 0.4071528203125 0.84654645 0.40750915781249997 0.7891427046875 0.311018534375 0.8068594671874999 0.3113872453125 0.8684315453125 0.4071528203125 0.84654645
25 0.40816767499999995 0.788674753125 0.4072000953125 0.7284102625 0.31341880624999996 0.7446718609375 0.3121965875 0.807620896875 0.40816767499999995 0.788674753125
25 0.5011624203125 0.7754214765625 0.5019257546875 0.7154578500000001 0.41136248281250004 0.7298068125 0.41173119218750004 0.7913788890625 0.5011624203125 0.7754214765625
25 0.497497871875 0.8275718140625001 0.4999368984375 0.7755071734375 0.410670575 0.7922968625 0.40762441093749996 0.8452477640625 0.497497871875 0.8275718140625001
25 0.49828130625 0.8789892171875 0.49733150937500004 0.8267396421875001 0.40927405625 0.84471050625 0.41026300000000004 0.8990668609375 0.49828130625 0.8789892171875
25 0.5824700140625 0.860445075 0.5842219515625 0.8063189625 0.502918396875 0.8246613546875 0.5021696203125 0.8782954171874999 0.5824700140625 0.860445075
25 0.5864998234375001 0.7572189125000001 0.5876652531250001 0.7027119093749999 0.503208534375 0.71621195625 0.5031955796875 0.7723259812500001 0.5864998234375001 0.7572189125000001
25 0.5827471984375 0.8081096999999999 0.5836740515625001 0.7582603171875 0.5010156265625 0.7733222265624999 0.4995897484375 0.8253160203125001 0.5827471984375 0.8081096999999999
31 0.6645081296875001 0.8433170234375 0.6653949703125 0.79262663125 0.5911128531250001 0.8071028124999999 0.5886557156250001 0.8604344312500001 0.6645081296875001 0.8433170234375
31 0.666022084375 0.7925827796875 0.6692961140625 0.7438349750000001 0.593215834375 0.7567492828125 0.588461309375 0.8093977421874999 0.666022084375 0.7925827796875
31 0.6681544234375 0.7426491000000001 0.670693828125 0.691421246875 0.593817815625 0.7010159734375 0.5899165453124999 0.7578237984375 0.6681544234375 0.7426491000000001
31 0.736530946875 0.8277331203125 0.7384959171875 0.77612353125 0.6663762390625 0.7896046937500001 0.6667468000000001 0.84316048125 0.736530946875 0.8277331203125
17 0.738015540625 0.776579025 0.7412481015625 0.7269903140625 0.6702756578125 0.74081315625 0.6664055984374999 0.79002454375 0.738015540625 0.776579025
7 0.8091649953125 0.7163344578124999 0.81439030625 0.6628092703124999 0.7470236406249999 0.6721609421875 0.7441829890625 0.7280507953125 0.8091649953125 0.7163344578124999
7 0.806915221875 0.7645887375 0.8095750734375 0.7146181687500001 0.741856240625 0.7269477890625 0.7392523109375 0.7781801546875 0.806915221875 0.7645887375
7 0.802810290625 0.8104413218750001 0.8057913671874999 0.765089228125 0.7385752078125 0.7765398890624999 0.7374154109375 0.824296046875 0.802810290625 0.8104413218750001
23 0.5999559046875 0.6520678906249999 0.6004783671875 0.596340140625 0.57071935 0.5958896765625 0.5709706234375 0.655782353125 0.5999559046875 0.6520678906249999
30 0.6524765796875001 0.6471295796875001 0.6568146625 0.5814312421875 0.6059509000000001 0.5849879828125 0.6021064968750001 0.6506517984375 0.6524765796875001 0.6471295796875001
12 0.7049972578125 0.642191265625 0.712824046875 0.5779365859375 0.6652756625 0.580839590625 0.65636489375 0.6464357796875 0.7049972578125 0.642191265625
16 0.758490475 0.63507543125 0.7591993921875 0.5734279984375 0.7156751046875 0.577737221875 0.7099755453125 0.6409993453125 0.758490475 0.63507543125
6 0.8076531453125 0.6303719328125 0.8090235968749999 0.5619277890625 0.764162521875 0.56337716875 0.7625549406250001 0.63690073125 0.8076531453125 0.6303719328125
36 0.573525090625 0.5636288390625 0.5800871109375 0.489758828125 0.5402277703125 0.48959274375 0.53717605625 0.5665925140625 0.573525090625 0.5636288390625
34 0.6159510484374999 0.5605114484375 0.6195269359375 0.48600644062500004 0.5821316765625 0.4876268875 0.5777168390625 0.5635165390625 0.6159510484374999 0.5605114484375
33 0.64370218125 0.552935478125 0.6445057203125 0.48293377499999995 0.619509475 0.4850131765625 0.6175023937499999 0.5574195093750001 0.64370218125 0.552935478125
35 0.648279765625 0.4800179046875 0.6437944515625 0.5542550078125 0.6720775953125 0.5479678171875 0.6747089578125001 0.4781697953125 0.648279765625 0.4800179046875
37 0.6989117593749999 0.5498095140625 0.6997616890625 0.476498571875 0.6745832968750001 0.47926266249999994 0.6739186968750001 0.5510554765625 0.6989117593749999 0.5498095140625
39 0.726444828125 0.5466299078125 0.7277214421875 0.474543434375 0.7011704078125 0.47690178593750004 0.700488353125 0.5484449609375 0.726444828125 0.5466299078125
38 0.7523140171875 0.5435666515625 0.7551202265625 0.47413269375 0.7324338328125 0.47446477343750004 0.7263400875 0.5451320640625 0.7523140171875 0.5435666515625
42 0.776817196875 0.5400971921875 0.7796990671875 0.471661390625 0.75642856875 0.473288621875 0.7534880109375 0.54122680625 0.776817196875 0.5400971921875