13 0.7776562265625 0.309968025 0.7595244921875001 0.2076540140625 0.68085528125 0.2209250515625 0.7007390046875 0.323514896875 0.7776562265625 0.309968025
13 0.6991767109375 0.3251266953125 0.679842971875 0.22112656875 0.6123817359375 0.230405815625 0.6263759328125 0.33597508125000003 0.6991767109375 0.3251266953125
14 0.6274732484375 0.3371656125 0.6102697796875 0.2338503671875 0.5401078984375001 0.24458160312500002 0.553004765625 0.3489602609375 0.6274732484375 0.3371656125
14 0.5545670640625 0.3473484890625 0.53945639375 0.24591835 0.46642059687500004 0.255570346875 0.4829689984375 0.36005283593750004 0.5545670640625 0.3473484890625
20 0.326055475 0.3878347203125 0.3065511359375 0.2853536234375 0.23157609375 0.2999489359375 0.2493246015625 0.40087053125 0.326055475 0.3878347203125
19 0.40693828125 0.3750241421875 0.3850254171875 0.2701672578125 0.3154232484375 0.2835789375 0.3336491734375 0.38751483124999997 0.40693828125 0.3750241421875
23 0.7977911609375 0.4258340828125 0.78417409375 0.3530829921875 0.7112147531249999 0.36185725468749996 0.7242292375 0.4366022765625 0.7977911609375 0.4258340828125
15 0.723996621875 0.43884619843749995 0.7097834953125 0.36155659375 0.643088384375 0.37353022812500003 0.6534393390625 0.45002137500000006 0.723996621875 0.43884619843749995
8 0.652496646875 0.4514949265625 0.6385749828125 0.3529826578125 0.5618682921875 0.3656477046875 0.5757937875 0.4609950125 0.652496646875 0.4514949265625
9 0.5745782796875 0.4607460875 0.55909216875 0.371086015625 0.482309384375 0.3831041625 0.4973419375 0.474303365625 0.5745782796875 0.4607460875
10 0.49511558281249995 0.47509739375000004 0.48099434375000005 0.3840069453125 0.4032157515625 0.396072771875 0.4180156890625 0.48951589687499997 0.49511558281249995 0.47509739375000004
11 0.414629853125 0.4829895171875 0.3975704203125 0.39115403125000003 0.3277283015625 0.4058217328125 0.34278886875 0.493485209375 0.414629853125 0.4829895171875
3 0.34180606562500004 0.49099234843749995 0.3285694 0.4197291703125 0.2777780140625 0.42829981093749997 0.28903142187499997 0.49935103124999997 0.34180606562500004 0.49099234843749995
2 0.28724237812500003 0.4991929625 0.27545536875 0.43255321875 0.22447002343750003 0.44071569843749997 0.2347405453125 0.5092741046875 0.28724237812500003 0.4991929625
5 0.80163955 0.5132468875 0.7914642859375001 0.4594613984375 0.7092950499999999 0.47225443437500003 0.7173831374999999 0.5270332 0.80163955 0.5132468875
4 0.7171505203125 0.529277121875 0.7029698734375 0.46244850625 0.642400053125 0.47313842968750003 0.655293996875 0.5359843203125 0.7171505203125 0.529277121875
29 0.6538458859375 0.5379793796875 0.6429030578125 0.48243973437500004 0.555793065625 0.49435968125 0.5658748453125 0.5505883468749999 0.6538458859375 0.5379793796875
28 0.5667213265625 0.5522199296875 0.552427225 0.48684356875 0.493828146875 0.4966699078125 0.5059158046875 0.5618505781249999 0.5667213265625 0.5522199296875
1 0.5026103984375 0.5632569390625 0.49118146874999996 0.5086758796875 0.405035 0.5226515703125 0.41670130937499994 0.5777464703125 0.5026103984375 0.5632569390625
12 0.8151794671875001 0.609872628125 0.8055229390624999 0.548224240625 0.7513682546875 0.5559740671875 0.7627739328125 0.6168486046874999 0.8151794671875001 0.609872628125
6 0.8312509218749999 0.696493128125 0.8186443484374999 0.6310695578125001 0.7653376203125 0.6367476890625 0.775909003125 0.703492775 0.8312509218749999 0.696493128125
16 0.7765508375 0.7038325609375 0.761432715625 0.6412338937500001 0.7074404750000001 0.6498904265625 0.719050759375 0.712056809375 0.7765508375 0.7038325609375
30 0.71760264375 0.7140518375 0.7010468125 0.645283565625 0.6460893765625 0.6560761640624999 0.6618917 0.722434159375 0.71760264375 0.7140518375
26 0.6573988015625 0.72005586875 0.6427058031249999 0.6622441953125 0.6082415078125 0.669574746875 0.6194705859375 0.72562168125 0.6573988015625 0.72005586875
24 0.6207542968750001 0.7263012296875 0.6078009984375 0.6600522515625 0.5537618906249999 0.667168078125 0.56588974375 0.73631513125 0.6207542968750001 0.7263012296875
24 0.56588974375 0.73631513125 0.5520239203124999 0.6699893765625 0.496302015625 0.6793587421875 0.509167953125 0.7457404078125001 0.56588974375 0.73631513125
24 0.5108888359375 0.7454678453125 0.4964172484375 0.6810024140625 0.442079340625 0.6897124234375 0.4530197046875 0.755074859375 0.5108888359375 0.7454678453125
7 0.8586993609375 0.836381803125 0.850185434375 0.783789096875 0.7632540624999999 0.798087565625 0.771097346875 0.8476081125 0.8586993609375 0.836381803125
7 0.8576477375 0.8355465375 0.7691438046875 0.8501246 0.7754708124999999 0.9012095484374999 0.8636062578124999 0.885926003125 0.8576477375 0.8355465375
17 0.77086473125 0.8498520328125 0.7614493265625 0.79453480625 0.6756801 0.805778090625 0.6841774015625 0.86314053125 0.77086473125 0.8498520328125
17 0.77317625625 0.9015729703125 0.7672710281249999 0.8498608031250001 0.68181464375 0.8630733484374999 0.688851684375 0.9149286703125 0.77317625625 0.9015729703125
31 0.6807355890625 0.8636856609375 0.6708665640625 0.812190415625 0.5858639203125 0.8253005703125 0.5936791953125 0.878356875 0.6807355890625 0.8636856609375
31 0.6885508234375 0.9167419921875 0.6799338265625 0.8647965578125 0.5948264937500001 0.878175159375 0.6036526234374999 0.9301885453125 0.6885508234375 0.9167419921875
25 0.5946900890625 0.8773139296875 0.5823860671875 0.8245499953125 0.49681387499999996 0.838521875 0.5076336968749999 0.8919851421875 0.5946900890625 0.8773139296875
25 0.6018915 0.9264947328125 0.5892163 0.8769589968749999 0.50561199375 0.8940710187500001 0.513619646875 0.9409170281250001 0.6018915 0.9264947328125
25 0.5113933359375 0.94171105 0.5001037328125 0.8899701375 0.41645346562499996 0.90289535 0.42507503125 0.953616890625 0.5113933359375 0.94171105
18 0.5025671671875 0.8896976890625 0.49255622343749994 0.8376747421875 0.40668464687499994 0.8523555343749999 0.4169589328125 0.9023738671875 0.5025671671875 0.8896976890625
27 0.40467995625000003 0.90652574375 0.39403387031250003 0.8516247937499999 0.309467275 0.8659875843749999 0.31829344375 0.9180009453125001 0.40467995625000003 0.90652574375
27 0.41438048437499997 0.9566349671875001 0.40289508281249997 0.9075722828125 0.3190716375 0.9192019515625001 0.33035677343750003 0.968177346875 0.41438048437499997 0.9566349671875001
36 0.47127803593750006 0.66374538125 0.45859606093750005 0.594914071875 0.417192825 0.6010230328125 0.4307420609375 0.6707910015625 0.47127803593750006 0.66374538125
34 0.5156158828125 0.6570356187499999 0.503814303125 0.58775220625 0.4639203125 0.593622125 0.47529298593749997 0.662796809375 0.5156158828125 0.6570356187499999
33 0.54517815 0.6517091671874999 0.5315771 0.582183175 0.5047630609375 0.5858836421875 0.5175962796875 0.6563903718749999 0.54517815 0.6517091671874999
35 0.5745244781250001 0.6450193484375 0.5625090265625 0.576893428125 0.5349021625 0.581569625 0.5470392328125 0.6503106015625 0.5745244781250001 0.6450193484375
37 0.6051921671875 0.641412746875 0.59388866875 0.5711421578125 0.5639161015624999 0.5754109234375 0.577968309375 0.6457245828125 0.6051921671875 0.641412746875
39 0.636334325 0.635542296875 0.6238044546875 0.5660133515625 0.5956578171875 0.57069619375 0.6078431953125001 0.6397421828125001 0.636334325 0.635542296875
38 0.6670020125 0.63193569375 0.6554255078125 0.5617862921875 0.6273995671875 0.5659814703125 0.639275215625 0.6357018578125 0.6670020125 0.63193569375
41 0.699101771875 0.6268515921875 0.687821290625 0.55587408125 0.6576807734375001 0.5599347171875 0.670658953125 0.6313564921875 0.699101771875 0.6268515921875
42 0.7274479703125001 0.6217366640625 0.716212865625 0.5509866859375 0.6886098515625 0.5553487078125 0.70103678125 0.6259197859375 0.7274479703125001 0.6217366640625
40 0.7594994203125001 0.61634755 0.7468781328125 0.5473016187499999 0.7198003500000001 0.5497832765624999 0.7310566 0.62085245 0.7594994203125001 0.61634755