11 0.17578125 0.1734375 0.0953125 0.1328125
10 0.27265625 0.1734375 0.1 0.1359375
9 0.36953125 0.18203125 0.096875 0.134375
20 0.53046875 0.1890625 0.1 0.13125
20 0.62265625 0.1953125 0.09375 0.1328125
19 0.7125 0.19375 0.096875 0.1390625
19 0.81328125 0.19609375 0.1109375 0.140625
2 0.15703125 0.3359375 0.0671875 0.0890625
3 0.22734375 0.3375 0.065625 0.0890625
3 0.29609375 0.340625 0.06875 0.096875
14 0.37421875 0.33359375 0.0875 0.1203125
14 0.46171875 0.3375 0.0953125 0.1234375
14 0.5484375 0.340625 0.0921875 0.11875
13 0.640625 0.34140625 0.09375 0.134375
13 0.73046875 0.34609375 0.0921875 0.1328125
13 0.8234375 0.35234375 0.0984375 0.1296875
0 0.34765625 0.45859375 0.075 0.0828125
1 0.43515625 0.46875 0.1125 0.071875
28 0.5234375 0.465625 0.0703125 0.084375
29 0.60859375 0.475 0.10625 0.071875
4 0.7 0.47109375 0.0765625 0.084375
5 0.7953125 0.48359375 0.1125 0.071875
15 0.34765625 0.56328125 0.0859375 0.0921875
23 0.43125 0.56640625 0.0796875 0.09375
24 0.3390625 0.67109375 0.06875 0.08125
24 0.40390625 0.67421875 0.065625 0.078125
24 0.46953125 0.6796875 0.071875 0.0765625
26 0.53515625 0.68203125 0.0515625 0.0671875
30 0.5921875 0.68125 0.071875 0.08125
12 0.6609375 0.684375 0.071875 0.0796875
16 0.73125 0.68984375 0.071875 0.0796875
6 0.8046875 0.69453125 0.0703125 0.0796875
25 0.2578125 0.8390625 0.1078125 0.0640625
25 0.2609375 0.89921875 0.10625 0.0640625
25 0.36484375 0.9015625 0.1015625 0.0640625
25 0.46953125 0.90625 0.1046875 0.065625
25 0.47109375 0.84765625 0.1046875 0.0625
25 0.3640625 0.8421875 0.10625 0.0640625
25 0.36953125 0.7765625 0.10625 0.0671875
31 0.57421875 0.85390625 0.1046875 0.065625
31 0.571875 0.9125 0.1015625 0.0640625
31 0.5765625 0.7828125 0.1015625 0.065625
17 0.671875 0.91875 0.10625 0.0640625
17 0.67734375 0.86171875 0.1015625 0.0640625
7 0.7734375 0.921875 0.1015625 0.0625
7 0.78125 0.86484375 0.1078125 0.0640625
34 0.54765625 0.575 0.053125 0.084375
33 0.5953125 0.578125 0.0390625 0.0859375
37 0.66953125 0.58203125 0.040625 0.0828125
39 0.70625 0.58359375 0.040625 0.0828125
38 0.74453125 0.58671875 0.0375 0.0859375
18 0.49609375 0.5671875 0.053125 0.075
18 0.63046875 0.57421875 0.0375 0.0734375
18 0.78203125 0.58125 0.0375 0.0734375
42 0.8330314578125 0.6331090171875 0.8444522843750001 0.55172385625 0.8116354796874999 0.5485400046875 0.7992465765625 0.6323144234375 0.8330314578125 0.6331090171875