21 0.1484375 0.36015625 0.115625 0.1171875
21 0.2390625 0.34140625 0.109375 0.115625
20 0.33046875 0.3234375 0.1046875 0.1109375
20 0.42265625 0.30390625 0.109375 0.1109375
8 0.51796875 0.28359375 0.1125 0.1140625
9 0.61484375 0.26171875 0.1125 0.1140625
10 0.70234375 0.2421875 0.1046875 0.1125
11 0.7921875 0.22421875 0.109375 0.1109375
13 0.17578125 0.46875 0.1109375 0.1109375
13 0.26875 0.446875 0.109375 0.1125
13 0.359375 0.4296875 0.1109375 0.109375
14 0.45234375 0.41171875 0.1078125 0.1078125
14 0.546875 0.390625 0.1046875 0.10625
14 0.64140625 0.3703125 0.109375 0.10625
2 0.8296875 0.340625 0.08125 0.0765625
3 0.71484375 0.37265625 0.0578125 0.059375
5 0.2015625 0.55703125 0.1234375 0.0734375
4 0.29375 0.534375 0.0796875 0.0734375
29 0.38359375 0.5171875 0.1171875 0.0734375
28 0.4734375 0.49765625 0.078125 0.06875
1 0.5625 0.48125 0.115625 0.0734375
0 0.653125 0.45703125 0.08125 0.071875
15 0.6671875 0.53984375 0.096875 0.084375
23 0.5859375 0.55703125 0.096875 0.0875
24 0.68984375 0.6359375 0.0765625 0.0734375
24 0.6234375 0.6515625 0.075 0.0703125
24 0.55390625 0.6640625 0.0796875 0.075
26 0.49765625 0.68203125 0.0546875 0.059375
30 0.4421875 0.6890625 0.078125 0.075
12 0.3734375 0.703125 0.078125 0.0765625
16 0.30546875 0.71796875 0.08125 0.078125
6 0.23515625 0.734375 0.0875 0.075
27 0.90078125 0.72578125 0.1171875 0.0734375
27 0.91015625 0.775 0.1125 0.065625
25 0.79296875 0.7484375 0.1109375 0.0703125
25 0.803125 0.796875 0.1125 0.0703125
25 0.6953125 0.821875 0.1109375 0.06875
25 0.68828125 0.7734375 0.115625 0.071875
25 0.57890625 0.79609375 0.11875 0.0703125
25 0.5859375 0.84609375 0.11875 0.071875
31 0.4765625 0.871875 0.11875 0.071875
31 0.4671875 0.8234375 0.1203125 0.075
17 0.36953125 0.8984375 0.1171875 0.06875
17 0.3578125 0.84609375 0.1171875 0.071875
7 0.25859375 0.921875 0.1234375 0.0734375
34 0.4640625 0.5859375 0.0609375 0.0734375
38 0.2609375 0.6296875 0.0515625 0.071875
39 0.29921875 0.6203125 0.0484375 0.0734375
33 0.4420989640625 0.62371615625 0.4317163078125 0.559660240625 0.399015540625 0.566611003125 0.40599682656249997 0.6302976578124999 0.4420989640625 0.62371615625
35 0.4028296796875 0.6306067750000001 0.3851716625 0.5688254484375 0.3475838 0.5771790765625 0.3676423359375 0.63845015625 0.4028296796875 0.6306067750000001
37 0.36400465625 0.63958745 0.3485989921875 0.576235128125 0.3141703546875 0.5842813234374999 0.32936188906249997 0.6469509984374999 0.36400465625 0.63958745
42 0.21234223437500002 0.6743728640625 0.190898446875 0.613032146875 0.1556654171875 0.620521159375 0.1746804078125 0.6827422140625 0.21234223437500002 0.6743728640625
18 0.22109375 0.63359375 0.0453125 0.0625