15 0.7296875 0.15625 0.2109375 0.228125
23 0.55703125 0.1296875 0.221875 0.240625
14 0.3703125 0.11484375 0.203125 0.2296875
14 0.2015625 0.1078125 0.203125 0.215625
38 0.723600021875 0.3216060890625 0.7082852921875 0.492477078125 0.7821515515625 0.5027643562499999 0.7968336265625 0.3283532796875 0.723600021875 0.3216060890625
32 0.6504343015625 0.3143060390625 0.630609915625 0.48546412656250004 0.7071142703125 0.492428546875 0.72581099375 0.3218775625 0.6504343015625 0.3143060390625
39 0.576870978125 0.3041512171875 0.553036325 0.47762221250000003 0.6287895921875 0.48449505625 0.6482912109375001 0.31348170625 0.576870978125 0.3041512171875
42 0.503637375 0.29740401875 0.4809891640625 0.47045885781249996 0.5541499140624999 0.477014028125 0.5743205953125 0.30664402343749997 0.503637375 0.29740401875
46 0.49539473593750005 0.297514334375 0.4267867234375 0.28965151875 0.40507413437500006 0.46039339375 0.47763860156250004 0.46649725625 0.49539473593750005 0.297514334375
36 0.4911625078125 0.7074817453125 0.5091404515625 0.5399993015625 0.4111499625 0.5275458000000001 0.388570534375 0.697702815625 0.4911625078125 0.7074817453125
35 0.5091404515625 0.5399993015625 0.49451820937499996 0.7110559000000001 0.5669285265624999 0.7196024234375 0.5817532484375 0.54849325 0.5091404515625 0.5399993015625
35 0.582409209375 0.5477302359375 0.56732008125 0.71904620625 0.6421578203125 0.729682984375 0.65784256875 0.5561487281249999 0.582409209375 0.5477302359375
35 0.7343327296875 0.5651187625 0.664037590625 0.5560658218750001 0.6450804078125 0.7287764937500001 0.7185459453124999 0.7394840375 0.7343327296875 0.5651187625
12 0.05703125 0.72578125 0.1140625 0.1578125
34 0.3997672984375 0.7627556703125 0.3730551296875 0.9292368984375001 0.4740578875 0.9435960296875001 0.499494596875 0.7765857375 0.3997672984375 0.7627556703125
33 0.567184625 0.7817268390625001 0.5479297296875 0.9503126765625 0.6222382750000001 0.9586201031250001 0.6386544953125 0.7905022359375 0.567184625 0.7817268390625001
33 0.6214165640625 0.959575946875 0.696355846875 0.9687773343750001 0.7108821562500001 0.7988423078125 0.6400422531250001 0.79067263125 0.6214165640625 0.959575946875
37 0.49703860312500003 0.7736423609374999 0.475742590625 0.9446181828125001 0.5468516218749999 0.9530623328125 0.5651029796875 0.7814712453125 0.49703860312500003 0.7736423609374999