14 0.75390625 0.3359375 0.1625 0.1953125
13 0.87890625 0.359375 0.1703125 0.2046875
5 0.83359375 0.67578125 0.134375 0.0828125
29 0.715625 0.64765625 0.1265625 0.084375
7 0.59765625 0.62265625 0.1328125 0.0859375
31 0.553125 0.70390625 0.11875 0.075
15 0.8140625 0.765625 0.115625 0.0953125
23 0.71953125 0.7453125 0.1015625 0.0921875
24 0.6421875 0.728125 0.0890625 0.084375
27 0.51484375 0.85859375 0.1109375 0.0625
25 0.6359375 0.88359375 0.1171875 0.065625
25 0.74296875 0.91015625 0.1203125 0.0703125
39 0.57109375 0.49609375 0.0578125 0.0984375
38 0.61484375 0.50546875 0.0609375 0.096875
40 0.6938378937499999 0.4758949890625 0.6498850515625 0.466838784375 0.6259860328125 0.5542137968749999 0.667605971875 0.5632476984375 0.6938378937499999 0.4758949890625
41 0.7369008890625001 0.4848551234375 0.694533640625 0.4764613953125 0.6687290625 0.5639378984375 0.7110430812499999 0.572634821875 0.7369008890625001 0.4848551234375
42 0.7813683203124999 0.494677784375 0.7396112375 0.4871112 0.7143240578125 0.57516016875 0.7574205890625 0.5830654281250001 0.7813683203124999 0.494677784375
18 0.8028620999999999 0.578906796875 0.830395846875 0.5012600953125 0.7844081593750001 0.492737203125 0.7624536875000001 0.57010839375 0.8028620999999999 0.578906796875
33 0.8819958734375 0.5148273359375 0.83588381875 0.506046353125 0.8009929640625 0.591756671875 0.843912721875 0.6005713390625 0.8819958734375 0.5148273359375
37 0.9288460109375001 0.5245236140625 0.8837379750000001 0.515348259375 0.8453010234375 0.59989739375 0.8904670125 0.61009246875 0.9288460109375001 0.5245236140625
32 0.9768952640625 0.5320948375000001 0.9301284203125 0.5224780484375 0.89219584375 0.6109004125 0.9374502187499999 0.6206407765625 0.9768952640625 0.5320948375000001