19 0.26484375 0.1546875 0.1 0.13125
19 0.3453125 0.17109375 0.096875 0.128125
20 0.42109375 0.18984375 0.0984375 0.1203125
20 0.509375 0.20703125 0.1 0.1203125
8 0.59453125 0.21328125 0.1078125 0.1390625
9 0.690625 0.2359375 0.1015625 0.1265625
10 0.78125 0.253125 0.109375 0.1328125
11 0.87109375 0.2703125 0.109375 0.13125
14 0.66328125 0.359375 0.1 0.1140625
14 0.58359375 0.34453125 0.096875 0.115625
14 0.50546875 0.32890625 0.0890625 0.1125
13 0.42890625 0.31640625 0.0921875 0.1125
13 0.3546875 0.30234375 0.0921875 0.1109375
13 0.27421875 0.2875 0.096875 0.1140625
2 0.83203125 0.403125 0.078125 0.0875
18 0.75234375 0.3734375 0.1078125 0.1140625
0 0.65078125 0.46796875 0.0734375 0.0796875
1 0.56796875 0.4578125 0.103125 0.078125
28 0.490625 0.43828125 0.06875 0.08125
29 0.4125 0.4296875 0.103125 0.0765625
4 0.33671875 0.41015625 0.06875 0.08125
5 0.2609375 0.40234375 0.103125 0.0765625
15 0.6265625 0.56015625 0.0875 0.09375
23 0.5546875 0.54296875 0.0828125 0.09375
24 0.61640625 0.653125 0.0703125 0.078125
24 0.5578125 0.640625 0.0671875 0.08125
24 0.50078125 0.62890625 0.06875 0.0796875
26 0.45234375 0.62421875 0.046875 0.065625
30 0.40859375 0.60859375 0.06875 0.08125
12 0.35234375 0.60078125 0.0703125 0.0796875
16 0.29140625 0.59453125 0.071875 0.0796875
6 0.225 0.58046875 0.078125 0.0859375
25 0.640625 0.8078125 0.096875 0.0703125
25 0.63203125 0.8578125 0.09375 0.0625
25 0.56015625 0.7375 0.1 0.071875
25 0.55234375 0.78984375 0.0953125 0.06875
25 0.5453125 0.840625 0.09375 0.065625
25 0.459375 0.828125 0.0953125 0.0671875
25 0.465625 0.77578125 0.0953125 0.06875
25 0.46796875 0.7234375 0.0984375 0.071875
31 0.37890625 0.71015625 0.1 0.0734375
31 0.3765625 0.7609375 0.096875 0.0671875
31 0.37109375 0.8109375 0.0953125 0.0671875
17 0.28203125 0.79375 0.0984375 0.0703125
17 0.2859375 0.74140625 0.1 0.071875
17 0.29375 0.6859375 0.0953125 0.0734375
7 0.19140625 0.77578125 0.0984375 0.06875
7 0.1953125 0.7265625 0.103125 0.06875
36 0.496875 0.53671875 0.05625 0.078125
34 0.45234375 0.528125 0.0546875 0.078125
37 0.3557016125 0.5477745203125 0.3615826375 0.47708508906249997 0.3325363390625 0.472890225 0.3261398 0.5431166609375 0.3557016125 0.5477745203125
39 0.3230816609375 0.5414338437499999 0.3326158796875 0.4718173140625 0.301314384375 0.4668212921875 0.29212185 0.5365042421874999 0.3230816609375 0.5414338437499999
38 0.290452046875 0.5376308265625 0.29719153593750003 0.46493151875 0.2658984390625 0.4599371296875 0.260424234375 0.532882384375 0.290452046875 0.5376308265625
18 0.41484375 0.515625 0.04375 0.0671875
18 0.38125 0.51015625 0.040625 0.06875
18 0.22109375 0.4828125 0.04375 0.065625
18 0.25959884375 0.522201009375 0.2638938875 0.459547484375 0.23913262031250002 0.455822753125 0.2330368828125 0.5170378875 0.25959884375 0.522201009375