21 0.4390625 0.2421875 0.1328125 0.1859375
14 0.3296875 0.25703125 0.13125 0.1828125
13 0.21875 0.27421875 0.1453125 0.18125
9 0.0921875 0.2828125 0.15625 0.196875
7 0.47421875 0.578125 0.125 0.0875
29 0.34921875 0.60078125 0.13125 0.0890625
5 0.225 0.62421875 0.1359375 0.0875
15 0.2296875 0.73671875 0.1046875 0.1078125
23 0.31640625 0.72109375 0.1046875 0.1078125
24 0.40078125 0.7140625 0.08125 0.0828125
31 0.48984375 0.69921875 0.1125 0.0765625
27 0.496875 0.85859375 0.1078125 0.0734375
27 0.543611075 0.8178472156250001 0.5331726125 0.7613092390625 0.430091296875 0.7834758328125 0.4406093578125 0.8416788109375 0.543611075 0.8178472156250001
25 0.443886815625 0.900470625 0.43396405 0.8476024437499999 0.3289222875 0.8693795015625 0.3418717171875 0.9254109843749999 0.443886815625 0.900470625
25 0.4359337765625 0.8379699703125001 0.4268669625 0.7793680734375 0.32059844375 0.802759990625 0.33173226875 0.865088734375 0.4359337765625 0.8379699703125001
25 0.34131483125 0.9273603734375 0.3247019890625 0.8741849984375 0.21562410468749998 0.8985487171875001 0.23248257031250003 0.9570010953124999 0.34131483125 0.9273603734375
25 0.3237153078125 0.8730762421874999 0.3083021921875 0.8166136828124999 0.197596934375 0.8442015515625 0.212737703125 0.8992761984375001 0.3237153078125 0.8730762421874999
42 0.35023576875 0.501182353125 0.32917929218749997 0.40203143125 0.28857124375 0.4062910046875 0.3077820671875 0.5082180328125 0.35023576875 0.501182353125
33 0.30638528125 0.5084143375 0.28580613593750004 0.4075925296875 0.2405423671875 0.41304102187499997 0.26253484843749997 0.5156463359375001 0.30638528125 0.5084143375
35 0.260144978125 0.5138437875 0.23691966718750002 0.414463075 0.1944440890625 0.42085546406249996 0.21861068437500003 0.5223540953125 0.260144978125 0.5138437875
18 0.1466815703125 0.4260759921875 0.16780855781249998 0.5155940375 0.21118166249999998 0.5100329671875 0.19007782812500001 0.4214691015625 0.1466815703125 0.4260759921875
18 0.1661907921875 0.5142176203125 0.14521110625 0.42574805312499997 0.10141912187499999 0.43058989375 0.11653221875 0.520662034375 0.1661907921875 0.5142176203125
18 0.39187583125000003 0.47822275156250005 0.3767042859375 0.3905407640625 0.33641602656249997 0.3982311078125 0.34725335 0.48502863281249997 0.39187583125000003 0.47822275156250005
18 0.43363116718750006 0.47128524218749995 0.42140044374999996 0.38425912812499996 0.37883720468750004 0.3895976984375 0.391324821875 0.4793694125 0.43363116718750006 0.47128524218749995
38 0.4781479234375 0.4789285890625 0.46639136875 0.38007448906249997 0.424522459375 0.38518068125 0.43709096093750005 0.48576798906249996 0.4781479234375 0.4789285890625
39 0.519352190625 0.47313770625 0.5118596296875 0.3742189625 0.46965543906249996 0.3768340265625 0.478919971875 0.47935470625 0.519352190625 0.47313770625