11 0.50234375 0.22421875 0.0859375 0.1328125
11 0.56640625 0.23515625 0.075 0.1265625
9 0.6125 0.2578125 0.059375 0.1
8 0.665625 0.26484375 0.0671875 0.10625
8 0.7125 0.278125 0.05625 0.096875
8 0.7625 0.28359375 0.0671875 0.103125
19 0.8015625 0.29453125 0.046875 0.0890625
20 0.8359375 0.30703125 0.05625 0.0796875
13 0.8203125 0.4 0.040625 0.078125
13 0.78828125 0.39453125 0.0421875 0.0828125
13 0.74921875 0.390625 0.0546875 0.090625
14 0.7078125 0.3859375 0.0515625 0.0875
14 0.6625 0.38125 0.05625 0.0921875
14 0.6140625 0.375 0.05625 0.0953125
3 0.5703125 0.38125 0.0484375 0.078125
3 0.52578125 0.3765625 0.053125 0.08125
2 0.475 0.3734375 0.0546875 0.08125
0 0.5890625 0.47265625 0.05 0.071875
1 0.6390625 0.48046875 0.065625 0.0625
28 0.69296875 0.4765625 0.05 0.0671875
29 0.73046875 0.4828125 0.046875 0.053125
4 0.76953125 0.48046875 0.0453125 0.0625
5 0.80546875 0.4859375 0.0484375 0.053125
6 0.78515625 0.6203125 0.0359375 0.05625
16 0.7546875 0.621875 0.0375 0.0578125
12 0.72421875 0.6234375 0.0359375 0.059375
30 0.69375 0.6265625 0.0390625 0.0640625
24 0.6296875 0.6296875 0.0375 0.0625
24 0.5953125 0.6328125 0.0390625 0.0625
24 0.55859375 0.6375 0.04375 0.06875
23 0.609375 0.55703125 0.05625 0.071875
27 0.51717780625 0.7756760734375 0.4471956828125 0.790449765625 0.4419849328125 0.843014765625 0.5126327671875 0.8246201453124999 0.51717780625 0.7756760734375
27 0.5102761703125 0.8255539796875 0.4412538875 0.843904840625 0.436833584375 0.8900329656249999 0.505926209375 0.8691138125 0.5102761703125 0.8255539796875
25 0.5809850328125 0.7625208265625 0.5179987046875 0.7758542640625 0.513739203125 0.8257358 0.5761424265625 0.80866239375 0.5809850328125 0.7625208265625
25 0.5712315609374999 0.810299425 0.508113953125 0.8259785265625 0.50642573125 0.8701085656249999 0.5678862671875 0.8505858703125 0.5712315609374999 0.810299425
25 0.6385939234375 0.704875796875 0.5864904453124999 0.7142576859374999 0.5822873953125 0.7636794515625 0.637219425 0.751755909375 0.6385939234375 0.704875796875
25 0.6316922875000001 0.7547537046875 0.5784995312500001 0.764147771875 0.5748045640624999 0.8094315468750001 0.6294627890625 0.7946741390625001 0.6316922875000001 0.7547537046875
25 0.62584854375 0.7960157578125 0.570347815625 0.8102844484375 0.5685552453125 0.8502013078124999 0.6226574015625 0.8349089062499999 0.62584854375 0.7960157578125
25 0.6909739375 0.6961479625 0.6399152531250001 0.7044826234375 0.6367762625 0.7503013640625 0.688645859375 0.7380018015625 0.6909739375 0.6961479625
25 0.6833163828125 0.7395195078125 0.6314811734375 0.752918190625 0.6270693359374999 0.793913540625 0.6797771765625 0.7798500765624999 0.6833163828125 0.7395195078125
25 0.6774021125 0.7813559531250001 0.623724634375 0.7958364062500001 0.62137599375 0.8352182687499999 0.6702960640625 0.82162313125 0.6774021125 0.7813559531250001
31 0.7375124625 0.6893969515625 0.6899952671875 0.6966304140624999 0.688033334375 0.7379265921875 0.7325445515625 0.7298573328125 0.7375124625 0.6893969515625
31 0.7327035093750001 0.7298411437500001 0.6841325640625 0.7393144796875 0.6771014531249999 0.7813883640625 0.725964978125 0.7682529921875 0.7327035093750001 0.7298411437500001
31 0.7256101640625 0.7686175671875 0.676658290625 0.779933828125 0.6702960640625 0.82162313125 0.7207233578125 0.805879528125 0.7256101640625 0.7686175671875
17 0.7729709203125 0.7184599687500001 0.7309893421875 0.7273328328125 0.7240710453125 0.76848715625 0.7684214609375 0.7566644874999999 0.7729709203125 0.7184599687500001
17 0.76552494375 0.7601083453124999 0.723901684375 0.76986649375 0.7176044703125 0.805963278125 0.7612858609375001 0.7945251718749999 0.76552494375 0.7601083453124999
7 0.8187195062500001 0.6751010171875 0.7747499999999999 0.679805140625 0.772844521875 0.7206415390625 0.813793734375 0.7112015078125 0.8187195062500001 0.6751010171875
7 0.8141353015625 0.712436375 0.7726751625 0.7220208671874999 0.768102425 0.7592628203125 0.8062150203125 0.7476076546875 0.8141353015625 0.712436375
7 0.8057218265625 0.7493015609375 0.7637585375 0.7591961609375 0.7608624328125 0.7929102953125 0.8000306203124999 0.7827848625 0.8057218265625 0.7493015609375
34 0.66164928125 0.5857930015624999 0.670740984375 0.5253009859375 0.6453761296875 0.523450740625 0.6372297687499999 0.585418328125 0.66164928125 0.5857930015624999
34 0.6942895515624999 0.52516683125 0.670447453125 0.5228963453125 0.664419934375 0.5851240953125 0.6897805484374999 0.5844034031249999 0.6942895515624999 0.52516683125
33 0.71521488125 0.5272318796875 0.6974874859375 0.5260146265625 0.6907460203125 0.5831092140624999 0.7071953468750001 0.5827071046875 0.71521488125 0.5272318796875
42 0.8080539328125 0.5267809906250001 0.794855640625 0.5256589171875 0.7846990734375 0.579912334375 0.800137803125 0.5789825046875 0.8080539328125 0.5267809906250001
38 0.776073378125 0.5271404765625001 0.7606570390625 0.5261017156250001 0.7555327984375 0.5809730328125 0.769333575 0.580245721875 0.776073378125 0.5271404765625001
39 0.760324934375 0.5267195874999999 0.7485674953125 0.526030046875 0.7414183609375 0.5820654796875 0.7560137046875 0.5814357140624999 0.760324934375 0.5267195874999999
37 0.73953994375 0.58203665625 0.7468032609375 0.5273285 0.7312991484375 0.5265334187499999 0.7257391656250001 0.5827639671875 0.73953994375 0.58203665625