11 0.35078125 0.20234375 0.1078125 0.1390625
10 0.43828125 0.21171875 0.078125 0.1265625
9 0.5171875 0.2203125 0.0828125 0.1265625
8 0.58671875 0.23125 0.065625 0.1171875
20 0.6578125 0.23359375 0.075 0.1171875
20 0.72421875 0.2375 0.0671875 0.11875
13 0.790625 0.240625 0.0734375 0.1234375
13 0.8546875 0.25 0.0625 0.1109375
3 0.4 0.3625 0.0609375 0.084375
3 0.45546875 0.36328125 0.0578125 0.0828125
2 0.33984375 0.35859375 0.0640625 0.084375
14 0.5203125 0.35390625 0.06875 0.10625
14 0.5890625 0.35625 0.0734375 0.1046875
14 0.6625 0.36015625 0.071875 0.10625
13 0.72890625 0.3609375 0.0671875 0.1046875
13 0.79296875 0.3640625 0.06875 0.1015625
13 0.8578125 0.365625 0.0625 0.0984375
1 0.57109375 0.48671875 0.0828125 0.0578125
28 0.63828125 0.47890625 0.05625 0.0703125
29 0.70234375 0.48515625 0.0765625 0.05625
4 0.77265625 0.478125 0.05 0.065625
5 0.83828125 0.484375 0.075 0.0546875
15 0.50859375 0.57578125 0.0671875 0.0859375
23 0.57421875 0.57421875 0.065625 0.0765625
24 0.49609375 0.6625 0.05625 0.065625
24 0.54921875 0.65703125 0.0546875 0.0609375
24 0.6015625 0.65703125 0.05 0.0609375
30 0.68828125 0.65 0.053125 0.0625
26 0.64296875 0.6578125 0.0375 0.0515625
12 0.74296875 0.646875 0.0515625 0.059375
16 0.78984375 0.64296875 0.046875 0.0578125
6 0.8421875 0.64140625 0.0515625 0.0625
27 0.3068975765625 0.9347934312499999 0.40411546875 0.9196430859375001 0.4041822984375 0.8643851343750001 0.312548975 0.876583865625 0.3068975765625 0.9347934312499999
25 0.4986527640625 0.9037720703125001 0.498637278125 0.8532299265625 0.412700646875 0.8623363156250001 0.412168953125 0.9211315000000001 0.4986527640625 0.9037720703125001
25 0.49594492187499994 0.8531829312499999 0.49964857343749997 0.7952928828125 0.4080447171875 0.807532909375 0.40779553437500005 0.863100440625 0.49594492187499994 0.8531829312499999
25 0.5805360015625001 0.7899658640625 0.5824095171875 0.734065565625 0.500115209375 0.741789678125 0.49869227812499994 0.79864565 0.5805360015625001 0.7899658640625
25 0.5823581765625 0.8398656593749999 0.583251878125 0.78866550625 0.50249743125 0.7982371578125 0.49778681718750006 0.8505195046875 0.5823581765625 0.8398656593749999
25 0.5814644734375001 0.8910658140625 0.5814608156250001 0.8398499968750001 0.5015866140624999 0.8504177625 0.5004476234374999 0.9038033999999999 0.5814644734375001 0.8910658140625
25 0.66328905 0.7806280671875 0.6642297890625 0.72673315625 0.586683396875 0.7340400625 0.58324011875 0.78933918125 0.66328905 0.7806280671875
25 0.6624306265625 0.829807165625 0.663300809375 0.7799543921875001 0.5868359812499999 0.7896067437500001 0.583196878125 0.84324975625 0.6624306265625 0.829807165625
25 0.659812484375 0.8769338812499999 0.6624306265625 0.829807165625 0.582558675 0.841728584375 0.582338453125 0.8924288578124999 0.659812484375 0.8769338812499999
31 0.7398341 0.8183543234374999 0.745167984375 0.769927225 0.6723701484375 0.7767878031250001 0.6669413625 0.8285381140625001 0.7398341 0.8183543234374999
31 0.7335558203125 0.8694604890625 0.737980446875 0.821691425 0.6647116625 0.82969250625 0.662481321875 0.8783282531250001 0.7335558203125 0.8694604890625
31 0.7309265640625 0.7629397234375 0.7344184125 0.7171760609375 0.664347728125 0.7219256328125 0.662567940625 0.7705071046875 0.7309265640625 0.7629397234375
17 0.803725228125 0.75814539375 0.8099448499999999 0.71040765 0.7396795890625001 0.714821765625 0.731788646875 0.764976440625 0.803725228125 0.75814539375
17 0.814439521875 0.8129176499999999 0.8206473843750001 0.7658535953125 0.7499316453125 0.770564734375 0.7406728015625 0.8217384203125 0.814439521875 0.8129176499999999
17 0.8082434203125001 0.859308003125 0.8126446625 0.8128863203125001 0.7400582124999999 0.821747015625 0.7353741984375 0.8681444390624999 0.8082434203125001 0.859308003125
7 0.8837425421875 0.8026711765625001 0.8890646656250001 0.754917753125 0.8208042359375 0.7616992703125 0.816293178125 0.8095805468749999 0.8837425421875 0.8026711765625001
7 0.8739567234375001 0.8489988703125 0.8792318078125 0.803940228125 0.8109748734375 0.8103566843750001 0.8083257343750001 0.85459219375 0.8739567234375001 0.8489988703125
36 0.6457627234375 0.607805290625 0.6475680765625 0.5397316437499999 0.6091925625 0.5384856078125 0.6087108437500001 0.609011775 0.6457627234375 0.607805290625
34 0.6834396203125 0.606146440625 0.684027271875 0.5371249359375 0.6477770328125 0.5385803109375 0.648230653125 0.60784836875 0.6834396203125 0.606146440625
33 0.7124786640624999 0.604336815625 0.7142436890625 0.5385789703125 0.689508053125 0.535257184375 0.686516496875 0.606663459375 0.7124786640624999 0.604336815625
35 0.739025521875 0.60387360625 0.739580834375 0.5367047296874999 0.7134241625 0.5356746421875 0.714313490625 0.6052954484375 0.739025521875 0.60387360625
37 0.7637456375 0.6019885953124999 0.7637000890625 0.5338826234375 0.739674934375 0.53497526875 0.73966680625 0.6024948859375 0.7637456375 0.6019885953124999
39 0.7902924953125 0.60152536875 0.7877870046875 0.532913165625 0.76438273125 0.5342489609375 0.7655804625 0.602947209375 0.7902924953125 0.60152536875
41 0.8378817312500001 0.5977230359375 0.8359366796875 0.53236370625 0.8145698124999999 0.5328098109375 0.8150449484375001 0.5977877125 0.8378817312500001 0.5977230359375
18 0.8133394718750001 0.5894185734375 0.8130675593750001 0.5342810250000001 0.791384790625 0.5347202828125 0.7904784375 0.5908727046875 0.8133394718750001 0.5894185734375
18 0.85844460625 0.5864994515624999 0.859390490625 0.5323097999999999 0.839277609375 0.5320835046875 0.838684703125 0.5870811453125 0.85844460625 0.5864994515624999