19 0.49140625 0.215625 0.1421875 0.1828125
14 0.5984375 0.1984375 0.1375 0.1796875
13 0.70390625 0.17734375 0.146875 0.1859375
5 0.8125 0.50859375 0.1359375 0.096875
29 0.6953125 0.5328125 0.1265625 0.0953125
7 0.5765625 0.5546875 0.1296875 0.0953125
31 0.575 0.675 0.125 0.0890625
24 0.6703125 0.65703125 0.0921875 0.0953125
23 0.75078125 0.6296875 0.1078125 0.10625
27 0.6359375 0.84375 0.11875 0.0796875
27 0.62421875 0.78203125 0.1234375 0.090625
25 0.74375 0.8234375 0.11875 0.08125
25 0.73828125 0.76171875 0.121875 0.0875
25 0.8515625 0.73828125 0.125 0.0859375
25 0.85234375 0.8015625 0.1171875 0.071875
39 0.49609375 0.4234375 0.0640625 0.10625
38 0.53984375 0.41484375 0.0640625 0.1078125
40 0.584375 0.40625 0.0640625 0.109375
41 0.6518949390625 0.44343460312499994 0.6402120906250001 0.345091525 0.6010769203125 0.35018328125 0.613123796875 0.45097095 0.6518949390625 0.44343460312499994
42 0.6938970078125 0.435270228125 0.68453010625 0.33584813750000003 0.646545484375 0.34260276093750003 0.654318134375 0.44296358125 0.6938970078125 0.435270228125
35 0.7375145453124999 0.4267918375 0.730699534375 0.327502546875 0.689473071875 0.33488732187500003 0.6956302562500001 0.43556215624999994 0.7375145453124999 0.4267918375
33 0.7789444484375 0.41999635468749996 0.774781984375 0.317047275 0.732165090625 0.325959996875 0.7392477921875 0.42708376562500006 0.7789444484375 0.41999635468749996
37 0.8208287359374999 0.4112260375 0.8213047625 0.3105195125 0.78062901875 0.3165395625 0.78044213125 0.4190763984375 0.8208287359374999 0.4112260375
32 0.8644462718750001 0.402747646875 0.8671208406250001 0.30035609375 0.8273596984375 0.306827203125 0.824059665625 0.41059800781250005 0.8644462718750001 0.402747646875